Código Indicador,Código Provincia,Provincia,Código Cantón,Cantón,País,Dimensión,Subcategoría,Indicador,Área,Sexo,Dato Numérico,Población,Dato Cualitativo,Año,Mes,Fuente,Unidad de medida,Grupo,ODS
4006,00,Total Nacional,0000,Total Nacional,Ecuador,Seguridad interna,Seguridad ciudadana,Denuncias de violaciones,Total,Total,383,No Aplica,"Es el acceso carnal, con introducción total o parcial del miembro viril, por vía oral, anal o vaginal; o la introducción, por vía vaginal o anal, de objetos, dedos u órganos distintos al miembro viril, a una persona de cualquier sexo.",2022,12,Fiscalía General del Estado - INEC,Denuncias,Paz,ODS 16
4006,01,Azuay,0000,Total Nacional,Ecuador,Seguridad interna,Seguridad ciudadana,Denuncias de violaciones,Total,Total,15,No Aplica,"Es el acceso carnal, con introducción total o parcial del miembro viril, por vía oral, anal o vaginal; o la introducción, por vía vaginal o anal, de objetos, dedos u órganos distintos al miembro viril, a una persona de cualquier sexo.",2022,12,Fiscalía General del Estado - INEC,Denuncias,Paz,ODS 16
4006,02,Bolívar,0000,Total Nacional,Ecuador,Seguridad interna,Seguridad ciudadana,Denuncias de violaciones,Total,Total,9,No Aplica,"Es el acceso carnal, con introducción total o parcial del miembro viril, por vía oral, anal o vaginal; o la introducción, por vía vaginal o anal, de objetos, dedos u órganos distintos al miembro viril, a una persona de cualquier sexo.",2022,12,Fiscalía General del Estado - INEC,Denuncias,Paz,ODS 16
4006,03,Cañar,0000,Total Nacional,Ecuador,Seguridad interna,Seguridad ciudadana,Denuncias de violaciones,Total,Total,5,No Aplica,"Es el acceso carnal, con introducción total o parcial del miembro viril, por vía oral, anal o vaginal; o la introducción, por vía vaginal o anal, de objetos, dedos u órganos distintos al miembro viril, a una persona de cualquier sexo.",2022,12,Fiscalía General del Estado - INEC,Denuncias,Paz,ODS 16
4006,04,Carchi,0000,Total Nacional,Ecuador,Seguridad interna,Seguridad ciudadana,Denuncias de violaciones,Total,Total,3,No Aplica,"Es el acceso carnal, con introducción total o parcial del miembro viril, por vía oral, anal o vaginal; o la introducción, por vía vaginal o anal, de objetos, dedos u órganos distintos al miembro viril, a una persona de cualquier sexo.",2022,12,Fiscalía General del Estado - INEC,Denuncias,Paz,ODS 16
4006,05,Cotopaxi,0000,Total Nacional,Ecuador,Seguridad interna,Seguridad ciudadana,Denuncias de violaciones,Total,Total,3,No Aplica,"Es el acceso carnal, con introducción total o parcial del miembro viril, por vía oral, anal o vaginal; o la introducción, por vía vaginal o anal, de objetos, dedos u órganos distintos al miembro viril, a una persona de cualquier sexo.",2022,12,Fiscalía General del Estado - INEC,Denuncias,Paz,ODS 16
4006,06,Chimborazo,0000,Total Nacional,Ecuador,Seguridad interna,Seguridad ciudadana,Denuncias de violaciones,Total,Total,7,No Aplica,"Es el acceso carnal, con introducción total o parcial del miembro viril, por vía oral, anal o vaginal; o la introducción, por vía vaginal o anal, de objetos, dedos u órganos distintos al miembro viril, a una persona de cualquier sexo.",2022,12,Fiscalía General del Estado - INEC,Denuncias,Paz,ODS 16
4006,07,El Oro,0000,Total Nacional,Ecuador,Seguridad interna,Seguridad ciudadana,Denuncias de violaciones,Total,Total,24,No Aplica,"Es el acceso carnal, con introducción total o parcial del miembro viril, por vía oral, anal o vaginal; o la introducción, por vía vaginal o anal, de objetos, dedos u órganos distintos al miembro viril, a una persona de cualquier sexo.",2022,12,Fiscalía General del Estado - INEC,Denuncias,Paz,ODS 16
4006,08,Esmeraldas,0000,Total Nacional,Ecuador,Seguridad interna,Seguridad ciudadana,Denuncias de violaciones,Total,Total,14,No Aplica,"Es el acceso carnal, con introducción total o parcial del miembro viril, por vía oral, anal o vaginal; o la introducción, por vía vaginal o anal, de objetos, dedos u órganos distintos al miembro viril, a una persona de cualquier sexo.",2022,12,Fiscalía General del Estado - INEC,Denuncias,Paz,ODS 16
4006,09,Guayas,0000,Total Nacional,Ecuador,Seguridad interna,Seguridad ciudadana,Denuncias de violaciones,Total,Total,69,No Aplica,"Es el acceso carnal, con introducción total o parcial del miembro viril, por vía oral, anal o vaginal; o la introducción, por vía vaginal o anal, de objetos, dedos u órganos distintos al miembro viril, a una persona de cualquier sexo.",2022,12,Fiscalía General del Estado - INEC,Denuncias,Paz,ODS 16
4006,10,Imbabura,0000,Total Nacional,Ecuador,Seguridad interna,Seguridad ciudadana,Denuncias de violaciones,Total,Total,13,No Aplica,"Es el acceso carnal, con introducción total o parcial del miembro viril, por vía oral, anal o vaginal; o la introducción, por vía vaginal o anal, de objetos, dedos u órganos distintos al miembro viril, a una persona de cualquier sexo.",2022,12,Fiscalía General del Estado - INEC,Denuncias,Paz,ODS 16
4006,11,Loja,0000,Total Nacional,Ecuador,Seguridad interna,Seguridad ciudadana,Denuncias de violaciones,Total,Total,18,No Aplica,"Es el acceso carnal, con introducción total o parcial del miembro viril, por vía oral, anal o vaginal; o la introducción, por vía vaginal o anal, de objetos, dedos u órganos distintos al miembro viril, a una persona de cualquier sexo.",2022,12,Fiscalía General del Estado - INEC,Denuncias,Paz,ODS 16
4006,12,Los Ríos,0000,Total Nacional,Ecuador,Seguridad interna,Seguridad ciudadana,Denuncias de violaciones,Total,Total,9,No Aplica,"Es el acceso carnal, con introducción total o parcial del miembro viril, por vía oral, anal o vaginal; o la introducción, por vía vaginal o anal, de objetos, dedos u órganos distintos al miembro viril, a una persona de cualquier sexo.",2022,12,Fiscalía General del Estado - INEC,Denuncias,Paz,ODS 16
4006,13,Manabí,0000,Total Nacional,Ecuador,Seguridad interna,Seguridad ciudadana,Denuncias de violaciones,Total,Total,37,No Aplica,"Es el acceso carnal, con introducción total o parcial del miembro viril, por vía oral, anal o vaginal; o la introducción, por vía vaginal o anal, de objetos, dedos u órganos distintos al miembro viril, a una persona de cualquier sexo.",2022,12,Fiscalía General del Estado - INEC,Denuncias,Paz,ODS 16
4006,14,Morona Santiago,0000,Total Nacional,Ecuador,Seguridad interna,Seguridad ciudadana,Denuncias de violaciones,Total,Total,20,No Aplica,"Es el acceso carnal, con introducción total o parcial del miembro viril, por vía oral, anal o vaginal; o la introducción, por vía vaginal o anal, de objetos, dedos u órganos distintos al miembro viril, a una persona de cualquier sexo.",2022,12,Fiscalía General del Estado - INEC,Denuncias,Paz,ODS 16
4006,15,Napo,0000,Total Nacional,Ecuador,Seguridad interna,Seguridad ciudadana,Denuncias de violaciones,Total,Total,10,No Aplica,"Es el acceso carnal, con introducción total o parcial del miembro viril, por vía oral, anal o vaginal; o la introducción, por vía vaginal o anal, de objetos, dedos u órganos distintos al miembro viril, a una persona de cualquier sexo.",2022,12,Fiscalía General del Estado - INEC,Denuncias,Paz,ODS 16
4006,16,Pastaza,0000,Total Nacional,Ecuador,Seguridad interna,Seguridad ciudadana,Denuncias de violaciones,Total,Total,2,No Aplica,"Es el acceso carnal, con introducción total o parcial del miembro viril, por vía oral, anal o vaginal; o la introducción, por vía vaginal o anal, de objetos, dedos u órganos distintos al miembro viril, a una persona de cualquier sexo.",2022,12,Fiscalía General del Estado - INEC,Denuncias,Paz,ODS 16
4006,17,Pichincha,0000,Total Nacional,Ecuador,Seguridad interna,Seguridad ciudadana,Denuncias de violaciones,Total,Total,74,No Aplica,"Es el acceso carnal, con introducción total o parcial del miembro viril, por vía oral, anal o vaginal; o la introducción, por vía vaginal o anal, de objetos, dedos u órganos distintos al miembro viril, a una persona de cualquier sexo.",2022,12,Fiscalía General del Estado - INEC,Denuncias,Paz,ODS 16
4006,18,Tungurahua,0000,Total Nacional,Ecuador,Seguridad interna,Seguridad ciudadana,Denuncias de violaciones,Total,Total,3,No Aplica,"Es el acceso carnal, con introducción total o parcial del miembro viril, por vía oral, anal o vaginal; o la introducción, por vía vaginal o anal, de objetos, dedos u órganos distintos al miembro viril, a una persona de cualquier sexo.",2022,12,Fiscalía General del Estado - INEC,Denuncias,Paz,ODS 16
4006,19,Zamora Chinchipe,0000,Total Nacional,Ecuador,Seguridad interna,Seguridad ciudadana,Denuncias de violaciones,Total,Total,3,No Aplica,"Es el acceso carnal, con introducción total o parcial del miembro viril, por vía oral, anal o vaginal; o la introducción, por vía vaginal o anal, de objetos, dedos u órganos distintos al miembro viril, a una persona de cualquier sexo.",2022,12,Fiscalía General del Estado - INEC,Denuncias,Paz,ODS 16
4006,20,Galápagos,0000,Total Nacional,Ecuador,Seguridad interna,Seguridad ciudadana,Denuncias de violaciones,Total,Total,1,No Aplica,"Es el acceso carnal, con introducción total o parcial del miembro viril, por vía oral, anal o vaginal; o la introducción, por vía vaginal o anal, de objetos, dedos u órganos distintos al miembro viril, a una persona de cualquier sexo.",2022,12,Fiscalía General del Estado - INEC,Denuncias,Paz,ODS 16
4006,21,Sucumbios,0000,Total Nacional,Ecuador,Seguridad interna,Seguridad ciudadana,Denuncias de violaciones,Total,Total,13,No Aplica,"Es el acceso carnal, con introducción total o parcial del miembro viril, por vía oral, anal o vaginal; o la introducción, por vía vaginal o anal, de objetos, dedos u órganos distintos al miembro viril, a una persona de cualquier sexo.",2022,12,Fiscalía General del Estado - INEC,Denuncias,Paz,ODS 16
4006,22,Orellana,0000,Total Nacional,Ecuador,Seguridad interna,Seguridad ciudadana,Denuncias de violaciones,Total,Total,9,No Aplica,"Es el acceso carnal, con introducción total o parcial del miembro viril, por vía oral, anal o vaginal; o la introducción, por vía vaginal o anal, de objetos, dedos u órganos distintos al miembro viril, a una persona de cualquier sexo.",2022,12,Fiscalía General del Estado - INEC,Denuncias,Paz,ODS 16
4006,23,Santo Domingo de los Tsáchilas,0000,Total Nacional,Ecuador,Seguridad interna,Seguridad ciudadana,Denuncias de violaciones,Total,Total,16,No Aplica,"Es el acceso carnal, con introducción total o parcial del miembro viril, por vía oral, anal o vaginal; o la introducción, por vía vaginal o anal, de objetos, dedos u órganos distintos al miembro viril, a una persona de cualquier sexo.",2022,12,Fiscalía General del Estado - INEC,Denuncias,Paz,ODS 16
4006,24,Santa Elena,0000,Total Nacional,Ecuador,Seguridad interna,Seguridad ciudadana,Denuncias de violaciones,Total,Total,6,No Aplica,"Es el acceso carnal, con introducción total o parcial del miembro viril, por vía oral, anal o vaginal; o la introducción, por vía vaginal o anal, de objetos, dedos u órganos distintos al miembro viril, a una persona de cualquier sexo.",2022,12,Fiscalía General del Estado - INEC,Denuncias,Paz,ODS 16
4006,00,Total Nacional,0000,Total Nacional,Ecuador,Seguridad interna,Seguridad ciudadana,Denuncias de violaciones,Total,Total,424,No Aplica,"Es el acceso carnal, con introducción total o parcial del miembro viril, por vía oral, anal o vaginal; o la introducción, por vía vaginal o anal, de objetos, dedos u órganos distintos al miembro viril, a una persona de cualquier sexo.",2022,11,Fiscalía General del Estado - INEC,Denuncias,Paz,ODS 16
4006,01,Azuay,0000,Total Nacional,Ecuador,Seguridad interna,Seguridad ciudadana,Denuncias de violaciones,Total,Total,24,No Aplica,"Es el acceso carnal, con introducción total o parcial del miembro viril, por vía oral, anal o vaginal; o la introducción, por vía vaginal o anal, de objetos, dedos u órganos distintos al miembro viril, a una persona de cualquier sexo.",2022,11,Fiscalía General del Estado - INEC,Denuncias,Paz,ODS 16
4006,02,Bolívar,0000,Total Nacional,Ecuador,Seguridad interna,Seguridad ciudadana,Denuncias de violaciones,Total,Total,4,No Aplica,"Es el acceso carnal, con introducción total o parcial del miembro viril, por vía oral, anal o vaginal; o la introducción, por vía vaginal o anal, de objetos, dedos u órganos distintos al miembro viril, a una persona de cualquier sexo.",2022,11,Fiscalía General del Estado - INEC,Denuncias,Paz,ODS 16
4006,03,Cañar,0000,Total Nacional,Ecuador,Seguridad interna,Seguridad ciudadana,Denuncias de violaciones,Total,Total,9,No Aplica,"Es el acceso carnal, con introducción total o parcial del miembro viril, por vía oral, anal o vaginal; o la introducción, por vía vaginal o anal, de objetos, dedos u órganos distintos al miembro viril, a una persona de cualquier sexo.",2022,11,Fiscalía General del Estado - INEC,Denuncias,Paz,ODS 16
4006,04,Carchi,0000,Total Nacional,Ecuador,Seguridad interna,Seguridad ciudadana,Denuncias de violaciones,Total,Total,4,No Aplica,"Es el acceso carnal, con introducción total o parcial del miembro viril, por vía oral, anal o vaginal; o la introducción, por vía vaginal o anal, de objetos, dedos u órganos distintos al miembro viril, a una persona de cualquier sexo.",2022,11,Fiscalía General del Estado - INEC,Denuncias,Paz,ODS 16
4006,05,Cotopaxi,0000,Total Nacional,Ecuador,Seguridad interna,Seguridad ciudadana,Denuncias de violaciones,Total,Total,8,No Aplica,"Es el acceso carnal, con introducción total o parcial del miembro viril, por vía oral, anal o vaginal; o la introducción, por vía vaginal o anal, de objetos, dedos u órganos distintos al miembro viril, a una persona de cualquier sexo.",2022,11,Fiscalía General del Estado - INEC,Denuncias,Paz,ODS 16
4006,06,Chimborazo,0000,Total Nacional,Ecuador,Seguridad interna,Seguridad ciudadana,Denuncias de violaciones,Total,Total,16,No Aplica,"Es el acceso carnal, con introducción total o parcial del miembro viril, por vía oral, anal o vaginal; o la introducción, por vía vaginal o anal, de objetos, dedos u órganos distintos al miembro viril, a una persona de cualquier sexo.",2022,11,Fiscalía General del Estado - INEC,Denuncias,Paz,ODS 16
4006,07,El Oro,0000,Total Nacional,Ecuador,Seguridad interna,Seguridad ciudadana,Denuncias de violaciones,Total,Total,28,No Aplica,"Es el acceso carnal, con introducción total o parcial del miembro viril, por vía oral, anal o vaginal; o la introducción, por vía vaginal o anal, de objetos, dedos u órganos distintos al miembro viril, a una persona de cualquier sexo.",2022,11,Fiscalía General del Estado - INEC,Denuncias,Paz,ODS 16
4006,08,Esmeraldas,0000,Total Nacional,Ecuador,Seguridad interna,Seguridad ciudadana,Denuncias de violaciones,Total,Total,9,No Aplica,"Es el acceso carnal, con introducción total o parcial del miembro viril, por vía oral, anal o vaginal; o la introducción, por vía vaginal o anal, de objetos, dedos u órganos distintos al miembro viril, a una persona de cualquier sexo.",2022,11,Fiscalía General del Estado - INEC,Denuncias,Paz,ODS 16
4006,09,Guayas,0000,Total Nacional,Ecuador,Seguridad interna,Seguridad ciudadana,Denuncias de violaciones,Total,Total,64,No Aplica,"Es el acceso carnal, con introducción total o parcial del miembro viril, por vía oral, anal o vaginal; o la introducción, por vía vaginal o anal, de objetos, dedos u órganos distintos al miembro viril, a una persona de cualquier sexo.",2022,11,Fiscalía General del Estado - INEC,Denuncias,Paz,ODS 16
4006,10,Imbabura,0000,Total Nacional,Ecuador,Seguridad interna,Seguridad ciudadana,Denuncias de violaciones,Total,Total,14,No Aplica,"Es el acceso carnal, con introducción total o parcial del miembro viril, por vía oral, anal o vaginal; o la introducción, por vía vaginal o anal, de objetos, dedos u órganos distintos al miembro viril, a una persona de cualquier sexo.",2022,11,Fiscalía General del Estado - INEC,Denuncias,Paz,ODS 16
4006,11,Loja,0000,Total Nacional,Ecuador,Seguridad interna,Seguridad ciudadana,Denuncias de violaciones,Total,Total,6,No Aplica,"Es el acceso carnal, con introducción total o parcial del miembro viril, por vía oral, anal o vaginal; o la introducción, por vía vaginal o anal, de objetos, dedos u órganos distintos al miembro viril, a una persona de cualquier sexo.",2022,11,Fiscalía General del Estado - INEC,Denuncias,Paz,ODS 16
4006,12,Los Ríos,0000,Total Nacional,Ecuador,Seguridad interna,Seguridad ciudadana,Denuncias de violaciones,Total,Total,18,No Aplica,"Es el acceso carnal, con introducción total o parcial del miembro viril, por vía oral, anal o vaginal; o la introducción, por vía vaginal o anal, de objetos, dedos u órganos distintos al miembro viril, a una persona de cualquier sexo.",2022,11,Fiscalía General del Estado - INEC,Denuncias,Paz,ODS 16
4006,13,Manabí,0000,Total Nacional,Ecuador,Seguridad interna,Seguridad ciudadana,Denuncias de violaciones,Total,Total,29,No Aplica,"Es el acceso carnal, con introducción total o parcial del miembro viril, por vía oral, anal o vaginal; o la introducción, por vía vaginal o anal, de objetos, dedos u órganos distintos al miembro viril, a una persona de cualquier sexo.",2022,11,Fiscalía General del Estado - INEC,Denuncias,Paz,ODS 16
4006,14,Morona Santiago,0000,Total Nacional,Ecuador,Seguridad interna,Seguridad ciudadana,Denuncias de violaciones,Total,Total,14,No Aplica,"Es el acceso carnal, con introducción total o parcial del miembro viril, por vía oral, anal o vaginal; o la introducción, por vía vaginal o anal, de objetos, dedos u órganos distintos al miembro viril, a una persona de cualquier sexo.",2022,11,Fiscalía General del Estado - INEC,Denuncias,Paz,ODS 16
4006,15,Napo,0000,Total Nacional,Ecuador,Seguridad interna,Seguridad ciudadana,Denuncias de violaciones,Total,Total,8,No Aplica,"Es el acceso carnal, con introducción total o parcial del miembro viril, por vía oral, anal o vaginal; o la introducción, por vía vaginal o anal, de objetos, dedos u órganos distintos al miembro viril, a una persona de cualquier sexo.",2022,11,Fiscalía General del Estado - INEC,Denuncias,Paz,ODS 16
4006,16,Pastaza,0000,Total Nacional,Ecuador,Seguridad interna,Seguridad ciudadana,Denuncias de violaciones,Total,Total,12,No Aplica,"Es el acceso carnal, con introducción total o parcial del miembro viril, por vía oral, anal o vaginal; o la introducción, por vía vaginal o anal, de objetos, dedos u órganos distintos al miembro viril, a una persona de cualquier sexo.",2022,11,Fiscalía General del Estado - INEC,Denuncias,Paz,ODS 16
4006,17,Pichincha,0000,Total Nacional,Ecuador,Seguridad interna,Seguridad ciudadana,Denuncias de violaciones,Total,Total,105,No Aplica,"Es el acceso carnal, con introducción total o parcial del miembro viril, por vía oral, anal o vaginal; o la introducción, por vía vaginal o anal, de objetos, dedos u órganos distintos al miembro viril, a una persona de cualquier sexo.",2022,11,Fiscalía General del Estado - INEC,Denuncias,Paz,ODS 16
4006,18,Tungurahua,0000,Total Nacional,Ecuador,Seguridad interna,Seguridad ciudadana,Denuncias de violaciones,Total,Total,1,No Aplica,"Es el acceso carnal, con introducción total o parcial del miembro viril, por vía oral, anal o vaginal; o la introducción, por vía vaginal o anal, de objetos, dedos u órganos distintos al miembro viril, a una persona de cualquier sexo.",2022,11,Fiscalía General del Estado - INEC,Denuncias,Paz,ODS 16
4006,19,Zamora Chinchipe,0000,Total Nacional,Ecuador,Seguridad interna,Seguridad ciudadana,Denuncias de violaciones,Total,Total,5,No Aplica,"Es el acceso carnal, con introducción total o parcial del miembro viril, por vía oral, anal o vaginal; o la introducción, por vía vaginal o anal, de objetos, dedos u órganos distintos al miembro viril, a una persona de cualquier sexo.",2022,11,Fiscalía General del Estado - INEC,Denuncias,Paz,ODS 16
4006,20,Galápagos,0000,Total Nacional,Ecuador,Seguridad interna,Seguridad ciudadana,Denuncias de violaciones,Total,Total,1,No Aplica,"Es el acceso carnal, con introducción total o parcial del miembro viril, por vía oral, anal o vaginal; o la introducción, por vía vaginal o anal, de objetos, dedos u órganos distintos al miembro viril, a una persona de cualquier sexo.",2022,11,Fiscalía General del Estado - INEC,Denuncias,Paz,ODS 16
4006,21,Sucumbios,0000,Total Nacional,Ecuador,Seguridad interna,Seguridad ciudadana,Denuncias de violaciones,Total,Total,15,No Aplica,"Es el acceso carnal, con introducción total o parcial del miembro viril, por vía oral, anal o vaginal; o la introducción, por vía vaginal o anal, de objetos, dedos u órganos distintos al miembro viril, a una persona de cualquier sexo.",2022,11,Fiscalía General del Estado - INEC,Denuncias,Paz,ODS 16
4006,22,Orellana,0000,Total Nacional,Ecuador,Seguridad interna,Seguridad ciudadana,Denuncias de violaciones,Total,Total,11,No Aplica,"Es el acceso carnal, con introducción total o parcial del miembro viril, por vía oral, anal o vaginal; o la introducción, por vía vaginal o anal, de objetos, dedos u órganos distintos al miembro viril, a una persona de cualquier sexo.",2022,11,Fiscalía General del Estado - INEC,Denuncias,Paz,ODS 16
4006,23,Santo Domingo de los Tsáchilas,0000,Total Nacional,Ecuador,Seguridad interna,Seguridad ciudadana,Denuncias de violaciones,Total,Total,13,No Aplica,"Es el acceso carnal, con introducción total o parcial del miembro viril, por vía oral, anal o vaginal; o la introducción, por vía vaginal o anal, de objetos, dedos u órganos distintos al miembro viril, a una persona de cualquier sexo.",2022,11,Fiscalía General del Estado - INEC,Denuncias,Paz,ODS 16
4006,24,Santa Elena,0000,Total Nacional,Ecuador,Seguridad interna,Seguridad ciudadana,Denuncias de violaciones,Total,Total,6,No Aplica,"Es el acceso carnal, con introducción total o parcial del miembro viril, por vía oral, anal o vaginal; o la introducción, por vía vaginal o anal, de objetos, dedos u órganos distintos al miembro viril, a una persona de cualquier sexo.",2022,11,Fiscalía General del Estado - INEC,Denuncias,Paz,ODS 16
4006,00,Total Nacional,0000,Total Nacional,Ecuador,Seguridad interna,Seguridad ciudadana,Denuncias de violaciones,Total,Total,467,No Aplica,"Es el acceso carnal, con introducción total o parcial del miembro viril, por vía oral, anal o vaginal; o la introducción, por vía vaginal o anal, de objetos, dedos u órganos distintos al miembro viril, a una persona de cualquier sexo.",2022,10,Fiscalía General del Estado - INEC,Denuncias,Paz,ODS 16
4006,01,Azuay,0000,Total Nacional,Ecuador,Seguridad interna,Seguridad ciudadana,Denuncias de violaciones,Total,Total,22,No Aplica,"Es el acceso carnal, con introducción total o parcial del miembro viril, por vía oral, anal o vaginal; o la introducción, por vía vaginal o anal, de objetos, dedos u órganos distintos al miembro viril, a una persona de cualquier sexo.",2022,10,Fiscalía General del Estado - INEC,Denuncias,Paz,ODS 16
4006,02,Bolívar,0000,Total Nacional,Ecuador,Seguridad interna,Seguridad ciudadana,Denuncias de violaciones,Total,Total,8,No Aplica,"Es el acceso carnal, con introducción total o parcial del miembro viril, por vía oral, anal o vaginal; o la introducción, por vía vaginal o anal, de objetos, dedos u órganos distintos al miembro viril, a una persona de cualquier sexo.",2022,10,Fiscalía General del Estado - INEC,Denuncias,Paz,ODS 16
4006,03,Cañar,0000,Total Nacional,Ecuador,Seguridad interna,Seguridad ciudadana,Denuncias de violaciones,Total,Total,11,No Aplica,"Es el acceso carnal, con introducción total o parcial del miembro viril, por vía oral, anal o vaginal; o la introducción, por vía vaginal o anal, de objetos, dedos u órganos distintos al miembro viril, a una persona de cualquier sexo.",2022,10,Fiscalía General del Estado - INEC,Denuncias,Paz,ODS 16
4006,04,Carchi,0000,Total Nacional,Ecuador,Seguridad interna,Seguridad ciudadana,Denuncias de violaciones,Total,Total,5,No Aplica,"Es el acceso carnal, con introducción total o parcial del miembro viril, por vía oral, anal o vaginal; o la introducción, por vía vaginal o anal, de objetos, dedos u órganos distintos al miembro viril, a una persona de cualquier sexo.",2022,10,Fiscalía General del Estado - INEC,Denuncias,Paz,ODS 16
4006,05,Cotopaxi,0000,Total Nacional,Ecuador,Seguridad interna,Seguridad ciudadana,Denuncias de violaciones,Total,Total,12,No Aplica,"Es el acceso carnal, con introducción total o parcial del miembro viril, por vía oral, anal o vaginal; o la introducción, por vía vaginal o anal, de objetos, dedos u órganos distintos al miembro viril, a una persona de cualquier sexo.",2022,10,Fiscalía General del Estado - INEC,Denuncias,Paz,ODS 16
4006,06,Chimborazo,0000,Total Nacional,Ecuador,Seguridad interna,Seguridad ciudadana,Denuncias de violaciones,Total,Total,10,No Aplica,"Es el acceso carnal, con introducción total o parcial del miembro viril, por vía oral, anal o vaginal; o la introducción, por vía vaginal o anal, de objetos, dedos u órganos distintos al miembro viril, a una persona de cualquier sexo.",2022,10,Fiscalía General del Estado - INEC,Denuncias,Paz,ODS 16
4006,07,El Oro,0000,Total Nacional,Ecuador,Seguridad interna,Seguridad ciudadana,Denuncias de violaciones,Total,Total,32,No Aplica,"Es el acceso carnal, con introducción total o parcial del miembro viril, por vía oral, anal o vaginal; o la introducción, por vía vaginal o anal, de objetos, dedos u órganos distintos al miembro viril, a una persona de cualquier sexo.",2022,10,Fiscalía General del Estado - INEC,Denuncias,Paz,ODS 16
4006,08,Esmeraldas,0000,Total Nacional,Ecuador,Seguridad interna,Seguridad ciudadana,Denuncias de violaciones,Total,Total,11,No Aplica,"Es el acceso carnal, con introducción total o parcial del miembro viril, por vía oral, anal o vaginal; o la introducción, por vía vaginal o anal, de objetos, dedos u órganos distintos al miembro viril, a una persona de cualquier sexo.",2022,10,Fiscalía General del Estado - INEC,Denuncias,Paz,ODS 16
4006,09,Guayas,0000,Total Nacional,Ecuador,Seguridad interna,Seguridad ciudadana,Denuncias de violaciones,Total,Total,67,No Aplica,"Es el acceso carnal, con introducción total o parcial del miembro viril, por vía oral, anal o vaginal; o la introducción, por vía vaginal o anal, de objetos, dedos u órganos distintos al miembro viril, a una persona de cualquier sexo.",2022,10,Fiscalía General del Estado - INEC,Denuncias,Paz,ODS 16
4006,10,Imbabura,0000,Total Nacional,Ecuador,Seguridad interna,Seguridad ciudadana,Denuncias de violaciones,Total,Total,16,No Aplica,"Es el acceso carnal, con introducción total o parcial del miembro viril, por vía oral, anal o vaginal; o la introducción, por vía vaginal o anal, de objetos, dedos u órganos distintos al miembro viril, a una persona de cualquier sexo.",2022,10,Fiscalía General del Estado - INEC,Denuncias,Paz,ODS 16
4006,11,Loja,0000,Total Nacional,Ecuador,Seguridad interna,Seguridad ciudadana,Denuncias de violaciones,Total,Total,16,No Aplica,"Es el acceso carnal, con introducción total o parcial del miembro viril, por vía oral, anal o vaginal; o la introducción, por vía vaginal o anal, de objetos, dedos u órganos distintos al miembro viril, a una persona de cualquier sexo.",2022,10,Fiscalía General del Estado - INEC,Denuncias,Paz,ODS 16
4006,12,Los Ríos,0000,Total Nacional,Ecuador,Seguridad interna,Seguridad ciudadana,Denuncias de violaciones,Total,Total,12,No Aplica,"Es el acceso carnal, con introducción total o parcial del miembro viril, por vía oral, anal o vaginal; o la introducción, por vía vaginal o anal, de objetos, dedos u órganos distintos al miembro viril, a una persona de cualquier sexo.",2022,10,Fiscalía General del Estado - INEC,Denuncias,Paz,ODS 16
4006,13,Manabí,0000,Total Nacional,Ecuador,Seguridad interna,Seguridad ciudadana,Denuncias de violaciones,Total,Total,29,No Aplica,"Es el acceso carnal, con introducción total o parcial del miembro viril, por vía oral, anal o vaginal; o la introducción, por vía vaginal o anal, de objetos, dedos u órganos distintos al miembro viril, a una persona de cualquier sexo.",2022,10,Fiscalía General del Estado - INEC,Denuncias,Paz,ODS 16
4006,14,Morona Santiago,0000,Total Nacional,Ecuador,Seguridad interna,Seguridad ciudadana,Denuncias de violaciones,Total,Total,23,No Aplica,"Es el acceso carnal, con introducción total o parcial del miembro viril, por vía oral, anal o vaginal; o la introducción, por vía vaginal o anal, de objetos, dedos u órganos distintos al miembro viril, a una persona de cualquier sexo.",2022,10,Fiscalía General del Estado - INEC,Denuncias,Paz,ODS 16
4006,15,Napo,0000,Total Nacional,Ecuador,Seguridad interna,Seguridad ciudadana,Denuncias de violaciones,Total,Total,11,No Aplica,"Es el acceso carnal, con introducción total o parcial del miembro viril, por vía oral, anal o vaginal; o la introducción, por vía vaginal o anal, de objetos, dedos u órganos distintos al miembro viril, a una persona de cualquier sexo.",2022,10,Fiscalía General del Estado - INEC,Denuncias,Paz,ODS 16
4006,16,Pastaza,0000,Total Nacional,Ecuador,Seguridad interna,Seguridad ciudadana,Denuncias de violaciones,Total,Total,14,No Aplica,"Es el acceso carnal, con introducción total o parcial del miembro viril, por vía oral, anal o vaginal; o la introducción, por vía vaginal o anal, de objetos, dedos u órganos distintos al miembro viril, a una persona de cualquier sexo.",2022,10,Fiscalía General del Estado - INEC,Denuncias,Paz,ODS 16
4006,17,Pichincha,0000,Total Nacional,Ecuador,Seguridad interna,Seguridad ciudadana,Denuncias de violaciones,Total,Total,102,No Aplica,"Es el acceso carnal, con introducción total o parcial del miembro viril, por vía oral, anal o vaginal; o la introducción, por vía vaginal o anal, de objetos, dedos u órganos distintos al miembro viril, a una persona de cualquier sexo.",2022,10,Fiscalía General del Estado - INEC,Denuncias,Paz,ODS 16
4006,18,Tungurahua,0000,Total Nacional,Ecuador,Seguridad interna,Seguridad ciudadana,Denuncias de violaciones,Total,Total,8,No Aplica,"Es el acceso carnal, con introducción total o parcial del miembro viril, por vía oral, anal o vaginal; o la introducción, por vía vaginal o anal, de objetos, dedos u órganos distintos al miembro viril, a una persona de cualquier sexo.",2022,10,Fiscalía General del Estado - INEC,Denuncias,Paz,ODS 16
4006,19,Zamora Chinchipe,0000,Total Nacional,Ecuador,Seguridad interna,Seguridad ciudadana,Denuncias de violaciones,Total,Total,8,No Aplica,"Es el acceso carnal, con introducción total o parcial del miembro viril, por vía oral, anal o vaginal; o la introducción, por vía vaginal o anal, de objetos, dedos u órganos distintos al miembro viril, a una persona de cualquier sexo.",2022,10,Fiscalía General del Estado - INEC,Denuncias,Paz,ODS 16
4006,20,Galápagos,0000,Total Nacional,Ecuador,Seguridad interna,Seguridad ciudadana,Denuncias de violaciones,Total,Total,0,No Aplica,"Es el acceso carnal, con introducción total o parcial del miembro viril, por vía oral, anal o vaginal; o la introducción, por vía vaginal o anal, de objetos, dedos u órganos distintos al miembro viril, a una persona de cualquier sexo.",2022,10,Fiscalía General del Estado - INEC,Denuncias,Paz,ODS 16
4006,21,Sucumbios,0000,Total Nacional,Ecuador,Seguridad interna,Seguridad ciudadana,Denuncias de violaciones,Total,Total,15,No Aplica,"Es el acceso carnal, con introducción total o parcial del miembro viril, por vía oral, anal o vaginal; o la introducción, por vía vaginal o anal, de objetos, dedos u órganos distintos al miembro viril, a una persona de cualquier sexo.",2022,10,Fiscalía General del Estado - INEC,Denuncias,Paz,ODS 16
4006,22,Orellana,0000,Total Nacional,Ecuador,Seguridad interna,Seguridad ciudadana,Denuncias de violaciones,Total,Total,15,No Aplica,"Es el acceso carnal, con introducción total o parcial del miembro viril, por vía oral, anal o vaginal; o la introducción, por vía vaginal o anal, de objetos, dedos u órganos distintos al miembro viril, a una persona de cualquier sexo.",2022,10,Fiscalía General del Estado - INEC,Denuncias,Paz,ODS 16
4006,23,Santo Domingo de los Tsáchilas,0000,Total Nacional,Ecuador,Seguridad interna,Seguridad ciudadana,Denuncias de violaciones,Total,Total,14,No Aplica,"Es el acceso carnal, con introducción total o parcial del miembro viril, por vía oral, anal o vaginal; o la introducción, por vía vaginal o anal, de objetos, dedos u órganos distintos al miembro viril, a una persona de cualquier sexo.",2022,10,Fiscalía General del Estado - INEC,Denuncias,Paz,ODS 16
4006,24,Santa Elena,0000,Total Nacional,Ecuador,Seguridad interna,Seguridad ciudadana,Denuncias de violaciones,Total,Total,6,No Aplica,"Es el acceso carnal, con introducción total o parcial del miembro viril, por vía oral, anal o vaginal; o la introducción, por vía vaginal o anal, de objetos, dedos u órganos distintos al miembro viril, a una persona de cualquier sexo.",2022,10,Fiscalía General del Estado - INEC,Denuncias,Paz,ODS 16
4006,00,Total Nacional,0000,Total Nacional,Ecuador,Seguridad interna,Seguridad ciudadana,Denuncias de violaciones,Total,Total,583,No Aplica,"Es el acceso carnal, con introducción total o parcial del miembro viril, por vía oral, anal o vaginal; o la introducción, por vía vaginal o anal, de objetos, dedos u órganos distintos al miembro viril, a una persona de cualquier sexo.",2022,9,Fiscalía General del Estado - INEC,Denuncias,Paz,ODS 16
4006,01,Azuay,0000,Total Nacional,Ecuador,Seguridad interna,Seguridad ciudadana,Denuncias de violaciones,Total,Total,22,No Aplica,"Es el acceso carnal, con introducción total o parcial del miembro viril, por vía oral, anal o vaginal; o la introducción, por vía vaginal o anal, de objetos, dedos u órganos distintos al miembro viril, a una persona de cualquier sexo.",2022,9,Fiscalía General del Estado - INEC,Denuncias,Paz,ODS 16
4006,02,Bolívar,0000,Total Nacional,Ecuador,Seguridad interna,Seguridad ciudadana,Denuncias de violaciones,Total,Total,15,No Aplica,"Es el acceso carnal, con introducción total o parcial del miembro viril, por vía oral, anal o vaginal; o la introducción, por vía vaginal o anal, de objetos, dedos u órganos distintos al miembro viril, a una persona de cualquier sexo.",2022,9,Fiscalía General del Estado - INEC,Denuncias,Paz,ODS 16
4006,03,Cañar,0000,Total Nacional,Ecuador,Seguridad interna,Seguridad ciudadana,Denuncias de violaciones,Total,Total,14,No Aplica,"Es el acceso carnal, con introducción total o parcial del miembro viril, por vía oral, anal o vaginal; o la introducción, por vía vaginal o anal, de objetos, dedos u órganos distintos al miembro viril, a una persona de cualquier sexo.",2022,9,Fiscalía General del Estado - INEC,Denuncias,Paz,ODS 16
4006,04,Carchi,0000,Total Nacional,Ecuador,Seguridad interna,Seguridad ciudadana,Denuncias de violaciones,Total,Total,4,No Aplica,"Es el acceso carnal, con introducción total o parcial del miembro viril, por vía oral, anal o vaginal; o la introducción, por vía vaginal o anal, de objetos, dedos u órganos distintos al miembro viril, a una persona de cualquier sexo.",2022,9,Fiscalía General del Estado - INEC,Denuncias,Paz,ODS 16
4006,05,Cotopaxi,0000,Total Nacional,Ecuador,Seguridad interna,Seguridad ciudadana,Denuncias de violaciones,Total,Total,14,No Aplica,"Es el acceso carnal, con introducción total o parcial del miembro viril, por vía oral, anal o vaginal; o la introducción, por vía vaginal o anal, de objetos, dedos u órganos distintos al miembro viril, a una persona de cualquier sexo.",2022,9,Fiscalía General del Estado - INEC,Denuncias,Paz,ODS 16
4006,06,Chimborazo,0000,Total Nacional,Ecuador,Seguridad interna,Seguridad ciudadana,Denuncias de violaciones,Total,Total,9,No Aplica,"Es el acceso carnal, con introducción total o parcial del miembro viril, por vía oral, anal o vaginal; o la introducción, por vía vaginal o anal, de objetos, dedos u órganos distintos al miembro viril, a una persona de cualquier sexo.",2022,9,Fiscalía General del Estado - INEC,Denuncias,Paz,ODS 16
4006,07,El Oro,0000,Total Nacional,Ecuador,Seguridad interna,Seguridad ciudadana,Denuncias de violaciones,Total,Total,37,No Aplica,"Es el acceso carnal, con introducción total o parcial del miembro viril, por vía oral, anal o vaginal; o la introducción, por vía vaginal o anal, de objetos, dedos u órganos distintos al miembro viril, a una persona de cualquier sexo.",2022,9,Fiscalía General del Estado - INEC,Denuncias,Paz,ODS 16
4006,08,Esmeraldas,0000,Total Nacional,Ecuador,Seguridad interna,Seguridad ciudadana,Denuncias de violaciones,Total,Total,13,No Aplica,"Es el acceso carnal, con introducción total o parcial del miembro viril, por vía oral, anal o vaginal; o la introducción, por vía vaginal o anal, de objetos, dedos u órganos distintos al miembro viril, a una persona de cualquier sexo.",2022,9,Fiscalía General del Estado - INEC,Denuncias,Paz,ODS 16
4006,09,Guayas,0000,Total Nacional,Ecuador,Seguridad interna,Seguridad ciudadana,Denuncias de violaciones,Total,Total,106,No Aplica,"Es el acceso carnal, con introducción total o parcial del miembro viril, por vía oral, anal o vaginal; o la introducción, por vía vaginal o anal, de objetos, dedos u órganos distintos al miembro viril, a una persona de cualquier sexo.",2022,9,Fiscalía General del Estado - INEC,Denuncias,Paz,ODS 16
4006,10,Imbabura,0000,Total Nacional,Ecuador,Seguridad interna,Seguridad ciudadana,Denuncias de violaciones,Total,Total,14,No Aplica,"Es el acceso carnal, con introducción total o parcial del miembro viril, por vía oral, anal o vaginal; o la introducción, por vía vaginal o anal, de objetos, dedos u órganos distintos al miembro viril, a una persona de cualquier sexo.",2022,9,Fiscalía General del Estado - INEC,Denuncias,Paz,ODS 16
4006,11,Loja,0000,Total Nacional,Ecuador,Seguridad interna,Seguridad ciudadana,Denuncias de violaciones,Total,Total,13,No Aplica,"Es el acceso carnal, con introducción total o parcial del miembro viril, por vía oral, anal o vaginal; o la introducción, por vía vaginal o anal, de objetos, dedos u órganos distintos al miembro viril, a una persona de cualquier sexo.",2022,9,Fiscalía General del Estado - INEC,Denuncias,Paz,ODS 16
4006,12,Los Ríos,0000,Total Nacional,Ecuador,Seguridad interna,Seguridad ciudadana,Denuncias de violaciones,Total,Total,18,No Aplica,"Es el acceso carnal, con introducción total o parcial del miembro viril, por vía oral, anal o vaginal; o la introducción, por vía vaginal o anal, de objetos, dedos u órganos distintos al miembro viril, a una persona de cualquier sexo.",2022,9,Fiscalía General del Estado - INEC,Denuncias,Paz,ODS 16
4006,13,Manabí,0000,Total Nacional,Ecuador,Seguridad interna,Seguridad ciudadana,Denuncias de violaciones,Total,Total,46,No Aplica,"Es el acceso carnal, con introducción total o parcial del miembro viril, por vía oral, anal o vaginal; o la introducción, por vía vaginal o anal, de objetos, dedos u órganos distintos al miembro viril, a una persona de cualquier sexo.",2022,9,Fiscalía General del Estado - INEC,Denuncias,Paz,ODS 16
4006,14,Morona Santiago,0000,Total Nacional,Ecuador,Seguridad interna,Seguridad ciudadana,Denuncias de violaciones,Total,Total,21,No Aplica,"Es el acceso carnal, con introducción total o parcial del miembro viril, por vía oral, anal o vaginal; o la introducción, por vía vaginal o anal, de objetos, dedos u órganos distintos al miembro viril, a una persona de cualquier sexo.",2022,9,Fiscalía General del Estado - INEC,Denuncias,Paz,ODS 16
4006,15,Napo,0000,Total Nacional,Ecuador,Seguridad interna,Seguridad ciudadana,Denuncias de violaciones,Total,Total,13,No Aplica,"Es el acceso carnal, con introducción total o parcial del miembro viril, por vía oral, anal o vaginal; o la introducción, por vía vaginal o anal, de objetos, dedos u órganos distintos al miembro viril, a una persona de cualquier sexo.",2022,9,Fiscalía General del Estado - INEC,Denuncias,Paz,ODS 16
4006,16,Pastaza,0000,Total Nacional,Ecuador,Seguridad interna,Seguridad ciudadana,Denuncias de violaciones,Total,Total,5,No Aplica,"Es el acceso carnal, con introducción total o parcial del miembro viril, por vía oral, anal o vaginal; o la introducción, por vía vaginal o anal, de objetos, dedos u órganos distintos al miembro viril, a una persona de cualquier sexo.",2022,9,Fiscalía General del Estado - INEC,Denuncias,Paz,ODS 16
4006,17,Pichincha,0000,Total Nacional,Ecuador,Seguridad interna,Seguridad ciudadana,Denuncias de violaciones,Total,Total,138,No Aplica,"Es el acceso carnal, con introducción total o parcial del miembro viril, por vía oral, anal o vaginal; o la introducción, por vía vaginal o anal, de objetos, dedos u órganos distintos al miembro viril, a una persona de cualquier sexo.",2022,9,Fiscalía General del Estado - INEC,Denuncias,Paz,ODS 16
4006,18,Tungurahua,0000,Total Nacional,Ecuador,Seguridad interna,Seguridad ciudadana,Denuncias de violaciones,Total,Total,14,No Aplica,"Es el acceso carnal, con introducción total o parcial del miembro viril, por vía oral, anal o vaginal; o la introducción, por vía vaginal o anal, de objetos, dedos u órganos distintos al miembro viril, a una persona de cualquier sexo.",2022,9,Fiscalía General del Estado - INEC,Denuncias,Paz,ODS 16
4006,19,Zamora Chinchipe,0000,Total Nacional,Ecuador,Seguridad interna,Seguridad ciudadana,Denuncias de violaciones,Total,Total,3,No Aplica,"Es el acceso carnal, con introducción total o parcial del miembro viril, por vía oral, anal o vaginal; o la introducción, por vía vaginal o anal, de objetos, dedos u órganos distintos al miembro viril, a una persona de cualquier sexo.",2022,9,Fiscalía General del Estado - INEC,Denuncias,Paz,ODS 16
4006,20,Galápagos,0000,Total Nacional,Ecuador,Seguridad interna,Seguridad ciudadana,Denuncias de violaciones,Total,Total,4,No Aplica,"Es el acceso carnal, con introducción total o parcial del miembro viril, por vía oral, anal o vaginal; o la introducción, por vía vaginal o anal, de objetos, dedos u órganos distintos al miembro viril, a una persona de cualquier sexo.",2022,9,Fiscalía General del Estado - INEC,Denuncias,Paz,ODS 16
4006,21,Sucumbios,0000,Total Nacional,Ecuador,Seguridad interna,Seguridad ciudadana,Denuncias de violaciones,Total,Total,15,No Aplica,"Es el acceso carnal, con introducción total o parcial del miembro viril, por vía oral, anal o vaginal; o la introducción, por vía vaginal o anal, de objetos, dedos u órganos distintos al miembro viril, a una persona de cualquier sexo.",2022,9,Fiscalía General del Estado - INEC,Denuncias,Paz,ODS 16
4006,22,Orellana,0000,Total Nacional,Ecuador,Seguridad interna,Seguridad ciudadana,Denuncias de violaciones,Total,Total,9,No Aplica,"Es el acceso carnal, con introducción total o parcial del miembro viril, por vía oral, anal o vaginal; o la introducción, por vía vaginal o anal, de objetos, dedos u órganos distintos al miembro viril, a una persona de cualquier sexo.",2022,9,Fiscalía General del Estado - INEC,Denuncias,Paz,ODS 16
4006,23,Santo Domingo de los Tsáchilas,0000,Total Nacional,Ecuador,Seguridad interna,Seguridad ciudadana,Denuncias de violaciones,Total,Total,23,No Aplica,"Es el acceso carnal, con introducción total o parcial del miembro viril, por vía oral, anal o vaginal; o la introducción, por vía vaginal o anal, de objetos, dedos u órganos distintos al miembro viril, a una persona de cualquier sexo.",2022,9,Fiscalía General del Estado - INEC,Denuncias,Paz,ODS 16
4006,24,Santa Elena,0000,Total Nacional,Ecuador,Seguridad interna,Seguridad ciudadana,Denuncias de violaciones,Total,Total,13,No Aplica,"Es el acceso carnal, con introducción total o parcial del miembro viril, por vía oral, anal o vaginal; o la introducción, por vía vaginal o anal, de objetos, dedos u órganos distintos al miembro viril, a una persona de cualquier sexo.",2022,9,Fiscalía General del Estado - INEC,Denuncias,Paz,ODS 16
4006,00,Total Nacional,0000,Total Nacional,Ecuador,Seguridad interna,Seguridad ciudadana,Denuncias de violaciones,Total,Total,523,No Aplica,"Es el acceso carnal, con introducción total o parcial del miembro viril, por vía oral, anal o vaginal; o la introducción, por vía vaginal o anal, de objetos, dedos u órganos distintos al miembro viril, a una persona de cualquier sexo.",2022,8,Fiscalía General del Estado - INEC,Denuncias,Paz,ODS 16
4006,01,Azuay,0000,Total Nacional,Ecuador,Seguridad interna,Seguridad ciudadana,Denuncias de violaciones,Total,Total,22,No Aplica,"Es el acceso carnal, con introducción total o parcial del miembro viril, por vía oral, anal o vaginal; o la introducción, por vía vaginal o anal, de objetos, dedos u órganos distintos al miembro viril, a una persona de cualquier sexo.",2022,8,Fiscalía General del Estado - INEC,Denuncias,Paz,ODS 16
4006,02,Bolívar,0000,Total Nacional,Ecuador,Seguridad interna,Seguridad ciudadana,Denuncias de violaciones,Total,Total,9,No Aplica,"Es el acceso carnal, con introducción total o parcial del miembro viril, por vía oral, anal o vaginal; o la introducción, por vía vaginal o anal, de objetos, dedos u órganos distintos al miembro viril, a una persona de cualquier sexo.",2022,8,Fiscalía General del Estado - INEC,Denuncias,Paz,ODS 16
4006,03,Cañar,0000,Total Nacional,Ecuador,Seguridad interna,Seguridad ciudadana,Denuncias de violaciones,Total,Total,9,No Aplica,"Es el acceso carnal, con introducción total o parcial del miembro viril, por vía oral, anal o vaginal; o la introducción, por vía vaginal o anal, de objetos, dedos u órganos distintos al miembro viril, a una persona de cualquier sexo.",2022,8,Fiscalía General del Estado - INEC,Denuncias,Paz,ODS 16
4006,04,Carchi,0000,Total Nacional,Ecuador,Seguridad interna,Seguridad ciudadana,Denuncias de violaciones,Total,Total,4,No Aplica,"Es el acceso carnal, con introducción total o parcial del miembro viril, por vía oral, anal o vaginal; o la introducción, por vía vaginal o anal, de objetos, dedos u órganos distintos al miembro viril, a una persona de cualquier sexo.",2022,8,Fiscalía General del Estado - INEC,Denuncias,Paz,ODS 16
4006,05,Cotopaxi,0000,Total Nacional,Ecuador,Seguridad interna,Seguridad ciudadana,Denuncias de violaciones,Total,Total,11,No Aplica,"Es el acceso carnal, con introducción total o parcial del miembro viril, por vía oral, anal o vaginal; o la introducción, por vía vaginal o anal, de objetos, dedos u órganos distintos al miembro viril, a una persona de cualquier sexo.",2022,8,Fiscalía General del Estado - INEC,Denuncias,Paz,ODS 16
4006,06,Chimborazo,0000,Total Nacional,Ecuador,Seguridad interna,Seguridad ciudadana,Denuncias de violaciones,Total,Total,13,No Aplica,"Es el acceso carnal, con introducción total o parcial del miembro viril, por vía oral, anal o vaginal; o la introducción, por vía vaginal o anal, de objetos, dedos u órganos distintos al miembro viril, a una persona de cualquier sexo.",2022,8,Fiscalía General del Estado - INEC,Denuncias,Paz,ODS 16
4006,07,El Oro,0000,Total Nacional,Ecuador,Seguridad interna,Seguridad ciudadana,Denuncias de violaciones,Total,Total,23,No Aplica,"Es el acceso carnal, con introducción total o parcial del miembro viril, por vía oral, anal o vaginal; o la introducción, por vía vaginal o anal, de objetos, dedos u órganos distintos al miembro viril, a una persona de cualquier sexo.",2022,8,Fiscalía General del Estado - INEC,Denuncias,Paz,ODS 16
4006,08,Esmeraldas,0000,Total Nacional,Ecuador,Seguridad interna,Seguridad ciudadana,Denuncias de violaciones,Total,Total,18,No Aplica,"Es el acceso carnal, con introducción total o parcial del miembro viril, por vía oral, anal o vaginal; o la introducción, por vía vaginal o anal, de objetos, dedos u órganos distintos al miembro viril, a una persona de cualquier sexo.",2022,8,Fiscalía General del Estado - INEC,Denuncias,Paz,ODS 16
4006,09,Guayas,0000,Total Nacional,Ecuador,Seguridad interna,Seguridad ciudadana,Denuncias de violaciones,Total,Total,134,No Aplica,"Es el acceso carnal, con introducción total o parcial del miembro viril, por vía oral, anal o vaginal; o la introducción, por vía vaginal o anal, de objetos, dedos u órganos distintos al miembro viril, a una persona de cualquier sexo.",2022,8,Fiscalía General del Estado - INEC,Denuncias,Paz,ODS 16
4006,10,Imbabura,0000,Total Nacional,Ecuador,Seguridad interna,Seguridad ciudadana,Denuncias de violaciones,Total,Total,12,No Aplica,"Es el acceso carnal, con introducción total o parcial del miembro viril, por vía oral, anal o vaginal; o la introducción, por vía vaginal o anal, de objetos, dedos u órganos distintos al miembro viril, a una persona de cualquier sexo.",2022,8,Fiscalía General del Estado - INEC,Denuncias,Paz,ODS 16
4006,11,Loja,0000,Total Nacional,Ecuador,Seguridad interna,Seguridad ciudadana,Denuncias de violaciones,Total,Total,11,No Aplica,"Es el acceso carnal, con introducción total o parcial del miembro viril, por vía oral, anal o vaginal; o la introducción, por vía vaginal o anal, de objetos, dedos u órganos distintos al miembro viril, a una persona de cualquier sexo.",2022,8,Fiscalía General del Estado - INEC,Denuncias,Paz,ODS 16
4006,12,Los Ríos,0000,Total Nacional,Ecuador,Seguridad interna,Seguridad ciudadana,Denuncias de violaciones,Total,Total,17,No Aplica,"Es el acceso carnal, con introducción total o parcial del miembro viril, por vía oral, anal o vaginal; o la introducción, por vía vaginal o anal, de objetos, dedos u órganos distintos al miembro viril, a una persona de cualquier sexo.",2022,8,Fiscalía General del Estado - INEC,Denuncias,Paz,ODS 16
4006,13,Manabí,0000,Total Nacional,Ecuador,Seguridad interna,Seguridad ciudadana,Denuncias de violaciones,Total,Total,35,No Aplica,"Es el acceso carnal, con introducción total o parcial del miembro viril, por vía oral, anal o vaginal; o la introducción, por vía vaginal o anal, de objetos, dedos u órganos distintos al miembro viril, a una persona de cualquier sexo.",2022,8,Fiscalía General del Estado - INEC,Denuncias,Paz,ODS 16
4006,14,Morona Santiago,0000,Total Nacional,Ecuador,Seguridad interna,Seguridad ciudadana,Denuncias de violaciones,Total,Total,26,No Aplica,"Es el acceso carnal, con introducción total o parcial del miembro viril, por vía oral, anal o vaginal; o la introducción, por vía vaginal o anal, de objetos, dedos u órganos distintos al miembro viril, a una persona de cualquier sexo.",2022,8,Fiscalía General del Estado - INEC,Denuncias,Paz,ODS 16
4006,15,Napo,0000,Total Nacional,Ecuador,Seguridad interna,Seguridad ciudadana,Denuncias de violaciones,Total,Total,12,No Aplica,"Es el acceso carnal, con introducción total o parcial del miembro viril, por vía oral, anal o vaginal; o la introducción, por vía vaginal o anal, de objetos, dedos u órganos distintos al miembro viril, a una persona de cualquier sexo.",2022,8,Fiscalía General del Estado - INEC,Denuncias,Paz,ODS 16
4006,16,Pastaza,0000,Total Nacional,Ecuador,Seguridad interna,Seguridad ciudadana,Denuncias de violaciones,Total,Total,7,No Aplica,"Es el acceso carnal, con introducción total o parcial del miembro viril, por vía oral, anal o vaginal; o la introducción, por vía vaginal o anal, de objetos, dedos u órganos distintos al miembro viril, a una persona de cualquier sexo.",2022,8,Fiscalía General del Estado - INEC,Denuncias,Paz,ODS 16
4006,17,Pichincha,0000,Total Nacional,Ecuador,Seguridad interna,Seguridad ciudadana,Denuncias de violaciones,Total,Total,85,No Aplica,"Es el acceso carnal, con introducción total o parcial del miembro viril, por vía oral, anal o vaginal; o la introducción, por vía vaginal o anal, de objetos, dedos u órganos distintos al miembro viril, a una persona de cualquier sexo.",2022,8,Fiscalía General del Estado - INEC,Denuncias,Paz,ODS 16
4006,18,Tungurahua,0000,Total Nacional,Ecuador,Seguridad interna,Seguridad ciudadana,Denuncias de violaciones,Total,Total,6,No Aplica,"Es el acceso carnal, con introducción total o parcial del miembro viril, por vía oral, anal o vaginal; o la introducción, por vía vaginal o anal, de objetos, dedos u órganos distintos al miembro viril, a una persona de cualquier sexo.",2022,8,Fiscalía General del Estado - INEC,Denuncias,Paz,ODS 16
4006,19,Zamora Chinchipe,0000,Total Nacional,Ecuador,Seguridad interna,Seguridad ciudadana,Denuncias de violaciones,Total,Total,3,No Aplica,"Es el acceso carnal, con introducción total o parcial del miembro viril, por vía oral, anal o vaginal; o la introducción, por vía vaginal o anal, de objetos, dedos u órganos distintos al miembro viril, a una persona de cualquier sexo.",2022,8,Fiscalía General del Estado - INEC,Denuncias,Paz,ODS 16
4006,20,Galápagos,0000,Total Nacional,Ecuador,Seguridad interna,Seguridad ciudadana,Denuncias de violaciones,Total,Total,1,No Aplica,"Es el acceso carnal, con introducción total o parcial del miembro viril, por vía oral, anal o vaginal; o la introducción, por vía vaginal o anal, de objetos, dedos u órganos distintos al miembro viril, a una persona de cualquier sexo.",2022,8,Fiscalía General del Estado - INEC,Denuncias,Paz,ODS 16
4006,21,Sucumbios,0000,Total Nacional,Ecuador,Seguridad interna,Seguridad ciudadana,Denuncias de violaciones,Total,Total,15,No Aplica,"Es el acceso carnal, con introducción total o parcial del miembro viril, por vía oral, anal o vaginal; o la introducción, por vía vaginal o anal, de objetos, dedos u órganos distintos al miembro viril, a una persona de cualquier sexo.",2022,8,Fiscalía General del Estado - INEC,Denuncias,Paz,ODS 16
4006,22,Orellana,0000,Total Nacional,Ecuador,Seguridad interna,Seguridad ciudadana,Denuncias de violaciones,Total,Total,11,No Aplica,"Es el acceso carnal, con introducción total o parcial del miembro viril, por vía oral, anal o vaginal; o la introducción, por vía vaginal o anal, de objetos, dedos u órganos distintos al miembro viril, a una persona de cualquier sexo.",2022,8,Fiscalía General del Estado - INEC,Denuncias,Paz,ODS 16
4006,23,Santo Domingo de los Tsáchilas,0000,Total Nacional,Ecuador,Seguridad interna,Seguridad ciudadana,Denuncias de violaciones,Total,Total,23,No Aplica,"Es el acceso carnal, con introducción total o parcial del miembro viril, por vía oral, anal o vaginal; o la introducción, por vía vaginal o anal, de objetos, dedos u órganos distintos al miembro viril, a una persona de cualquier sexo.",2022,8,Fiscalía General del Estado - INEC,Denuncias,Paz,ODS 16
4006,24,Santa Elena,0000,Total Nacional,Ecuador,Seguridad interna,Seguridad ciudadana,Denuncias de violaciones,Total,Total,16,No Aplica,"Es el acceso carnal, con introducción total o parcial del miembro viril, por vía oral, anal o vaginal; o la introducción, por vía vaginal o anal, de objetos, dedos u órganos distintos al miembro viril, a una persona de cualquier sexo.",2022,8,Fiscalía General del Estado - INEC,Denuncias,Paz,ODS 16
4006,00,Total Nacional,0000,Total Nacional,Ecuador,Seguridad interna,Seguridad ciudadana,Denuncias de violaciones,Total,Total,562,No Aplica,"Es el acceso carnal, con introducción total o parcial del miembro viril, por vía oral, anal o vaginal; o la introducción, por vía vaginal o anal, de objetos, dedos u órganos distintos al miembro viril, a una persona de cualquier sexo.",2022,7,Fiscalía General del Estado - INEC,Denuncias,Paz,ODS 16
4006,01,Azuay,0000,Total Nacional,Ecuador,Seguridad interna,Seguridad ciudadana,Denuncias de violaciones,Total,Total,24,No Aplica,"Es el acceso carnal, con introducción total o parcial del miembro viril, por vía oral, anal o vaginal; o la introducción, por vía vaginal o anal, de objetos, dedos u órganos distintos al miembro viril, a una persona de cualquier sexo.",2022,7,Fiscalía General del Estado - INEC,Denuncias,Paz,ODS 16
4006,02,Bolívar,0000,Total Nacional,Ecuador,Seguridad interna,Seguridad ciudadana,Denuncias de violaciones,Total,Total,13,No Aplica,"Es el acceso carnal, con introducción total o parcial del miembro viril, por vía oral, anal o vaginal; o la introducción, por vía vaginal o anal, de objetos, dedos u órganos distintos al miembro viril, a una persona de cualquier sexo.",2022,7,Fiscalía General del Estado - INEC,Denuncias,Paz,ODS 16
4006,03,Cañar,0000,Total Nacional,Ecuador,Seguridad interna,Seguridad ciudadana,Denuncias de violaciones,Total,Total,11,No Aplica,"Es el acceso carnal, con introducción total o parcial del miembro viril, por vía oral, anal o vaginal; o la introducción, por vía vaginal o anal, de objetos, dedos u órganos distintos al miembro viril, a una persona de cualquier sexo.",2022,7,Fiscalía General del Estado - INEC,Denuncias,Paz,ODS 16
4006,04,Carchi,0000,Total Nacional,Ecuador,Seguridad interna,Seguridad ciudadana,Denuncias de violaciones,Total,Total,6,No Aplica,"Es el acceso carnal, con introducción total o parcial del miembro viril, por vía oral, anal o vaginal; o la introducción, por vía vaginal o anal, de objetos, dedos u órganos distintos al miembro viril, a una persona de cualquier sexo.",2022,7,Fiscalía General del Estado - INEC,Denuncias,Paz,ODS 16
4006,05,Cotopaxi,0000,Total Nacional,Ecuador,Seguridad interna,Seguridad ciudadana,Denuncias de violaciones,Total,Total,11,No Aplica,"Es el acceso carnal, con introducción total o parcial del miembro viril, por vía oral, anal o vaginal; o la introducción, por vía vaginal o anal, de objetos, dedos u órganos distintos al miembro viril, a una persona de cualquier sexo.",2022,7,Fiscalía General del Estado - INEC,Denuncias,Paz,ODS 16
4006,06,Chimborazo,0000,Total Nacional,Ecuador,Seguridad interna,Seguridad ciudadana,Denuncias de violaciones,Total,Total,19,No Aplica,"Es el acceso carnal, con introducción total o parcial del miembro viril, por vía oral, anal o vaginal; o la introducción, por vía vaginal o anal, de objetos, dedos u órganos distintos al miembro viril, a una persona de cualquier sexo.",2022,7,Fiscalía General del Estado - INEC,Denuncias,Paz,ODS 16
4006,07,El Oro,0000,Total Nacional,Ecuador,Seguridad interna,Seguridad ciudadana,Denuncias de violaciones,Total,Total,31,No Aplica,"Es el acceso carnal, con introducción total o parcial del miembro viril, por vía oral, anal o vaginal; o la introducción, por vía vaginal o anal, de objetos, dedos u órganos distintos al miembro viril, a una persona de cualquier sexo.",2022,7,Fiscalía General del Estado - INEC,Denuncias,Paz,ODS 16
4006,08,Esmeraldas,0000,Total Nacional,Ecuador,Seguridad interna,Seguridad ciudadana,Denuncias de violaciones,Total,Total,15,No Aplica,"Es el acceso carnal, con introducción total o parcial del miembro viril, por vía oral, anal o vaginal; o la introducción, por vía vaginal o anal, de objetos, dedos u órganos distintos al miembro viril, a una persona de cualquier sexo.",2022,7,Fiscalía General del Estado - INEC,Denuncias,Paz,ODS 16
4006,09,Guayas,0000,Total Nacional,Ecuador,Seguridad interna,Seguridad ciudadana,Denuncias de violaciones,Total,Total,118,No Aplica,"Es el acceso carnal, con introducción total o parcial del miembro viril, por vía oral, anal o vaginal; o la introducción, por vía vaginal o anal, de objetos, dedos u órganos distintos al miembro viril, a una persona de cualquier sexo.",2022,7,Fiscalía General del Estado - INEC,Denuncias,Paz,ODS 16
4006,10,Imbabura,0000,Total Nacional,Ecuador,Seguridad interna,Seguridad ciudadana,Denuncias de violaciones,Total,Total,11,No Aplica,"Es el acceso carnal, con introducción total o parcial del miembro viril, por vía oral, anal o vaginal; o la introducción, por vía vaginal o anal, de objetos, dedos u órganos distintos al miembro viril, a una persona de cualquier sexo.",2022,7,Fiscalía General del Estado - INEC,Denuncias,Paz,ODS 16
4006,11,Loja,0000,Total Nacional,Ecuador,Seguridad interna,Seguridad ciudadana,Denuncias de violaciones,Total,Total,11,No Aplica,"Es el acceso carnal, con introducción total o parcial del miembro viril, por vía oral, anal o vaginal; o la introducción, por vía vaginal o anal, de objetos, dedos u órganos distintos al miembro viril, a una persona de cualquier sexo.",2022,7,Fiscalía General del Estado - INEC,Denuncias,Paz,ODS 16
4006,12,Los Ríos,0000,Total Nacional,Ecuador,Seguridad interna,Seguridad ciudadana,Denuncias de violaciones,Total,Total,19,No Aplica,"Es el acceso carnal, con introducción total o parcial del miembro viril, por vía oral, anal o vaginal; o la introducción, por vía vaginal o anal, de objetos, dedos u órganos distintos al miembro viril, a una persona de cualquier sexo.",2022,7,Fiscalía General del Estado - INEC,Denuncias,Paz,ODS 16
4006,13,Manabí,0000,Total Nacional,Ecuador,Seguridad interna,Seguridad ciudadana,Denuncias de violaciones,Total,Total,56,No Aplica,"Es el acceso carnal, con introducción total o parcial del miembro viril, por vía oral, anal o vaginal; o la introducción, por vía vaginal o anal, de objetos, dedos u órganos distintos al miembro viril, a una persona de cualquier sexo.",2022,7,Fiscalía General del Estado - INEC,Denuncias,Paz,ODS 16
4006,14,Morona Santiago,0000,Total Nacional,Ecuador,Seguridad interna,Seguridad ciudadana,Denuncias de violaciones,Total,Total,20,No Aplica,"Es el acceso carnal, con introducción total o parcial del miembro viril, por vía oral, anal o vaginal; o la introducción, por vía vaginal o anal, de objetos, dedos u órganos distintos al miembro viril, a una persona de cualquier sexo.",2022,7,Fiscalía General del Estado - INEC,Denuncias,Paz,ODS 16
4006,15,Napo,0000,Total Nacional,Ecuador,Seguridad interna,Seguridad ciudadana,Denuncias de violaciones,Total,Total,14,No Aplica,"Es el acceso carnal, con introducción total o parcial del miembro viril, por vía oral, anal o vaginal; o la introducción, por vía vaginal o anal, de objetos, dedos u órganos distintos al miembro viril, a una persona de cualquier sexo.",2022,7,Fiscalía General del Estado - INEC,Denuncias,Paz,ODS 16
4006,16,Pastaza,0000,Total Nacional,Ecuador,Seguridad interna,Seguridad ciudadana,Denuncias de violaciones,Total,Total,13,No Aplica,"Es el acceso carnal, con introducción total o parcial del miembro viril, por vía oral, anal o vaginal; o la introducción, por vía vaginal o anal, de objetos, dedos u órganos distintos al miembro viril, a una persona de cualquier sexo.",2022,7,Fiscalía General del Estado - INEC,Denuncias,Paz,ODS 16
4006,17,Pichincha,0000,Total Nacional,Ecuador,Seguridad interna,Seguridad ciudadana,Denuncias de violaciones,Total,Total,93,No Aplica,"Es el acceso carnal, con introducción total o parcial del miembro viril, por vía oral, anal o vaginal; o la introducción, por vía vaginal o anal, de objetos, dedos u órganos distintos al miembro viril, a una persona de cualquier sexo.",2022,7,Fiscalía General del Estado - INEC,Denuncias,Paz,ODS 16
4006,18,Tungurahua,0000,Total Nacional,Ecuador,Seguridad interna,Seguridad ciudadana,Denuncias de violaciones,Total,Total,12,No Aplica,"Es el acceso carnal, con introducción total o parcial del miembro viril, por vía oral, anal o vaginal; o la introducción, por vía vaginal o anal, de objetos, dedos u órganos distintos al miembro viril, a una persona de cualquier sexo.",2022,7,Fiscalía General del Estado - INEC,Denuncias,Paz,ODS 16
4006,19,Zamora Chinchipe,0000,Total Nacional,Ecuador,Seguridad interna,Seguridad ciudadana,Denuncias de violaciones,Total,Total,7,No Aplica,"Es el acceso carnal, con introducción total o parcial del miembro viril, por vía oral, anal o vaginal; o la introducción, por vía vaginal o anal, de objetos, dedos u órganos distintos al miembro viril, a una persona de cualquier sexo.",2022,7,Fiscalía General del Estado - INEC,Denuncias,Paz,ODS 16
4006,20,Galápagos,0000,Total Nacional,Ecuador,Seguridad interna,Seguridad ciudadana,Denuncias de violaciones,Total,Total,3,No Aplica,"Es el acceso carnal, con introducción total o parcial del miembro viril, por vía oral, anal o vaginal; o la introducción, por vía vaginal o anal, de objetos, dedos u órganos distintos al miembro viril, a una persona de cualquier sexo.",2022,7,Fiscalía General del Estado - INEC,Denuncias,Paz,ODS 16
4006,21,Sucumbios,0000,Total Nacional,Ecuador,Seguridad interna,Seguridad ciudadana,Denuncias de violaciones,Total,Total,16,No Aplica,"Es el acceso carnal, con introducción total o parcial del miembro viril, por vía oral, anal o vaginal; o la introducción, por vía vaginal o anal, de objetos, dedos u órganos distintos al miembro viril, a una persona de cualquier sexo.",2022,7,Fiscalía General del Estado - INEC,Denuncias,Paz,ODS 16
4006,22,Orellana,0000,Total Nacional,Ecuador,Seguridad interna,Seguridad ciudadana,Denuncias de violaciones,Total,Total,10,No Aplica,"Es el acceso carnal, con introducción total o parcial del miembro viril, por vía oral, anal o vaginal; o la introducción, por vía vaginal o anal, de objetos, dedos u órganos distintos al miembro viril, a una persona de cualquier sexo.",2022,7,Fiscalía General del Estado - INEC,Denuncias,Paz,ODS 16
4006,23,Santo Domingo de los Tsáchilas,0000,Total Nacional,Ecuador,Seguridad interna,Seguridad ciudadana,Denuncias de violaciones,Total,Total,18,No Aplica,"Es el acceso carnal, con introducción total o parcial del miembro viril, por vía oral, anal o vaginal; o la introducción, por vía vaginal o anal, de objetos, dedos u órganos distintos al miembro viril, a una persona de cualquier sexo.",2022,7,Fiscalía General del Estado - INEC,Denuncias,Paz,ODS 16
4006,24,Santa Elena,0000,Total Nacional,Ecuador,Seguridad interna,Seguridad ciudadana,Denuncias de violaciones,Total,Total,11,No Aplica,"Es el acceso carnal, con introducción total o parcial del miembro viril, por vía oral, anal o vaginal; o la introducción, por vía vaginal o anal, de objetos, dedos u órganos distintos al miembro viril, a una persona de cualquier sexo.",2022,7,Fiscalía General del Estado - INEC,Denuncias,Paz,ODS 16
4006,00,Total Nacional,0000,Total Nacional,Ecuador,Seguridad interna,Seguridad ciudadana,Denuncias de violaciones,Total,Total,511,No Aplica,"Es el acceso carnal, con introducción total o parcial del miembro viril, por vía oral, anal o vaginal; o la introducción, por vía vaginal o anal, de objetos, dedos u órganos distintos al miembro viril, a una persona de cualquier sexo.",2022,6,Fiscalía General del Estado - INEC,Denuncias,Paz,ODS 16
4006,01,Azuay,0000,Total Nacional,Ecuador,Seguridad interna,Seguridad ciudadana,Denuncias de violaciones,Total,Total,20,No Aplica,"Es el acceso carnal, con introducción total o parcial del miembro viril, por vía oral, anal o vaginal; o la introducción, por vía vaginal o anal, de objetos, dedos u órganos distintos al miembro viril, a una persona de cualquier sexo.",2022,6,Fiscalía General del Estado - INEC,Denuncias,Paz,ODS 16
4006,02,Bolívar,0000,Total Nacional,Ecuador,Seguridad interna,Seguridad ciudadana,Denuncias de violaciones,Total,Total,7,No Aplica,"Es el acceso carnal, con introducción total o parcial del miembro viril, por vía oral, anal o vaginal; o la introducción, por vía vaginal o anal, de objetos, dedos u órganos distintos al miembro viril, a una persona de cualquier sexo.",2022,6,Fiscalía General del Estado - INEC,Denuncias,Paz,ODS 16
4006,03,Cañar,0000,Total Nacional,Ecuador,Seguridad interna,Seguridad ciudadana,Denuncias de violaciones,Total,Total,7,No Aplica,"Es el acceso carnal, con introducción total o parcial del miembro viril, por vía oral, anal o vaginal; o la introducción, por vía vaginal o anal, de objetos, dedos u órganos distintos al miembro viril, a una persona de cualquier sexo.",2022,6,Fiscalía General del Estado - INEC,Denuncias,Paz,ODS 16
4006,04,Carchi,0000,Total Nacional,Ecuador,Seguridad interna,Seguridad ciudadana,Denuncias de violaciones,Total,Total,5,No Aplica,"Es el acceso carnal, con introducción total o parcial del miembro viril, por vía oral, anal o vaginal; o la introducción, por vía vaginal o anal, de objetos, dedos u órganos distintos al miembro viril, a una persona de cualquier sexo.",2022,6,Fiscalía General del Estado - INEC,Denuncias,Paz,ODS 16
4006,05,Cotopaxi,0000,Total Nacional,Ecuador,Seguridad interna,Seguridad ciudadana,Denuncias de violaciones,Total,Total,9,No Aplica,"Es el acceso carnal, con introducción total o parcial del miembro viril, por vía oral, anal o vaginal; o la introducción, por vía vaginal o anal, de objetos, dedos u órganos distintos al miembro viril, a una persona de cualquier sexo.",2022,6,Fiscalía General del Estado - INEC,Denuncias,Paz,ODS 16
4006,06,Chimborazo,0000,Total Nacional,Ecuador,Seguridad interna,Seguridad ciudadana,Denuncias de violaciones,Total,Total,10,No Aplica,"Es el acceso carnal, con introducción total o parcial del miembro viril, por vía oral, anal o vaginal; o la introducción, por vía vaginal o anal, de objetos, dedos u órganos distintos al miembro viril, a una persona de cualquier sexo.",2022,6,Fiscalía General del Estado - INEC,Denuncias,Paz,ODS 16
4006,07,El Oro,0000,Total Nacional,Ecuador,Seguridad interna,Seguridad ciudadana,Denuncias de violaciones,Total,Total,28,No Aplica,"Es el acceso carnal, con introducción total o parcial del miembro viril, por vía oral, anal o vaginal; o la introducción, por vía vaginal o anal, de objetos, dedos u órganos distintos al miembro viril, a una persona de cualquier sexo.",2022,6,Fiscalía General del Estado - INEC,Denuncias,Paz,ODS 16
4006,08,Esmeraldas,0000,Total Nacional,Ecuador,Seguridad interna,Seguridad ciudadana,Denuncias de violaciones,Total,Total,18,No Aplica,"Es el acceso carnal, con introducción total o parcial del miembro viril, por vía oral, anal o vaginal; o la introducción, por vía vaginal o anal, de objetos, dedos u órganos distintos al miembro viril, a una persona de cualquier sexo.",2022,6,Fiscalía General del Estado - INEC,Denuncias,Paz,ODS 16
4006,09,Guayas,0000,Total Nacional,Ecuador,Seguridad interna,Seguridad ciudadana,Denuncias de violaciones,Total,Total,91,No Aplica,"Es el acceso carnal, con introducción total o parcial del miembro viril, por vía oral, anal o vaginal; o la introducción, por vía vaginal o anal, de objetos, dedos u órganos distintos al miembro viril, a una persona de cualquier sexo.",2022,6,Fiscalía General del Estado - INEC,Denuncias,Paz,ODS 16
4006,10,Imbabura,0000,Total Nacional,Ecuador,Seguridad interna,Seguridad ciudadana,Denuncias de violaciones,Total,Total,10,No Aplica,"Es el acceso carnal, con introducción total o parcial del miembro viril, por vía oral, anal o vaginal; o la introducción, por vía vaginal o anal, de objetos, dedos u órganos distintos al miembro viril, a una persona de cualquier sexo.",2022,6,Fiscalía General del Estado - INEC,Denuncias,Paz,ODS 16
4006,11,Loja,0000,Total Nacional,Ecuador,Seguridad interna,Seguridad ciudadana,Denuncias de violaciones,Total,Total,20,No Aplica,"Es el acceso carnal, con introducción total o parcial del miembro viril, por vía oral, anal o vaginal; o la introducción, por vía vaginal o anal, de objetos, dedos u órganos distintos al miembro viril, a una persona de cualquier sexo.",2022,6,Fiscalía General del Estado - INEC,Denuncias,Paz,ODS 16
4006,12,Los Ríos,0000,Total Nacional,Ecuador,Seguridad interna,Seguridad ciudadana,Denuncias de violaciones,Total,Total,14,No Aplica,"Es el acceso carnal, con introducción total o parcial del miembro viril, por vía oral, anal o vaginal; o la introducción, por vía vaginal o anal, de objetos, dedos u órganos distintos al miembro viril, a una persona de cualquier sexo.",2022,6,Fiscalía General del Estado - INEC,Denuncias,Paz,ODS 16
4006,13,Manabí,0000,Total Nacional,Ecuador,Seguridad interna,Seguridad ciudadana,Denuncias de violaciones,Total,Total,51,No Aplica,"Es el acceso carnal, con introducción total o parcial del miembro viril, por vía oral, anal o vaginal; o la introducción, por vía vaginal o anal, de objetos, dedos u órganos distintos al miembro viril, a una persona de cualquier sexo.",2022,6,Fiscalía General del Estado - INEC,Denuncias,Paz,ODS 16
4006,14,Morona Santiago,0000,Total Nacional,Ecuador,Seguridad interna,Seguridad ciudadana,Denuncias de violaciones,Total,Total,29,No Aplica,"Es el acceso carnal, con introducción total o parcial del miembro viril, por vía oral, anal o vaginal; o la introducción, por vía vaginal o anal, de objetos, dedos u órganos distintos al miembro viril, a una persona de cualquier sexo.",2022,6,Fiscalía General del Estado - INEC,Denuncias,Paz,ODS 16
4006,15,Napo,0000,Total Nacional,Ecuador,Seguridad interna,Seguridad ciudadana,Denuncias de violaciones,Total,Total,12,No Aplica,"Es el acceso carnal, con introducción total o parcial del miembro viril, por vía oral, anal o vaginal; o la introducción, por vía vaginal o anal, de objetos, dedos u órganos distintos al miembro viril, a una persona de cualquier sexo.",2022,6,Fiscalía General del Estado - INEC,Denuncias,Paz,ODS 16
4006,16,Pastaza,0000,Total Nacional,Ecuador,Seguridad interna,Seguridad ciudadana,Denuncias de violaciones,Total,Total,10,No Aplica,"Es el acceso carnal, con introducción total o parcial del miembro viril, por vía oral, anal o vaginal; o la introducción, por vía vaginal o anal, de objetos, dedos u órganos distintos al miembro viril, a una persona de cualquier sexo.",2022,6,Fiscalía General del Estado - INEC,Denuncias,Paz,ODS 16
4006,17,Pichincha,0000,Total Nacional,Ecuador,Seguridad interna,Seguridad ciudadana,Denuncias de violaciones,Total,Total,81,No Aplica,"Es el acceso carnal, con introducción total o parcial del miembro viril, por vía oral, anal o vaginal; o la introducción, por vía vaginal o anal, de objetos, dedos u órganos distintos al miembro viril, a una persona de cualquier sexo.",2022,6,Fiscalía General del Estado - INEC,Denuncias,Paz,ODS 16
4006,18,Tungurahua,0000,Total Nacional,Ecuador,Seguridad interna,Seguridad ciudadana,Denuncias de violaciones,Total,Total,8,No Aplica,"Es el acceso carnal, con introducción total o parcial del miembro viril, por vía oral, anal o vaginal; o la introducción, por vía vaginal o anal, de objetos, dedos u órganos distintos al miembro viril, a una persona de cualquier sexo.",2022,6,Fiscalía General del Estado - INEC,Denuncias,Paz,ODS 16
4006,19,Zamora Chinchipe,0000,Total Nacional,Ecuador,Seguridad interna,Seguridad ciudadana,Denuncias de violaciones,Total,Total,7,No Aplica,"Es el acceso carnal, con introducción total o parcial del miembro viril, por vía oral, anal o vaginal; o la introducción, por vía vaginal o anal, de objetos, dedos u órganos distintos al miembro viril, a una persona de cualquier sexo.",2022,6,Fiscalía General del Estado - INEC,Denuncias,Paz,ODS 16
4006,20,Galápagos,0000,Total Nacional,Ecuador,Seguridad interna,Seguridad ciudadana,Denuncias de violaciones,Total,Total,3,No Aplica,"Es el acceso carnal, con introducción total o parcial del miembro viril, por vía oral, anal o vaginal; o la introducción, por vía vaginal o anal, de objetos, dedos u órganos distintos al miembro viril, a una persona de cualquier sexo.",2022,6,Fiscalía General del Estado - INEC,Denuncias,Paz,ODS 16
4006,21,Sucumbios,0000,Total Nacional,Ecuador,Seguridad interna,Seguridad ciudadana,Denuncias de violaciones,Total,Total,10,No Aplica,"Es el acceso carnal, con introducción total o parcial del miembro viril, por vía oral, anal o vaginal; o la introducción, por vía vaginal o anal, de objetos, dedos u órganos distintos al miembro viril, a una persona de cualquier sexo.",2022,6,Fiscalía General del Estado - INEC,Denuncias,Paz,ODS 16
4006,22,Orellana,0000,Total Nacional,Ecuador,Seguridad interna,Seguridad ciudadana,Denuncias de violaciones,Total,Total,11,No Aplica,"Es el acceso carnal, con introducción total o parcial del miembro viril, por vía oral, anal o vaginal; o la introducción, por vía vaginal o anal, de objetos, dedos u órganos distintos al miembro viril, a una persona de cualquier sexo.",2022,6,Fiscalía General del Estado - INEC,Denuncias,Paz,ODS 16
4006,23,Santo Domingo de los Tsáchilas,0000,Total Nacional,Ecuador,Seguridad interna,Seguridad ciudadana,Denuncias de violaciones,Total,Total,39,No Aplica,"Es el acceso carnal, con introducción total o parcial del miembro viril, por vía oral, anal o vaginal; o la introducción, por vía vaginal o anal, de objetos, dedos u órganos distintos al miembro viril, a una persona de cualquier sexo.",2022,6,Fiscalía General del Estado - INEC,Denuncias,Paz,ODS 16
4006,24,Santa Elena,0000,Total Nacional,Ecuador,Seguridad interna,Seguridad ciudadana,Denuncias de violaciones,Total,Total,11,No Aplica,"Es el acceso carnal, con introducción total o parcial del miembro viril, por vía oral, anal o vaginal; o la introducción, por vía vaginal o anal, de objetos, dedos u órganos distintos al miembro viril, a una persona de cualquier sexo.",2022,6,Fiscalía General del Estado - INEC,Denuncias,Paz,ODS 16
4006,00,Total Nacional,0000,Total Nacional,Ecuador,Seguridad interna,Seguridad ciudadana,Denuncias de violaciones,Total,Total,569,No Aplica,"Es el acceso carnal, con introducción total o parcial del miembro viril, por vía oral, anal o vaginal; o la introducción, por vía vaginal o anal, de objetos, dedos u órganos distintos al miembro viril, a una persona de cualquier sexo.",2022,5,Fiscalía General del Estado - INEC,Denuncias,Paz,ODS 16
4006,01,Azuay,0000,Total Nacional,Ecuador,Seguridad interna,Seguridad ciudadana,Denuncias de violaciones,Total,Total,18,No Aplica,"Es el acceso carnal, con introducción total o parcial del miembro viril, por vía oral, anal o vaginal; o la introducción, por vía vaginal o anal, de objetos, dedos u órganos distintos al miembro viril, a una persona de cualquier sexo.",2022,5,Fiscalía General del Estado - INEC,Denuncias,Paz,ODS 16
4006,02,Bolívar,0000,Total Nacional,Ecuador,Seguridad interna,Seguridad ciudadana,Denuncias de violaciones,Total,Total,10,No Aplica,"Es el acceso carnal, con introducción total o parcial del miembro viril, por vía oral, anal o vaginal; o la introducción, por vía vaginal o anal, de objetos, dedos u órganos distintos al miembro viril, a una persona de cualquier sexo.",2022,5,Fiscalía General del Estado - INEC,Denuncias,Paz,ODS 16
4006,03,Cañar,0000,Total Nacional,Ecuador,Seguridad interna,Seguridad ciudadana,Denuncias de violaciones,Total,Total,9,No Aplica,"Es el acceso carnal, con introducción total o parcial del miembro viril, por vía oral, anal o vaginal; o la introducción, por vía vaginal o anal, de objetos, dedos u órganos distintos al miembro viril, a una persona de cualquier sexo.",2022,5,Fiscalía General del Estado - INEC,Denuncias,Paz,ODS 16
4006,04,Carchi,0000,Total Nacional,Ecuador,Seguridad interna,Seguridad ciudadana,Denuncias de violaciones,Total,Total,8,No Aplica,"Es el acceso carnal, con introducción total o parcial del miembro viril, por vía oral, anal o vaginal; o la introducción, por vía vaginal o anal, de objetos, dedos u órganos distintos al miembro viril, a una persona de cualquier sexo.",2022,5,Fiscalía General del Estado - INEC,Denuncias,Paz,ODS 16
4006,05,Cotopaxi,0000,Total Nacional,Ecuador,Seguridad interna,Seguridad ciudadana,Denuncias de violaciones,Total,Total,15,No Aplica,"Es el acceso carnal, con introducción total o parcial del miembro viril, por vía oral, anal o vaginal; o la introducción, por vía vaginal o anal, de objetos, dedos u órganos distintos al miembro viril, a una persona de cualquier sexo.",2022,5,Fiscalía General del Estado - INEC,Denuncias,Paz,ODS 16
4006,06,Chimborazo,0000,Total Nacional,Ecuador,Seguridad interna,Seguridad ciudadana,Denuncias de violaciones,Total,Total,23,No Aplica,"Es el acceso carnal, con introducción total o parcial del miembro viril, por vía oral, anal o vaginal; o la introducción, por vía vaginal o anal, de objetos, dedos u órganos distintos al miembro viril, a una persona de cualquier sexo.",2022,5,Fiscalía General del Estado - INEC,Denuncias,Paz,ODS 16
4006,07,El Oro,0000,Total Nacional,Ecuador,Seguridad interna,Seguridad ciudadana,Denuncias de violaciones,Total,Total,40,No Aplica,"Es el acceso carnal, con introducción total o parcial del miembro viril, por vía oral, anal o vaginal; o la introducción, por vía vaginal o anal, de objetos, dedos u órganos distintos al miembro viril, a una persona de cualquier sexo.",2022,5,Fiscalía General del Estado - INEC,Denuncias,Paz,ODS 16
4006,08,Esmeraldas,0000,Total Nacional,Ecuador,Seguridad interna,Seguridad ciudadana,Denuncias de violaciones,Total,Total,12,No Aplica,"Es el acceso carnal, con introducción total o parcial del miembro viril, por vía oral, anal o vaginal; o la introducción, por vía vaginal o anal, de objetos, dedos u órganos distintos al miembro viril, a una persona de cualquier sexo.",2022,5,Fiscalía General del Estado - INEC,Denuncias,Paz,ODS 16
4006,09,Guayas,0000,Total Nacional,Ecuador,Seguridad interna,Seguridad ciudadana,Denuncias de violaciones,Total,Total,86,No Aplica,"Es el acceso carnal, con introducción total o parcial del miembro viril, por vía oral, anal o vaginal; o la introducción, por vía vaginal o anal, de objetos, dedos u órganos distintos al miembro viril, a una persona de cualquier sexo.",2022,5,Fiscalía General del Estado - INEC,Denuncias,Paz,ODS 16
4006,10,Imbabura,0000,Total Nacional,Ecuador,Seguridad interna,Seguridad ciudadana,Denuncias de violaciones,Total,Total,13,No Aplica,"Es el acceso carnal, con introducción total o parcial del miembro viril, por vía oral, anal o vaginal; o la introducción, por vía vaginal o anal, de objetos, dedos u órganos distintos al miembro viril, a una persona de cualquier sexo.",2022,5,Fiscalía General del Estado - INEC,Denuncias,Paz,ODS 16
4006,11,Loja,0000,Total Nacional,Ecuador,Seguridad interna,Seguridad ciudadana,Denuncias de violaciones,Total,Total,29,No Aplica,"Es el acceso carnal, con introducción total o parcial del miembro viril, por vía oral, anal o vaginal; o la introducción, por vía vaginal o anal, de objetos, dedos u órganos distintos al miembro viril, a una persona de cualquier sexo.",2022,5,Fiscalía General del Estado - INEC,Denuncias,Paz,ODS 16
4006,12,Los Ríos,0000,Total Nacional,Ecuador,Seguridad interna,Seguridad ciudadana,Denuncias de violaciones,Total,Total,15,No Aplica,"Es el acceso carnal, con introducción total o parcial del miembro viril, por vía oral, anal o vaginal; o la introducción, por vía vaginal o anal, de objetos, dedos u órganos distintos al miembro viril, a una persona de cualquier sexo.",2022,5,Fiscalía General del Estado - INEC,Denuncias,Paz,ODS 16
4006,13,Manabí,0000,Total Nacional,Ecuador,Seguridad interna,Seguridad ciudadana,Denuncias de violaciones,Total,Total,42,No Aplica,"Es el acceso carnal, con introducción total o parcial del miembro viril, por vía oral, anal o vaginal; o la introducción, por vía vaginal o anal, de objetos, dedos u órganos distintos al miembro viril, a una persona de cualquier sexo.",2022,5,Fiscalía General del Estado - INEC,Denuncias,Paz,ODS 16
4006,14,Morona Santiago,0000,Total Nacional,Ecuador,Seguridad interna,Seguridad ciudadana,Denuncias de violaciones,Total,Total,33,No Aplica,"Es el acceso carnal, con introducción total o parcial del miembro viril, por vía oral, anal o vaginal; o la introducción, por vía vaginal o anal, de objetos, dedos u órganos distintos al miembro viril, a una persona de cualquier sexo.",2022,5,Fiscalía General del Estado - INEC,Denuncias,Paz,ODS 16
4006,15,Napo,0000,Total Nacional,Ecuador,Seguridad interna,Seguridad ciudadana,Denuncias de violaciones,Total,Total,12,No Aplica,"Es el acceso carnal, con introducción total o parcial del miembro viril, por vía oral, anal o vaginal; o la introducción, por vía vaginal o anal, de objetos, dedos u órganos distintos al miembro viril, a una persona de cualquier sexo.",2022,5,Fiscalía General del Estado - INEC,Denuncias,Paz,ODS 16
4006,16,Pastaza,0000,Total Nacional,Ecuador,Seguridad interna,Seguridad ciudadana,Denuncias de violaciones,Total,Total,6,No Aplica,"Es el acceso carnal, con introducción total o parcial del miembro viril, por vía oral, anal o vaginal; o la introducción, por vía vaginal o anal, de objetos, dedos u órganos distintos al miembro viril, a una persona de cualquier sexo.",2022,5,Fiscalía General del Estado - INEC,Denuncias,Paz,ODS 16
4006,17,Pichincha,0000,Total Nacional,Ecuador,Seguridad interna,Seguridad ciudadana,Denuncias de violaciones,Total,Total,104,No Aplica,"Es el acceso carnal, con introducción total o parcial del miembro viril, por vía oral, anal o vaginal; o la introducción, por vía vaginal o anal, de objetos, dedos u órganos distintos al miembro viril, a una persona de cualquier sexo.",2022,5,Fiscalía General del Estado - INEC,Denuncias,Paz,ODS 16
4006,18,Tungurahua,0000,Total Nacional,Ecuador,Seguridad interna,Seguridad ciudadana,Denuncias de violaciones,Total,Total,11,No Aplica,"Es el acceso carnal, con introducción total o parcial del miembro viril, por vía oral, anal o vaginal; o la introducción, por vía vaginal o anal, de objetos, dedos u órganos distintos al miembro viril, a una persona de cualquier sexo.",2022,5,Fiscalía General del Estado - INEC,Denuncias,Paz,ODS 16
4006,19,Zamora Chinchipe,0000,Total Nacional,Ecuador,Seguridad interna,Seguridad ciudadana,Denuncias de violaciones,Total,Total,11,No Aplica,"Es el acceso carnal, con introducción total o parcial del miembro viril, por vía oral, anal o vaginal; o la introducción, por vía vaginal o anal, de objetos, dedos u órganos distintos al miembro viril, a una persona de cualquier sexo.",2022,5,Fiscalía General del Estado - INEC,Denuncias,Paz,ODS 16
4006,20,Galápagos,0000,Total Nacional,Ecuador,Seguridad interna,Seguridad ciudadana,Denuncias de violaciones,Total,Total,2,No Aplica,"Es el acceso carnal, con introducción total o parcial del miembro viril, por vía oral, anal o vaginal; o la introducción, por vía vaginal o anal, de objetos, dedos u órganos distintos al miembro viril, a una persona de cualquier sexo.",2022,5,Fiscalía General del Estado - INEC,Denuncias,Paz,ODS 16
4006,21,Sucumbios,0000,Total Nacional,Ecuador,Seguridad interna,Seguridad ciudadana,Denuncias de violaciones,Total,Total,19,No Aplica,"Es el acceso carnal, con introducción total o parcial del miembro viril, por vía oral, anal o vaginal; o la introducción, por vía vaginal o anal, de objetos, dedos u órganos distintos al miembro viril, a una persona de cualquier sexo.",2022,5,Fiscalía General del Estado - INEC,Denuncias,Paz,ODS 16
4006,22,Orellana,0000,Total Nacional,Ecuador,Seguridad interna,Seguridad ciudadana,Denuncias de violaciones,Total,Total,16,No Aplica,"Es el acceso carnal, con introducción total o parcial del miembro viril, por vía oral, anal o vaginal; o la introducción, por vía vaginal o anal, de objetos, dedos u órganos distintos al miembro viril, a una persona de cualquier sexo.",2022,5,Fiscalía General del Estado - INEC,Denuncias,Paz,ODS 16
4006,23,Santo Domingo de los Tsáchilas,0000,Total Nacional,Ecuador,Seguridad interna,Seguridad ciudadana,Denuncias de violaciones,Total,Total,18,No Aplica,"Es el acceso carnal, con introducción total o parcial del miembro viril, por vía oral, anal o vaginal; o la introducción, por vía vaginal o anal, de objetos, dedos u órganos distintos al miembro viril, a una persona de cualquier sexo.",2022,5,Fiscalía General del Estado - INEC,Denuncias,Paz,ODS 16
4006,24,Santa Elena,0000,Total Nacional,Ecuador,Seguridad interna,Seguridad ciudadana,Denuncias de violaciones,Total,Total,17,No Aplica,"Es el acceso carnal, con introducción total o parcial del miembro viril, por vía oral, anal o vaginal; o la introducción, por vía vaginal o anal, de objetos, dedos u órganos distintos al miembro viril, a una persona de cualquier sexo.",2022,5,Fiscalía General del Estado - INEC,Denuncias,Paz,ODS 16
4006,00,Total Nacional,0000,Total Nacional,Ecuador,Seguridad interna,Seguridad ciudadana,Denuncias de violaciones,Total,Total,595,No Aplica,"Es el acceso carnal, con introducción total o parcial del miembro viril, por vía oral, anal o vaginal; o la introducción, por vía vaginal o anal, de objetos, dedos u órganos distintos al miembro viril, a una persona de cualquier sexo.",2022,4,Fiscalía General del Estado - INEC,Denuncias,Paz,ODS 16
4006,01,Azuay,0000,Total Nacional,Ecuador,Seguridad interna,Seguridad ciudadana,Denuncias de violaciones,Total,Total,34,No Aplica,"Es el acceso carnal, con introducción total o parcial del miembro viril, por vía oral, anal o vaginal; o la introducción, por vía vaginal o anal, de objetos, dedos u órganos distintos al miembro viril, a una persona de cualquier sexo.",2022,4,Fiscalía General del Estado - INEC,Denuncias,Paz,ODS 16
4006,02,Bolívar,0000,Total Nacional,Ecuador,Seguridad interna,Seguridad ciudadana,Denuncias de violaciones,Total,Total,7,No Aplica,"Es el acceso carnal, con introducción total o parcial del miembro viril, por vía oral, anal o vaginal; o la introducción, por vía vaginal o anal, de objetos, dedos u órganos distintos al miembro viril, a una persona de cualquier sexo.",2022,4,Fiscalía General del Estado - INEC,Denuncias,Paz,ODS 16
4006,03,Cañar,0000,Total Nacional,Ecuador,Seguridad interna,Seguridad ciudadana,Denuncias de violaciones,Total,Total,6,No Aplica,"Es el acceso carnal, con introducción total o parcial del miembro viril, por vía oral, anal o vaginal; o la introducción, por vía vaginal o anal, de objetos, dedos u órganos distintos al miembro viril, a una persona de cualquier sexo.",2022,4,Fiscalía General del Estado - INEC,Denuncias,Paz,ODS 16
4006,04,Carchi,0000,Total Nacional,Ecuador,Seguridad interna,Seguridad ciudadana,Denuncias de violaciones,Total,Total,3,No Aplica,"Es el acceso carnal, con introducción total o parcial del miembro viril, por vía oral, anal o vaginal; o la introducción, por vía vaginal o anal, de objetos, dedos u órganos distintos al miembro viril, a una persona de cualquier sexo.",2022,4,Fiscalía General del Estado - INEC,Denuncias,Paz,ODS 16
4006,05,Cotopaxi,0000,Total Nacional,Ecuador,Seguridad interna,Seguridad ciudadana,Denuncias de violaciones,Total,Total,5,No Aplica,"Es el acceso carnal, con introducción total o parcial del miembro viril, por vía oral, anal o vaginal; o la introducción, por vía vaginal o anal, de objetos, dedos u órganos distintos al miembro viril, a una persona de cualquier sexo.",2022,4,Fiscalía General del Estado - INEC,Denuncias,Paz,ODS 16
4006,06,Chimborazo,0000,Total Nacional,Ecuador,Seguridad interna,Seguridad ciudadana,Denuncias de violaciones,Total,Total,13,No Aplica,"Es el acceso carnal, con introducción total o parcial del miembro viril, por vía oral, anal o vaginal; o la introducción, por vía vaginal o anal, de objetos, dedos u órganos distintos al miembro viril, a una persona de cualquier sexo.",2022,4,Fiscalía General del Estado - INEC,Denuncias,Paz,ODS 16
4006,07,El Oro,0000,Total Nacional,Ecuador,Seguridad interna,Seguridad ciudadana,Denuncias de violaciones,Total,Total,29,No Aplica,"Es el acceso carnal, con introducción total o parcial del miembro viril, por vía oral, anal o vaginal; o la introducción, por vía vaginal o anal, de objetos, dedos u órganos distintos al miembro viril, a una persona de cualquier sexo.",2022,4,Fiscalía General del Estado - INEC,Denuncias,Paz,ODS 16
4006,08,Esmeraldas,0000,Total Nacional,Ecuador,Seguridad interna,Seguridad ciudadana,Denuncias de violaciones,Total,Total,15,No Aplica,"Es el acceso carnal, con introducción total o parcial del miembro viril, por vía oral, anal o vaginal; o la introducción, por vía vaginal o anal, de objetos, dedos u órganos distintos al miembro viril, a una persona de cualquier sexo.",2022,4,Fiscalía General del Estado - INEC,Denuncias,Paz,ODS 16
4006,09,Guayas,0000,Total Nacional,Ecuador,Seguridad interna,Seguridad ciudadana,Denuncias de violaciones,Total,Total,99,No Aplica,"Es el acceso carnal, con introducción total o parcial del miembro viril, por vía oral, anal o vaginal; o la introducción, por vía vaginal o anal, de objetos, dedos u órganos distintos al miembro viril, a una persona de cualquier sexo.",2022,4,Fiscalía General del Estado - INEC,Denuncias,Paz,ODS 16
4006,10,Imbabura,0000,Total Nacional,Ecuador,Seguridad interna,Seguridad ciudadana,Denuncias de violaciones,Total,Total,19,No Aplica,"Es el acceso carnal, con introducción total o parcial del miembro viril, por vía oral, anal o vaginal; o la introducción, por vía vaginal o anal, de objetos, dedos u órganos distintos al miembro viril, a una persona de cualquier sexo.",2022,4,Fiscalía General del Estado - INEC,Denuncias,Paz,ODS 16
4006,11,Loja,0000,Total Nacional,Ecuador,Seguridad interna,Seguridad ciudadana,Denuncias de violaciones,Total,Total,28,No Aplica,"Es el acceso carnal, con introducción total o parcial del miembro viril, por vía oral, anal o vaginal; o la introducción, por vía vaginal o anal, de objetos, dedos u órganos distintos al miembro viril, a una persona de cualquier sexo.",2022,4,Fiscalía General del Estado - INEC,Denuncias,Paz,ODS 16
4006,12,Los Ríos,0000,Total Nacional,Ecuador,Seguridad interna,Seguridad ciudadana,Denuncias de violaciones,Total,Total,19,No Aplica,"Es el acceso carnal, con introducción total o parcial del miembro viril, por vía oral, anal o vaginal; o la introducción, por vía vaginal o anal, de objetos, dedos u órganos distintos al miembro viril, a una persona de cualquier sexo.",2022,4,Fiscalía General del Estado - INEC,Denuncias,Paz,ODS 16
4006,13,Manabí,0000,Total Nacional,Ecuador,Seguridad interna,Seguridad ciudadana,Denuncias de violaciones,Total,Total,36,No Aplica,"Es el acceso carnal, con introducción total o parcial del miembro viril, por vía oral, anal o vaginal; o la introducción, por vía vaginal o anal, de objetos, dedos u órganos distintos al miembro viril, a una persona de cualquier sexo.",2022,4,Fiscalía General del Estado - INEC,Denuncias,Paz,ODS 16
4006,14,Morona Santiago,0000,Total Nacional,Ecuador,Seguridad interna,Seguridad ciudadana,Denuncias de violaciones,Total,Total,23,No Aplica,"Es el acceso carnal, con introducción total o parcial del miembro viril, por vía oral, anal o vaginal; o la introducción, por vía vaginal o anal, de objetos, dedos u órganos distintos al miembro viril, a una persona de cualquier sexo.",2022,4,Fiscalía General del Estado - INEC,Denuncias,Paz,ODS 16
4006,15,Napo,0000,Total Nacional,Ecuador,Seguridad interna,Seguridad ciudadana,Denuncias de violaciones,Total,Total,13,No Aplica,"Es el acceso carnal, con introducción total o parcial del miembro viril, por vía oral, anal o vaginal; o la introducción, por vía vaginal o anal, de objetos, dedos u órganos distintos al miembro viril, a una persona de cualquier sexo.",2022,4,Fiscalía General del Estado - INEC,Denuncias,Paz,ODS 16
4006,16,Pastaza,0000,Total Nacional,Ecuador,Seguridad interna,Seguridad ciudadana,Denuncias de violaciones,Total,Total,11,No Aplica,"Es el acceso carnal, con introducción total o parcial del miembro viril, por vía oral, anal o vaginal; o la introducción, por vía vaginal o anal, de objetos, dedos u órganos distintos al miembro viril, a una persona de cualquier sexo.",2022,4,Fiscalía General del Estado - INEC,Denuncias,Paz,ODS 16
4006,17,Pichincha,0000,Total Nacional,Ecuador,Seguridad interna,Seguridad ciudadana,Denuncias de violaciones,Total,Total,136,No Aplica,"Es el acceso carnal, con introducción total o parcial del miembro viril, por vía oral, anal o vaginal; o la introducción, por vía vaginal o anal, de objetos, dedos u órganos distintos al miembro viril, a una persona de cualquier sexo.",2022,4,Fiscalía General del Estado - INEC,Denuncias,Paz,ODS 16
4006,18,Tungurahua,0000,Total Nacional,Ecuador,Seguridad interna,Seguridad ciudadana,Denuncias de violaciones,Total,Total,16,No Aplica,"Es el acceso carnal, con introducción total o parcial del miembro viril, por vía oral, anal o vaginal; o la introducción, por vía vaginal o anal, de objetos, dedos u órganos distintos al miembro viril, a una persona de cualquier sexo.",2022,4,Fiscalía General del Estado - INEC,Denuncias,Paz,ODS 16
4006,19,Zamora Chinchipe,0000,Total Nacional,Ecuador,Seguridad interna,Seguridad ciudadana,Denuncias de violaciones,Total,Total,7,No Aplica,"Es el acceso carnal, con introducción total o parcial del miembro viril, por vía oral, anal o vaginal; o la introducción, por vía vaginal o anal, de objetos, dedos u órganos distintos al miembro viril, a una persona de cualquier sexo.",2022,4,Fiscalía General del Estado - INEC,Denuncias,Paz,ODS 16
4006,20,Galápagos,0000,Total Nacional,Ecuador,Seguridad interna,Seguridad ciudadana,Denuncias de violaciones,Total,Total,5,No Aplica,"Es el acceso carnal, con introducción total o parcial del miembro viril, por vía oral, anal o vaginal; o la introducción, por vía vaginal o anal, de objetos, dedos u órganos distintos al miembro viril, a una persona de cualquier sexo.",2022,4,Fiscalía General del Estado - INEC,Denuncias,Paz,ODS 16
4006,21,Sucumbios,0000,Total Nacional,Ecuador,Seguridad interna,Seguridad ciudadana,Denuncias de violaciones,Total,Total,23,No Aplica,"Es el acceso carnal, con introducción total o parcial del miembro viril, por vía oral, anal o vaginal; o la introducción, por vía vaginal o anal, de objetos, dedos u órganos distintos al miembro viril, a una persona de cualquier sexo.",2022,4,Fiscalía General del Estado - INEC,Denuncias,Paz,ODS 16
4006,22,Orellana,0000,Total Nacional,Ecuador,Seguridad interna,Seguridad ciudadana,Denuncias de violaciones,Total,Total,14,No Aplica,"Es el acceso carnal, con introducción total o parcial del miembro viril, por vía oral, anal o vaginal; o la introducción, por vía vaginal o anal, de objetos, dedos u órganos distintos al miembro viril, a una persona de cualquier sexo.",2022,4,Fiscalía General del Estado - INEC,Denuncias,Paz,ODS 16
4006,23,Santo Domingo de los Tsáchilas,0000,Total Nacional,Ecuador,Seguridad interna,Seguridad ciudadana,Denuncias de violaciones,Total,Total,24,No Aplica,"Es el acceso carnal, con introducción total o parcial del miembro viril, por vía oral, anal o vaginal; o la introducción, por vía vaginal o anal, de objetos, dedos u órganos distintos al miembro viril, a una persona de cualquier sexo.",2022,4,Fiscalía General del Estado - INEC,Denuncias,Paz,ODS 16
4006,24,Santa Elena,0000,Total Nacional,Ecuador,Seguridad interna,Seguridad ciudadana,Denuncias de violaciones,Total,Total,10,No Aplica,"Es el acceso carnal, con introducción total o parcial del miembro viril, por vía oral, anal o vaginal; o la introducción, por vía vaginal o anal, de objetos, dedos u órganos distintos al miembro viril, a una persona de cualquier sexo.",2022,4,Fiscalía General del Estado - INEC,Denuncias,Paz,ODS 16
4006,00,Total Nacional,0000,Total Nacional,Ecuador,Seguridad interna,Seguridad ciudadana,Denuncias de violaciones,Total,Total,590,No Aplica,"Es el acceso carnal, con introducción total o parcial del miembro viril, por vía oral, anal o vaginal; o la introducción, por vía vaginal o anal, de objetos, dedos u órganos distintos al miembro viril, a una persona de cualquier sexo.",2022,3,Fiscalía General del Estado - INEC,Denuncias,Paz,ODS 16
4006,01,Azuay,0000,Total Nacional,Ecuador,Seguridad interna,Seguridad ciudadana,Denuncias de violaciones,Total,Total,29,No Aplica,"Es el acceso carnal, con introducción total o parcial del miembro viril, por vía oral, anal o vaginal; o la introducción, por vía vaginal o anal, de objetos, dedos u órganos distintos al miembro viril, a una persona de cualquier sexo.",2022,3,Fiscalía General del Estado - INEC,Denuncias,Paz,ODS 16
4006,02,Bolívar,0000,Total Nacional,Ecuador,Seguridad interna,Seguridad ciudadana,Denuncias de violaciones,Total,Total,8,No Aplica,"Es el acceso carnal, con introducción total o parcial del miembro viril, por vía oral, anal o vaginal; o la introducción, por vía vaginal o anal, de objetos, dedos u órganos distintos al miembro viril, a una persona de cualquier sexo.",2022,3,Fiscalía General del Estado - INEC,Denuncias,Paz,ODS 16
4006,03,Cañar,0000,Total Nacional,Ecuador,Seguridad interna,Seguridad ciudadana,Denuncias de violaciones,Total,Total,9,No Aplica,"Es el acceso carnal, con introducción total o parcial del miembro viril, por vía oral, anal o vaginal; o la introducción, por vía vaginal o anal, de objetos, dedos u órganos distintos al miembro viril, a una persona de cualquier sexo.",2022,3,Fiscalía General del Estado - INEC,Denuncias,Paz,ODS 16
4006,04,Carchi,0000,Total Nacional,Ecuador,Seguridad interna,Seguridad ciudadana,Denuncias de violaciones,Total,Total,8,No Aplica,"Es el acceso carnal, con introducción total o parcial del miembro viril, por vía oral, anal o vaginal; o la introducción, por vía vaginal o anal, de objetos, dedos u órganos distintos al miembro viril, a una persona de cualquier sexo.",2022,3,Fiscalía General del Estado - INEC,Denuncias,Paz,ODS 16
4006,05,Cotopaxi,0000,Total Nacional,Ecuador,Seguridad interna,Seguridad ciudadana,Denuncias de violaciones,Total,Total,7,No Aplica,"Es el acceso carnal, con introducción total o parcial del miembro viril, por vía oral, anal o vaginal; o la introducción, por vía vaginal o anal, de objetos, dedos u órganos distintos al miembro viril, a una persona de cualquier sexo.",2022,3,Fiscalía General del Estado - INEC,Denuncias,Paz,ODS 16
4006,06,Chimborazo,0000,Total Nacional,Ecuador,Seguridad interna,Seguridad ciudadana,Denuncias de violaciones,Total,Total,14,No Aplica,"Es el acceso carnal, con introducción total o parcial del miembro viril, por vía oral, anal o vaginal; o la introducción, por vía vaginal o anal, de objetos, dedos u órganos distintos al miembro viril, a una persona de cualquier sexo.",2022,3,Fiscalía General del Estado - INEC,Denuncias,Paz,ODS 16
4006,07,El Oro,0000,Total Nacional,Ecuador,Seguridad interna,Seguridad ciudadana,Denuncias de violaciones,Total,Total,30,No Aplica,"Es el acceso carnal, con introducción total o parcial del miembro viril, por vía oral, anal o vaginal; o la introducción, por vía vaginal o anal, de objetos, dedos u órganos distintos al miembro viril, a una persona de cualquier sexo.",2022,3,Fiscalía General del Estado - INEC,Denuncias,Paz,ODS 16
4006,08,Esmeraldas,0000,Total Nacional,Ecuador,Seguridad interna,Seguridad ciudadana,Denuncias de violaciones,Total,Total,19,No Aplica,"Es el acceso carnal, con introducción total o parcial del miembro viril, por vía oral, anal o vaginal; o la introducción, por vía vaginal o anal, de objetos, dedos u órganos distintos al miembro viril, a una persona de cualquier sexo.",2022,3,Fiscalía General del Estado - INEC,Denuncias,Paz,ODS 16
4006,09,Guayas,0000,Total Nacional,Ecuador,Seguridad interna,Seguridad ciudadana,Denuncias de violaciones,Total,Total,95,No Aplica,"Es el acceso carnal, con introducción total o parcial del miembro viril, por vía oral, anal o vaginal; o la introducción, por vía vaginal o anal, de objetos, dedos u órganos distintos al miembro viril, a una persona de cualquier sexo.",2022,3,Fiscalía General del Estado - INEC,Denuncias,Paz,ODS 16
4006,10,Imbabura,0000,Total Nacional,Ecuador,Seguridad interna,Seguridad ciudadana,Denuncias de violaciones,Total,Total,23,No Aplica,"Es el acceso carnal, con introducción total o parcial del miembro viril, por vía oral, anal o vaginal; o la introducción, por vía vaginal o anal, de objetos, dedos u órganos distintos al miembro viril, a una persona de cualquier sexo.",2022,3,Fiscalía General del Estado - INEC,Denuncias,Paz,ODS 16
4006,11,Loja,0000,Total Nacional,Ecuador,Seguridad interna,Seguridad ciudadana,Denuncias de violaciones,Total,Total,12,No Aplica,"Es el acceso carnal, con introducción total o parcial del miembro viril, por vía oral, anal o vaginal; o la introducción, por vía vaginal o anal, de objetos, dedos u órganos distintos al miembro viril, a una persona de cualquier sexo.",2022,3,Fiscalía General del Estado - INEC,Denuncias,Paz,ODS 16
4006,12,Los Ríos,0000,Total Nacional,Ecuador,Seguridad interna,Seguridad ciudadana,Denuncias de violaciones,Total,Total,18,No Aplica,"Es el acceso carnal, con introducción total o parcial del miembro viril, por vía oral, anal o vaginal; o la introducción, por vía vaginal o anal, de objetos, dedos u órganos distintos al miembro viril, a una persona de cualquier sexo.",2022,3,Fiscalía General del Estado - INEC,Denuncias,Paz,ODS 16
4006,13,Manabí,0000,Total Nacional,Ecuador,Seguridad interna,Seguridad ciudadana,Denuncias de violaciones,Total,Total,33,No Aplica,"Es el acceso carnal, con introducción total o parcial del miembro viril, por vía oral, anal o vaginal; o la introducción, por vía vaginal o anal, de objetos, dedos u órganos distintos al miembro viril, a una persona de cualquier sexo.",2022,3,Fiscalía General del Estado - INEC,Denuncias,Paz,ODS 16
4006,14,Morona Santiago,0000,Total Nacional,Ecuador,Seguridad interna,Seguridad ciudadana,Denuncias de violaciones,Total,Total,28,No Aplica,"Es el acceso carnal, con introducción total o parcial del miembro viril, por vía oral, anal o vaginal; o la introducción, por vía vaginal o anal, de objetos, dedos u órganos distintos al miembro viril, a una persona de cualquier sexo.",2022,3,Fiscalía General del Estado - INEC,Denuncias,Paz,ODS 16
4006,15,Napo,0000,Total Nacional,Ecuador,Seguridad interna,Seguridad ciudadana,Denuncias de violaciones,Total,Total,18,No Aplica,"Es el acceso carnal, con introducción total o parcial del miembro viril, por vía oral, anal o vaginal; o la introducción, por vía vaginal o anal, de objetos, dedos u órganos distintos al miembro viril, a una persona de cualquier sexo.",2022,3,Fiscalía General del Estado - INEC,Denuncias,Paz,ODS 16
4006,16,Pastaza,0000,Total Nacional,Ecuador,Seguridad interna,Seguridad ciudadana,Denuncias de violaciones,Total,Total,9,No Aplica,"Es el acceso carnal, con introducción total o parcial del miembro viril, por vía oral, anal o vaginal; o la introducción, por vía vaginal o anal, de objetos, dedos u órganos distintos al miembro viril, a una persona de cualquier sexo.",2022,3,Fiscalía General del Estado - INEC,Denuncias,Paz,ODS 16
4006,17,Pichincha,0000,Total Nacional,Ecuador,Seguridad interna,Seguridad ciudadana,Denuncias de violaciones,Total,Total,137,No Aplica,"Es el acceso carnal, con introducción total o parcial del miembro viril, por vía oral, anal o vaginal; o la introducción, por vía vaginal o anal, de objetos, dedos u órganos distintos al miembro viril, a una persona de cualquier sexo.",2022,3,Fiscalía General del Estado - INEC,Denuncias,Paz,ODS 16
4006,18,Tungurahua,0000,Total Nacional,Ecuador,Seguridad interna,Seguridad ciudadana,Denuncias de violaciones,Total,Total,18,No Aplica,"Es el acceso carnal, con introducción total o parcial del miembro viril, por vía oral, anal o vaginal; o la introducción, por vía vaginal o anal, de objetos, dedos u órganos distintos al miembro viril, a una persona de cualquier sexo.",2022,3,Fiscalía General del Estado - INEC,Denuncias,Paz,ODS 16
4006,19,Zamora Chinchipe,0000,Total Nacional,Ecuador,Seguridad interna,Seguridad ciudadana,Denuncias de violaciones,Total,Total,11,No Aplica,"Es el acceso carnal, con introducción total o parcial del miembro viril, por vía oral, anal o vaginal; o la introducción, por vía vaginal o anal, de objetos, dedos u órganos distintos al miembro viril, a una persona de cualquier sexo.",2022,3,Fiscalía General del Estado - INEC,Denuncias,Paz,ODS 16
4006,20,Galápagos,0000,Total Nacional,Ecuador,Seguridad interna,Seguridad ciudadana,Denuncias de violaciones,Total,Total,1,No Aplica,"Es el acceso carnal, con introducción total o parcial del miembro viril, por vía oral, anal o vaginal; o la introducción, por vía vaginal o anal, de objetos, dedos u órganos distintos al miembro viril, a una persona de cualquier sexo.",2022,3,Fiscalía General del Estado - INEC,Denuncias,Paz,ODS 16
4006,21,Sucumbios,0000,Total Nacional,Ecuador,Seguridad interna,Seguridad ciudadana,Denuncias de violaciones,Total,Total,21,No Aplica,"Es el acceso carnal, con introducción total o parcial del miembro viril, por vía oral, anal o vaginal; o la introducción, por vía vaginal o anal, de objetos, dedos u órganos distintos al miembro viril, a una persona de cualquier sexo.",2022,3,Fiscalía General del Estado - INEC,Denuncias,Paz,ODS 16
4006,22,Orellana,0000,Total Nacional,Ecuador,Seguridad interna,Seguridad ciudadana,Denuncias de violaciones,Total,Total,6,No Aplica,"Es el acceso carnal, con introducción total o parcial del miembro viril, por vía oral, anal o vaginal; o la introducción, por vía vaginal o anal, de objetos, dedos u órganos distintos al miembro viril, a una persona de cualquier sexo.",2022,3,Fiscalía General del Estado - INEC,Denuncias,Paz,ODS 16
4006,23,Santo Domingo de los Tsáchilas,0000,Total Nacional,Ecuador,Seguridad interna,Seguridad ciudadana,Denuncias de violaciones,Total,Total,27,No Aplica,"Es el acceso carnal, con introducción total o parcial del miembro viril, por vía oral, anal o vaginal; o la introducción, por vía vaginal o anal, de objetos, dedos u órganos distintos al miembro viril, a una persona de cualquier sexo.",2022,3,Fiscalía General del Estado - INEC,Denuncias,Paz,ODS 16
4006,24,Santa Elena,0000,Total Nacional,Ecuador,Seguridad interna,Seguridad ciudadana,Denuncias de violaciones,Total,Total,9,No Aplica,"Es el acceso carnal, con introducción total o parcial del miembro viril, por vía oral, anal o vaginal; o la introducción, por vía vaginal o anal, de objetos, dedos u órganos distintos al miembro viril, a una persona de cualquier sexo.",2022,3,Fiscalía General del Estado - INEC,Denuncias,Paz,ODS 16
4006,00,Total Nacional,0000,Total Nacional,Ecuador,Seguridad interna,Seguridad ciudadana,Denuncias de violaciones,Total,Total,572,No Aplica,"Es el acceso carnal, con introducción total o parcial del miembro viril, por vía oral, anal o vaginal; o la introducción, por vía vaginal o anal, de objetos, dedos u órganos distintos al miembro viril, a una persona de cualquier sexo.",2022,2,Fiscalía General del Estado - INEC,Denuncias,Paz,ODS 16
4006,01,Azuay,0000,Total Nacional,Ecuador,Seguridad interna,Seguridad ciudadana,Denuncias de violaciones,Total,Total,23,No Aplica,"Es el acceso carnal, con introducción total o parcial del miembro viril, por vía oral, anal o vaginal; o la introducción, por vía vaginal o anal, de objetos, dedos u órganos distintos al miembro viril, a una persona de cualquier sexo.",2022,2,Fiscalía General del Estado - INEC,Denuncias,Paz,ODS 16
4006,02,Bolívar,0000,Total Nacional,Ecuador,Seguridad interna,Seguridad ciudadana,Denuncias de violaciones,Total,Total,3,No Aplica,"Es el acceso carnal, con introducción total o parcial del miembro viril, por vía oral, anal o vaginal; o la introducción, por vía vaginal o anal, de objetos, dedos u órganos distintos al miembro viril, a una persona de cualquier sexo.",2022,2,Fiscalía General del Estado - INEC,Denuncias,Paz,ODS 16
4006,03,Cañar,0000,Total Nacional,Ecuador,Seguridad interna,Seguridad ciudadana,Denuncias de violaciones,Total,Total,12,No Aplica,"Es el acceso carnal, con introducción total o parcial del miembro viril, por vía oral, anal o vaginal; o la introducción, por vía vaginal o anal, de objetos, dedos u órganos distintos al miembro viril, a una persona de cualquier sexo.",2022,2,Fiscalía General del Estado - INEC,Denuncias,Paz,ODS 16
4006,04,Carchi,0000,Total Nacional,Ecuador,Seguridad interna,Seguridad ciudadana,Denuncias de violaciones,Total,Total,7,No Aplica,"Es el acceso carnal, con introducción total o parcial del miembro viril, por vía oral, anal o vaginal; o la introducción, por vía vaginal o anal, de objetos, dedos u órganos distintos al miembro viril, a una persona de cualquier sexo.",2022,2,Fiscalía General del Estado - INEC,Denuncias,Paz,ODS 16
4006,05,Cotopaxi,0000,Total Nacional,Ecuador,Seguridad interna,Seguridad ciudadana,Denuncias de violaciones,Total,Total,8,No Aplica,"Es el acceso carnal, con introducción total o parcial del miembro viril, por vía oral, anal o vaginal; o la introducción, por vía vaginal o anal, de objetos, dedos u órganos distintos al miembro viril, a una persona de cualquier sexo.",2022,2,Fiscalía General del Estado - INEC,Denuncias,Paz,ODS 16
4006,06,Chimborazo,0000,Total Nacional,Ecuador,Seguridad interna,Seguridad ciudadana,Denuncias de violaciones,Total,Total,23,No Aplica,"Es el acceso carnal, con introducción total o parcial del miembro viril, por vía oral, anal o vaginal; o la introducción, por vía vaginal o anal, de objetos, dedos u órganos distintos al miembro viril, a una persona de cualquier sexo.",2022,2,Fiscalía General del Estado - INEC,Denuncias,Paz,ODS 16
4006,07,El Oro,0000,Total Nacional,Ecuador,Seguridad interna,Seguridad ciudadana,Denuncias de violaciones,Total,Total,30,No Aplica,"Es el acceso carnal, con introducción total o parcial del miembro viril, por vía oral, anal o vaginal; o la introducción, por vía vaginal o anal, de objetos, dedos u órganos distintos al miembro viril, a una persona de cualquier sexo.",2022,2,Fiscalía General del Estado - INEC,Denuncias,Paz,ODS 16
4006,08,Esmeraldas,0000,Total Nacional,Ecuador,Seguridad interna,Seguridad ciudadana,Denuncias de violaciones,Total,Total,15,No Aplica,"Es el acceso carnal, con introducción total o parcial del miembro viril, por vía oral, anal o vaginal; o la introducción, por vía vaginal o anal, de objetos, dedos u órganos distintos al miembro viril, a una persona de cualquier sexo.",2022,2,Fiscalía General del Estado - INEC,Denuncias,Paz,ODS 16
4006,09,Guayas,0000,Total Nacional,Ecuador,Seguridad interna,Seguridad ciudadana,Denuncias de violaciones,Total,Total,89,No Aplica,"Es el acceso carnal, con introducción total o parcial del miembro viril, por vía oral, anal o vaginal; o la introducción, por vía vaginal o anal, de objetos, dedos u órganos distintos al miembro viril, a una persona de cualquier sexo.",2022,2,Fiscalía General del Estado - INEC,Denuncias,Paz,ODS 16
4006,10,Imbabura,0000,Total Nacional,Ecuador,Seguridad interna,Seguridad ciudadana,Denuncias de violaciones,Total,Total,16,No Aplica,"Es el acceso carnal, con introducción total o parcial del miembro viril, por vía oral, anal o vaginal; o la introducción, por vía vaginal o anal, de objetos, dedos u órganos distintos al miembro viril, a una persona de cualquier sexo.",2022,2,Fiscalía General del Estado - INEC,Denuncias,Paz,ODS 16
4006,11,Loja,0000,Total Nacional,Ecuador,Seguridad interna,Seguridad ciudadana,Denuncias de violaciones,Total,Total,18,No Aplica,"Es el acceso carnal, con introducción total o parcial del miembro viril, por vía oral, anal o vaginal; o la introducción, por vía vaginal o anal, de objetos, dedos u órganos distintos al miembro viril, a una persona de cualquier sexo.",2022,2,Fiscalía General del Estado - INEC,Denuncias,Paz,ODS 16
4006,12,Los Ríos,0000,Total Nacional,Ecuador,Seguridad interna,Seguridad ciudadana,Denuncias de violaciones,Total,Total,20,No Aplica,"Es el acceso carnal, con introducción total o parcial del miembro viril, por vía oral, anal o vaginal; o la introducción, por vía vaginal o anal, de objetos, dedos u órganos distintos al miembro viril, a una persona de cualquier sexo.",2022,2,Fiscalía General del Estado - INEC,Denuncias,Paz,ODS 16
4006,13,Manabí,0000,Total Nacional,Ecuador,Seguridad interna,Seguridad ciudadana,Denuncias de violaciones,Total,Total,45,No Aplica,"Es el acceso carnal, con introducción total o parcial del miembro viril, por vía oral, anal o vaginal; o la introducción, por vía vaginal o anal, de objetos, dedos u órganos distintos al miembro viril, a una persona de cualquier sexo.",2022,2,Fiscalía General del Estado - INEC,Denuncias,Paz,ODS 16
4006,14,Morona Santiago,0000,Total Nacional,Ecuador,Seguridad interna,Seguridad ciudadana,Denuncias de violaciones,Total,Total,36,No Aplica,"Es el acceso carnal, con introducción total o parcial del miembro viril, por vía oral, anal o vaginal; o la introducción, por vía vaginal o anal, de objetos, dedos u órganos distintos al miembro viril, a una persona de cualquier sexo.",2022,2,Fiscalía General del Estado - INEC,Denuncias,Paz,ODS 16
4006,15,Napo,0000,Total Nacional,Ecuador,Seguridad interna,Seguridad ciudadana,Denuncias de violaciones,Total,Total,17,No Aplica,"Es el acceso carnal, con introducción total o parcial del miembro viril, por vía oral, anal o vaginal; o la introducción, por vía vaginal o anal, de objetos, dedos u órganos distintos al miembro viril, a una persona de cualquier sexo.",2022,2,Fiscalía General del Estado - INEC,Denuncias,Paz,ODS 16
4006,16,Pastaza,0000,Total Nacional,Ecuador,Seguridad interna,Seguridad ciudadana,Denuncias de violaciones,Total,Total,5,No Aplica,"Es el acceso carnal, con introducción total o parcial del miembro viril, por vía oral, anal o vaginal; o la introducción, por vía vaginal o anal, de objetos, dedos u órganos distintos al miembro viril, a una persona de cualquier sexo.",2022,2,Fiscalía General del Estado - INEC,Denuncias,Paz,ODS 16
4006,17,Pichincha,0000,Total Nacional,Ecuador,Seguridad interna,Seguridad ciudadana,Denuncias de violaciones,Total,Total,97,No Aplica,"Es el acceso carnal, con introducción total o parcial del miembro viril, por vía oral, anal o vaginal; o la introducción, por vía vaginal o anal, de objetos, dedos u órganos distintos al miembro viril, a una persona de cualquier sexo.",2022,2,Fiscalía General del Estado - INEC,Denuncias,Paz,ODS 16
4006,18,Tungurahua,0000,Total Nacional,Ecuador,Seguridad interna,Seguridad ciudadana,Denuncias de violaciones,Total,Total,12,No Aplica,"Es el acceso carnal, con introducción total o parcial del miembro viril, por vía oral, anal o vaginal; o la introducción, por vía vaginal o anal, de objetos, dedos u órganos distintos al miembro viril, a una persona de cualquier sexo.",2022,2,Fiscalía General del Estado - INEC,Denuncias,Paz,ODS 16
4006,19,Zamora Chinchipe,0000,Total Nacional,Ecuador,Seguridad interna,Seguridad ciudadana,Denuncias de violaciones,Total,Total,6,No Aplica,"Es el acceso carnal, con introducción total o parcial del miembro viril, por vía oral, anal o vaginal; o la introducción, por vía vaginal o anal, de objetos, dedos u órganos distintos al miembro viril, a una persona de cualquier sexo.",2022,2,Fiscalía General del Estado - INEC,Denuncias,Paz,ODS 16
4006,20,Galápagos,0000,Total Nacional,Ecuador,Seguridad interna,Seguridad ciudadana,Denuncias de violaciones,Total,Total,2,No Aplica,"Es el acceso carnal, con introducción total o parcial del miembro viril, por vía oral, anal o vaginal; o la introducción, por vía vaginal o anal, de objetos, dedos u órganos distintos al miembro viril, a una persona de cualquier sexo.",2022,2,Fiscalía General del Estado - INEC,Denuncias,Paz,ODS 16
4006,21,Sucumbios,0000,Total Nacional,Ecuador,Seguridad interna,Seguridad ciudadana,Denuncias de violaciones,Total,Total,29,No Aplica,"Es el acceso carnal, con introducción total o parcial del miembro viril, por vía oral, anal o vaginal; o la introducción, por vía vaginal o anal, de objetos, dedos u órganos distintos al miembro viril, a una persona de cualquier sexo.",2022,2,Fiscalía General del Estado - INEC,Denuncias,Paz,ODS 16
4006,22,Orellana,0000,Total Nacional,Ecuador,Seguridad interna,Seguridad ciudadana,Denuncias de violaciones,Total,Total,19,No Aplica,"Es el acceso carnal, con introducción total o parcial del miembro viril, por vía oral, anal o vaginal; o la introducción, por vía vaginal o anal, de objetos, dedos u órganos distintos al miembro viril, a una persona de cualquier sexo.",2022,2,Fiscalía General del Estado - INEC,Denuncias,Paz,ODS 16
4006,23,Santo Domingo de los Tsáchilas,0000,Total Nacional,Ecuador,Seguridad interna,Seguridad ciudadana,Denuncias de violaciones,Total,Total,24,No Aplica,"Es el acceso carnal, con introducción total o parcial del miembro viril, por vía oral, anal o vaginal; o la introducción, por vía vaginal o anal, de objetos, dedos u órganos distintos al miembro viril, a una persona de cualquier sexo.",2022,2,Fiscalía General del Estado - INEC,Denuncias,Paz,ODS 16
4006,24,Santa Elena,0000,Total Nacional,Ecuador,Seguridad interna,Seguridad ciudadana,Denuncias de violaciones,Total,Total,16,No Aplica,"Es el acceso carnal, con introducción total o parcial del miembro viril, por vía oral, anal o vaginal; o la introducción, por vía vaginal o anal, de objetos, dedos u órganos distintos al miembro viril, a una persona de cualquier sexo.",2022,2,Fiscalía General del Estado - INEC,Denuncias,Paz,ODS 16
4006,00,Total Nacional,0000,Total Nacional,Ecuador,Seguridad interna,Seguridad ciudadana,Denuncias de violaciones,Total,Total,474,No Aplica,"Es el acceso carnal, con introducción total o parcial del miembro viril, por vía oral, anal o vaginal; o la introducción, por vía vaginal o anal, de objetos, dedos u órganos distintos al miembro viril, a una persona de cualquier sexo.",2022,1,Fiscalía General del Estado - INEC,Denuncias,Paz,ODS 16
4006,01,Azuay,0000,Total Nacional,Ecuador,Seguridad interna,Seguridad ciudadana,Denuncias de violaciones,Total,Total,16,No Aplica,"Es el acceso carnal, con introducción total o parcial del miembro viril, por vía oral, anal o vaginal; o la introducción, por vía vaginal o anal, de objetos, dedos u órganos distintos al miembro viril, a una persona de cualquier sexo.",2022,1,Fiscalía General del Estado - INEC,Denuncias,Paz,ODS 16
4006,02,Bolívar,0000,Total Nacional,Ecuador,Seguridad interna,Seguridad ciudadana,Denuncias de violaciones,Total,Total,9,No Aplica,"Es el acceso carnal, con introducción total o parcial del miembro viril, por vía oral, anal o vaginal; o la introducción, por vía vaginal o anal, de objetos, dedos u órganos distintos al miembro viril, a una persona de cualquier sexo.",2022,1,Fiscalía General del Estado - INEC,Denuncias,Paz,ODS 16
4006,03,Cañar,0000,Total Nacional,Ecuador,Seguridad interna,Seguridad ciudadana,Denuncias de violaciones,Total,Total,3,No Aplica,"Es el acceso carnal, con introducción total o parcial del miembro viril, por vía oral, anal o vaginal; o la introducción, por vía vaginal o anal, de objetos, dedos u órganos distintos al miembro viril, a una persona de cualquier sexo.",2022,1,Fiscalía General del Estado - INEC,Denuncias,Paz,ODS 16
4006,04,Carchi,0000,Total Nacional,Ecuador,Seguridad interna,Seguridad ciudadana,Denuncias de violaciones,Total,Total,4,No Aplica,"Es el acceso carnal, con introducción total o parcial del miembro viril, por vía oral, anal o vaginal; o la introducción, por vía vaginal o anal, de objetos, dedos u órganos distintos al miembro viril, a una persona de cualquier sexo.",2022,1,Fiscalía General del Estado - INEC,Denuncias,Paz,ODS 16
4006,05,Cotopaxi,0000,Total Nacional,Ecuador,Seguridad interna,Seguridad ciudadana,Denuncias de violaciones,Total,Total,11,No Aplica,"Es el acceso carnal, con introducción total o parcial del miembro viril, por vía oral, anal o vaginal; o la introducción, por vía vaginal o anal, de objetos, dedos u órganos distintos al miembro viril, a una persona de cualquier sexo.",2022,1,Fiscalía General del Estado - INEC,Denuncias,Paz,ODS 16
4006,06,Chimborazo,0000,Total Nacional,Ecuador,Seguridad interna,Seguridad ciudadana,Denuncias de violaciones,Total,Total,7,No Aplica,"Es el acceso carnal, con introducción total o parcial del miembro viril, por vía oral, anal o vaginal; o la introducción, por vía vaginal o anal, de objetos, dedos u órganos distintos al miembro viril, a una persona de cualquier sexo.",2022,1,Fiscalía General del Estado - INEC,Denuncias,Paz,ODS 16
4006,07,El Oro,0000,Total Nacional,Ecuador,Seguridad interna,Seguridad ciudadana,Denuncias de violaciones,Total,Total,28,No Aplica,"Es el acceso carnal, con introducción total o parcial del miembro viril, por vía oral, anal o vaginal; o la introducción, por vía vaginal o anal, de objetos, dedos u órganos distintos al miembro viril, a una persona de cualquier sexo.",2022,1,Fiscalía General del Estado - INEC,Denuncias,Paz,ODS 16
4006,08,Esmeraldas,0000,Total Nacional,Ecuador,Seguridad interna,Seguridad ciudadana,Denuncias de violaciones,Total,Total,22,No Aplica,"Es el acceso carnal, con introducción total o parcial del miembro viril, por vía oral, anal o vaginal; o la introducción, por vía vaginal o anal, de objetos, dedos u órganos distintos al miembro viril, a una persona de cualquier sexo.",2022,1,Fiscalía General del Estado - INEC,Denuncias,Paz,ODS 16
4006,09,Guayas,0000,Total Nacional,Ecuador,Seguridad interna,Seguridad ciudadana,Denuncias de violaciones,Total,Total,66,No Aplica,"Es el acceso carnal, con introducción total o parcial del miembro viril, por vía oral, anal o vaginal; o la introducción, por vía vaginal o anal, de objetos, dedos u órganos distintos al miembro viril, a una persona de cualquier sexo.",2022,1,Fiscalía General del Estado - INEC,Denuncias,Paz,ODS 16
4006,10,Imbabura,0000,Total Nacional,Ecuador,Seguridad interna,Seguridad ciudadana,Denuncias de violaciones,Total,Total,12,No Aplica,"Es el acceso carnal, con introducción total o parcial del miembro viril, por vía oral, anal o vaginal; o la introducción, por vía vaginal o anal, de objetos, dedos u órganos distintos al miembro viril, a una persona de cualquier sexo.",2022,1,Fiscalía General del Estado - INEC,Denuncias,Paz,ODS 16
4006,11,Loja,0000,Total Nacional,Ecuador,Seguridad interna,Seguridad ciudadana,Denuncias de violaciones,Total,Total,11,No Aplica,"Es el acceso carnal, con introducción total o parcial del miembro viril, por vía oral, anal o vaginal; o la introducción, por vía vaginal o anal, de objetos, dedos u órganos distintos al miembro viril, a una persona de cualquier sexo.",2022,1,Fiscalía General del Estado - INEC,Denuncias,Paz,ODS 16
4006,12,Los Ríos,0000,Total Nacional,Ecuador,Seguridad interna,Seguridad ciudadana,Denuncias de violaciones,Total,Total,20,No Aplica,"Es el acceso carnal, con introducción total o parcial del miembro viril, por vía oral, anal o vaginal; o la introducción, por vía vaginal o anal, de objetos, dedos u órganos distintos al miembro viril, a una persona de cualquier sexo.",2022,1,Fiscalía General del Estado - INEC,Denuncias,Paz,ODS 16
4006,13,Manabí,0000,Total Nacional,Ecuador,Seguridad interna,Seguridad ciudadana,Denuncias de violaciones,Total,Total,35,No Aplica,"Es el acceso carnal, con introducción total o parcial del miembro viril, por vía oral, anal o vaginal; o la introducción, por vía vaginal o anal, de objetos, dedos u órganos distintos al miembro viril, a una persona de cualquier sexo.",2022,1,Fiscalía General del Estado - INEC,Denuncias,Paz,ODS 16
4006,14,Morona Santiago,0000,Total Nacional,Ecuador,Seguridad interna,Seguridad ciudadana,Denuncias de violaciones,Total,Total,18,No Aplica,"Es el acceso carnal, con introducción total o parcial del miembro viril, por vía oral, anal o vaginal; o la introducción, por vía vaginal o anal, de objetos, dedos u órganos distintos al miembro viril, a una persona de cualquier sexo.",2022,1,Fiscalía General del Estado - INEC,Denuncias,Paz,ODS 16
4006,15,Napo,0000,Total Nacional,Ecuador,Seguridad interna,Seguridad ciudadana,Denuncias de violaciones,Total,Total,11,No Aplica,"Es el acceso carnal, con introducción total o parcial del miembro viril, por vía oral, anal o vaginal; o la introducción, por vía vaginal o anal, de objetos, dedos u órganos distintos al miembro viril, a una persona de cualquier sexo.",2022,1,Fiscalía General del Estado - INEC,Denuncias,Paz,ODS 16
4006,16,Pastaza,0000,Total Nacional,Ecuador,Seguridad interna,Seguridad ciudadana,Denuncias de violaciones,Total,Total,12,No Aplica,"Es el acceso carnal, con introducción total o parcial del miembro viril, por vía oral, anal o vaginal; o la introducción, por vía vaginal o anal, de objetos, dedos u órganos distintos al miembro viril, a una persona de cualquier sexo.",2022,1,Fiscalía General del Estado - INEC,Denuncias,Paz,ODS 16
4006,17,Pichincha,0000,Total Nacional,Ecuador,Seguridad interna,Seguridad ciudadana,Denuncias de violaciones,Total,Total,106,No Aplica,"Es el acceso carnal, con introducción total o parcial del miembro viril, por vía oral, anal o vaginal; o la introducción, por vía vaginal o anal, de objetos, dedos u órganos distintos al miembro viril, a una persona de cualquier sexo.",2022,1,Fiscalía General del Estado - INEC,Denuncias,Paz,ODS 16
4006,18,Tungurahua,0000,Total Nacional,Ecuador,Seguridad interna,Seguridad ciudadana,Denuncias de violaciones,Total,Total,15,No Aplica,"Es el acceso carnal, con introducción total o parcial del miembro viril, por vía oral, anal o vaginal; o la introducción, por vía vaginal o anal, de objetos, dedos u órganos distintos al miembro viril, a una persona de cualquier sexo.",2022,1,Fiscalía General del Estado - INEC,Denuncias,Paz,ODS 16
4006,19,Zamora Chinchipe,0000,Total Nacional,Ecuador,Seguridad interna,Seguridad ciudadana,Denuncias de violaciones,Total,Total,9,No Aplica,"Es el acceso carnal, con introducción total o parcial del miembro viril, por vía oral, anal o vaginal; o la introducción, por vía vaginal o anal, de objetos, dedos u órganos distintos al miembro viril, a una persona de cualquier sexo.",2022,1,Fiscalía General del Estado - INEC,Denuncias,Paz,ODS 16
4006,20,Galápagos,0000,Total Nacional,Ecuador,Seguridad interna,Seguridad ciudadana,Denuncias de violaciones,Total,Total,1,No Aplica,"Es el acceso carnal, con introducción total o parcial del miembro viril, por vía oral, anal o vaginal; o la introducción, por vía vaginal o anal, de objetos, dedos u órganos distintos al miembro viril, a una persona de cualquier sexo.",2022,1,Fiscalía General del Estado - INEC,Denuncias,Paz,ODS 16
4006,21,Sucumbios,0000,Total Nacional,Ecuador,Seguridad interna,Seguridad ciudadana,Denuncias de violaciones,Total,Total,15,No Aplica,"Es el acceso carnal, con introducción total o parcial del miembro viril, por vía oral, anal o vaginal; o la introducción, por vía vaginal o anal, de objetos, dedos u órganos distintos al miembro viril, a una persona de cualquier sexo.",2022,1,Fiscalía General del Estado - INEC,Denuncias,Paz,ODS 16
4006,22,Orellana,0000,Total Nacional,Ecuador,Seguridad interna,Seguridad ciudadana,Denuncias de violaciones,Total,Total,11,No Aplica,"Es el acceso carnal, con introducción total o parcial del miembro viril, por vía oral, anal o vaginal; o la introducción, por vía vaginal o anal, de objetos, dedos u órganos distintos al miembro viril, a una persona de cualquier sexo.",2022,1,Fiscalía General del Estado - INEC,Denuncias,Paz,ODS 16
4006,23,Santo Domingo de los Tsáchilas,0000,Total Nacional,Ecuador,Seguridad interna,Seguridad ciudadana,Denuncias de violaciones,Total,Total,18,No Aplica,"Es el acceso carnal, con introducción total o parcial del miembro viril, por vía oral, anal o vaginal; o la introducción, por vía vaginal o anal, de objetos, dedos u órganos distintos al miembro viril, a una persona de cualquier sexo.",2022,1,Fiscalía General del Estado - INEC,Denuncias,Paz,ODS 16
4006,24,Santa Elena,0000,Total Nacional,Ecuador,Seguridad interna,Seguridad ciudadana,Denuncias de violaciones,Total,Total,14,No Aplica,"Es el acceso carnal, con introducción total o parcial del miembro viril, por vía oral, anal o vaginal; o la introducción, por vía vaginal o anal, de objetos, dedos u órganos distintos al miembro viril, a una persona de cualquier sexo.",2022,1,Fiscalía General del Estado - INEC,Denuncias,Paz,ODS 16
4006,00,Total Nacional,0000,Total Nacional,Ecuador,Seguridad interna,Seguridad ciudadana,Denuncias de violaciones,Total,Total,571,No Aplica,"Es el acceso carnal, con introducción total o parcial del miembro viril, por vía oral, anal o vaginal; o la introducción, por vía vaginal o anal, de objetos, dedos u órganos distintos al miembro viril, a una persona de cualquier sexo.",2021,12,Fiscalía General del Estado - INEC,Denuncias,Paz,ODS 16
4006,01,Azuay,0000,Total Nacional,Ecuador,Seguridad interna,Seguridad ciudadana,Denuncias de violaciones,Total,Total,35,No Aplica,"Es el acceso carnal, con introducción total o parcial del miembro viril, por vía oral, anal o vaginal; o la introducción, por vía vaginal o anal, de objetos, dedos u órganos distintos al miembro viril, a una persona de cualquier sexo.",2021,12,Fiscalía General del Estado - INEC,Denuncias,Paz,ODS 16
4006,02,Bolívar,0000,Total Nacional,Ecuador,Seguridad interna,Seguridad ciudadana,Denuncias de violaciones,Total,Total,5,No Aplica,"Es el acceso carnal, con introducción total o parcial del miembro viril, por vía oral, anal o vaginal; o la introducción, por vía vaginal o anal, de objetos, dedos u órganos distintos al miembro viril, a una persona de cualquier sexo.",2021,12,Fiscalía General del Estado - INEC,Denuncias,Paz,ODS 16
4006,03,Cañar,0000,Total Nacional,Ecuador,Seguridad interna,Seguridad ciudadana,Denuncias de violaciones,Total,Total,8,No Aplica,"Es el acceso carnal, con introducción total o parcial del miembro viril, por vía oral, anal o vaginal; o la introducción, por vía vaginal o anal, de objetos, dedos u órganos distintos al miembro viril, a una persona de cualquier sexo.",2021,12,Fiscalía General del Estado - INEC,Denuncias,Paz,ODS 16
4006,04,Carchi,0000,Total Nacional,Ecuador,Seguridad interna,Seguridad ciudadana,Denuncias de violaciones,Total,Total,6,No Aplica,"Es el acceso carnal, con introducción total o parcial del miembro viril, por vía oral, anal o vaginal; o la introducción, por vía vaginal o anal, de objetos, dedos u órganos distintos al miembro viril, a una persona de cualquier sexo.",2021,12,Fiscalía General del Estado - INEC,Denuncias,Paz,ODS 16
4006,05,Cotopaxi,0000,Total Nacional,Ecuador,Seguridad interna,Seguridad ciudadana,Denuncias de violaciones,Total,Total,17,No Aplica,"Es el acceso carnal, con introducción total o parcial del miembro viril, por vía oral, anal o vaginal; o la introducción, por vía vaginal o anal, de objetos, dedos u órganos distintos al miembro viril, a una persona de cualquier sexo.",2021,12,Fiscalía General del Estado - INEC,Denuncias,Paz,ODS 16
4006,06,Chimborazo,0000,Total Nacional,Ecuador,Seguridad interna,Seguridad ciudadana,Denuncias de violaciones,Total,Total,20,No Aplica,"Es el acceso carnal, con introducción total o parcial del miembro viril, por vía oral, anal o vaginal; o la introducción, por vía vaginal o anal, de objetos, dedos u órganos distintos al miembro viril, a una persona de cualquier sexo.",2021,12,Fiscalía General del Estado - INEC,Denuncias,Paz,ODS 16
4006,07,El Oro,0000,Total Nacional,Ecuador,Seguridad interna,Seguridad ciudadana,Denuncias de violaciones,Total,Total,29,No Aplica,"Es el acceso carnal, con introducción total o parcial del miembro viril, por vía oral, anal o vaginal; o la introducción, por vía vaginal o anal, de objetos, dedos u órganos distintos al miembro viril, a una persona de cualquier sexo.",2021,12,Fiscalía General del Estado - INEC,Denuncias,Paz,ODS 16
4006,08,Esmeraldas,0000,Total Nacional,Ecuador,Seguridad interna,Seguridad ciudadana,Denuncias de violaciones,Total,Total,12,No Aplica,"Es el acceso carnal, con introducción total o parcial del miembro viril, por vía oral, anal o vaginal; o la introducción, por vía vaginal o anal, de objetos, dedos u órganos distintos al miembro viril, a una persona de cualquier sexo.",2021,12,Fiscalía General del Estado - INEC,Denuncias,Paz,ODS 16
4006,09,Guayas,0000,Total Nacional,Ecuador,Seguridad interna,Seguridad ciudadana,Denuncias de violaciones,Total,Total,83,No Aplica,"Es el acceso carnal, con introducción total o parcial del miembro viril, por vía oral, anal o vaginal; o la introducción, por vía vaginal o anal, de objetos, dedos u órganos distintos al miembro viril, a una persona de cualquier sexo.",2021,12,Fiscalía General del Estado - INEC,Denuncias,Paz,ODS 16
4006,10,Imbabura,0000,Total Nacional,Ecuador,Seguridad interna,Seguridad ciudadana,Denuncias de violaciones,Total,Total,25,No Aplica,"Es el acceso carnal, con introducción total o parcial del miembro viril, por vía oral, anal o vaginal; o la introducción, por vía vaginal o anal, de objetos, dedos u órganos distintos al miembro viril, a una persona de cualquier sexo.",2021,12,Fiscalía General del Estado - INEC,Denuncias,Paz,ODS 16
4006,11,Loja,0000,Total Nacional,Ecuador,Seguridad interna,Seguridad ciudadana,Denuncias de violaciones,Total,Total,21,No Aplica,"Es el acceso carnal, con introducción total o parcial del miembro viril, por vía oral, anal o vaginal; o la introducción, por vía vaginal o anal, de objetos, dedos u órganos distintos al miembro viril, a una persona de cualquier sexo.",2021,12,Fiscalía General del Estado - INEC,Denuncias,Paz,ODS 16
4006,12,Los Ríos,0000,Total Nacional,Ecuador,Seguridad interna,Seguridad ciudadana,Denuncias de violaciones,Total,Total,28,No Aplica,"Es el acceso carnal, con introducción total o parcial del miembro viril, por vía oral, anal o vaginal; o la introducción, por vía vaginal o anal, de objetos, dedos u órganos distintos al miembro viril, a una persona de cualquier sexo.",2021,12,Fiscalía General del Estado - INEC,Denuncias,Paz,ODS 16
4006,13,Manabí,0000,Total Nacional,Ecuador,Seguridad interna,Seguridad ciudadana,Denuncias de violaciones,Total,Total,36,No Aplica,"Es el acceso carnal, con introducción total o parcial del miembro viril, por vía oral, anal o vaginal; o la introducción, por vía vaginal o anal, de objetos, dedos u órganos distintos al miembro viril, a una persona de cualquier sexo.",2021,12,Fiscalía General del Estado - INEC,Denuncias,Paz,ODS 16
4006,14,Morona Santiago,0000,Total Nacional,Ecuador,Seguridad interna,Seguridad ciudadana,Denuncias de violaciones,Total,Total,34,No Aplica,"Es el acceso carnal, con introducción total o parcial del miembro viril, por vía oral, anal o vaginal; o la introducción, por vía vaginal o anal, de objetos, dedos u órganos distintos al miembro viril, a una persona de cualquier sexo.",2021,12,Fiscalía General del Estado - INEC,Denuncias,Paz,ODS 16
4006,15,Napo,0000,Total Nacional,Ecuador,Seguridad interna,Seguridad ciudadana,Denuncias de violaciones,Total,Total,13,No Aplica,"Es el acceso carnal, con introducción total o parcial del miembro viril, por vía oral, anal o vaginal; o la introducción, por vía vaginal o anal, de objetos, dedos u órganos distintos al miembro viril, a una persona de cualquier sexo.",2021,12,Fiscalía General del Estado - INEC,Denuncias,Paz,ODS 16
4006,16,Pastaza,0000,Total Nacional,Ecuador,Seguridad interna,Seguridad ciudadana,Denuncias de violaciones,Total,Total,17,No Aplica,"Es el acceso carnal, con introducción total o parcial del miembro viril, por vía oral, anal o vaginal; o la introducción, por vía vaginal o anal, de objetos, dedos u órganos distintos al miembro viril, a una persona de cualquier sexo.",2021,12,Fiscalía General del Estado - INEC,Denuncias,Paz,ODS 16
4006,17,Pichincha,0000,Total Nacional,Ecuador,Seguridad interna,Seguridad ciudadana,Denuncias de violaciones,Total,Total,99,No Aplica,"Es el acceso carnal, con introducción total o parcial del miembro viril, por vía oral, anal o vaginal; o la introducción, por vía vaginal o anal, de objetos, dedos u órganos distintos al miembro viril, a una persona de cualquier sexo.",2021,12,Fiscalía General del Estado - INEC,Denuncias,Paz,ODS 16
4006,18,Tungurahua,0000,Total Nacional,Ecuador,Seguridad interna,Seguridad ciudadana,Denuncias de violaciones,Total,Total,15,No Aplica,"Es el acceso carnal, con introducción total o parcial del miembro viril, por vía oral, anal o vaginal; o la introducción, por vía vaginal o anal, de objetos, dedos u órganos distintos al miembro viril, a una persona de cualquier sexo.",2021,12,Fiscalía General del Estado - INEC,Denuncias,Paz,ODS 16
4006,19,Zamora Chinchipe,0000,Total Nacional,Ecuador,Seguridad interna,Seguridad ciudadana,Denuncias de violaciones,Total,Total,7,No Aplica,"Es el acceso carnal, con introducción total o parcial del miembro viril, por vía oral, anal o vaginal; o la introducción, por vía vaginal o anal, de objetos, dedos u órganos distintos al miembro viril, a una persona de cualquier sexo.",2021,12,Fiscalía General del Estado - INEC,Denuncias,Paz,ODS 16
4006,20,Galápagos,0000,Total Nacional,Ecuador,Seguridad interna,Seguridad ciudadana,Denuncias de violaciones,Total,Total,3,No Aplica,"Es el acceso carnal, con introducción total o parcial del miembro viril, por vía oral, anal o vaginal; o la introducción, por vía vaginal o anal, de objetos, dedos u órganos distintos al miembro viril, a una persona de cualquier sexo.",2021,12,Fiscalía General del Estado - INEC,Denuncias,Paz,ODS 16
4006,21,Sucumbios,0000,Total Nacional,Ecuador,Seguridad interna,Seguridad ciudadana,Denuncias de violaciones,Total,Total,20,No Aplica,"Es el acceso carnal, con introducción total o parcial del miembro viril, por vía oral, anal o vaginal; o la introducción, por vía vaginal o anal, de objetos, dedos u órganos distintos al miembro viril, a una persona de cualquier sexo.",2021,12,Fiscalía General del Estado - INEC,Denuncias,Paz,ODS 16
4006,22,Orellana,0000,Total Nacional,Ecuador,Seguridad interna,Seguridad ciudadana,Denuncias de violaciones,Total,Total,8,No Aplica,"Es el acceso carnal, con introducción total o parcial del miembro viril, por vía oral, anal o vaginal; o la introducción, por vía vaginal o anal, de objetos, dedos u órganos distintos al miembro viril, a una persona de cualquier sexo.",2021,12,Fiscalía General del Estado - INEC,Denuncias,Paz,ODS 16
4006,23,Santo Domingo de los Tsáchilas,0000,Total Nacional,Ecuador,Seguridad interna,Seguridad ciudadana,Denuncias de violaciones,Total,Total,20,No Aplica,"Es el acceso carnal, con introducción total o parcial del miembro viril, por vía oral, anal o vaginal; o la introducción, por vía vaginal o anal, de objetos, dedos u órganos distintos al miembro viril, a una persona de cualquier sexo.",2021,12,Fiscalía General del Estado - INEC,Denuncias,Paz,ODS 16
4006,24,Santa Elena,0000,Total Nacional,Ecuador,Seguridad interna,Seguridad ciudadana,Denuncias de violaciones,Total,Total,10,No Aplica,"Es el acceso carnal, con introducción total o parcial del miembro viril, por vía oral, anal o vaginal; o la introducción, por vía vaginal o anal, de objetos, dedos u órganos distintos al miembro viril, a una persona de cualquier sexo.",2021,12,Fiscalía General del Estado - INEC,Denuncias,Paz,ODS 16
4006,00,Total Nacional,0000,Total Nacional,Ecuador,Seguridad interna,Seguridad ciudadana,Denuncias de violaciones,Total,Total,526,No Aplica,"Es el acceso carnal, con introducción total o parcial del miembro viril, por vía oral, anal o vaginal; o la introducción, por vía vaginal o anal, de objetos, dedos u órganos distintos al miembro viril, a una persona de cualquier sexo.",2021,11,Fiscalía General del Estado - INEC,Denuncias,Paz,ODS 16
4006,01,Azuay,0000,Total Nacional,Ecuador,Seguridad interna,Seguridad ciudadana,Denuncias de violaciones,Total,Total,25,No Aplica,"Es el acceso carnal, con introducción total o parcial del miembro viril, por vía oral, anal o vaginal; o la introducción, por vía vaginal o anal, de objetos, dedos u órganos distintos al miembro viril, a una persona de cualquier sexo.",2021,11,Fiscalía General del Estado - INEC,Denuncias,Paz,ODS 16
4006,02,Bolívar,0000,Total Nacional,Ecuador,Seguridad interna,Seguridad ciudadana,Denuncias de violaciones,Total,Total,10,No Aplica,"Es el acceso carnal, con introducción total o parcial del miembro viril, por vía oral, anal o vaginal; o la introducción, por vía vaginal o anal, de objetos, dedos u órganos distintos al miembro viril, a una persona de cualquier sexo.",2021,11,Fiscalía General del Estado - INEC,Denuncias,Paz,ODS 16
4006,03,Cañar,0000,Total Nacional,Ecuador,Seguridad interna,Seguridad ciudadana,Denuncias de violaciones,Total,Total,12,No Aplica,"Es el acceso carnal, con introducción total o parcial del miembro viril, por vía oral, anal o vaginal; o la introducción, por vía vaginal o anal, de objetos, dedos u órganos distintos al miembro viril, a una persona de cualquier sexo.",2021,11,Fiscalía General del Estado - INEC,Denuncias,Paz,ODS 16
4006,04,Carchi,0000,Total Nacional,Ecuador,Seguridad interna,Seguridad ciudadana,Denuncias de violaciones,Total,Total,1,No Aplica,"Es el acceso carnal, con introducción total o parcial del miembro viril, por vía oral, anal o vaginal; o la introducción, por vía vaginal o anal, de objetos, dedos u órganos distintos al miembro viril, a una persona de cualquier sexo.",2021,11,Fiscalía General del Estado - INEC,Denuncias,Paz,ODS 16
4006,05,Cotopaxi,0000,Total Nacional,Ecuador,Seguridad interna,Seguridad ciudadana,Denuncias de violaciones,Total,Total,12,No Aplica,"Es el acceso carnal, con introducción total o parcial del miembro viril, por vía oral, anal o vaginal; o la introducción, por vía vaginal o anal, de objetos, dedos u órganos distintos al miembro viril, a una persona de cualquier sexo.",2021,11,Fiscalía General del Estado - INEC,Denuncias,Paz,ODS 16
4006,06,Chimborazo,0000,Total Nacional,Ecuador,Seguridad interna,Seguridad ciudadana,Denuncias de violaciones,Total,Total,21,No Aplica,"Es el acceso carnal, con introducción total o parcial del miembro viril, por vía oral, anal o vaginal; o la introducción, por vía vaginal o anal, de objetos, dedos u órganos distintos al miembro viril, a una persona de cualquier sexo.",2021,11,Fiscalía General del Estado - INEC,Denuncias,Paz,ODS 16
4006,07,El Oro,0000,Total Nacional,Ecuador,Seguridad interna,Seguridad ciudadana,Denuncias de violaciones,Total,Total,33,No Aplica,"Es el acceso carnal, con introducción total o parcial del miembro viril, por vía oral, anal o vaginal; o la introducción, por vía vaginal o anal, de objetos, dedos u órganos distintos al miembro viril, a una persona de cualquier sexo.",2021,11,Fiscalía General del Estado - INEC,Denuncias,Paz,ODS 16
4006,08,Esmeraldas,0000,Total Nacional,Ecuador,Seguridad interna,Seguridad ciudadana,Denuncias de violaciones,Total,Total,16,No Aplica,"Es el acceso carnal, con introducción total o parcial del miembro viril, por vía oral, anal o vaginal; o la introducción, por vía vaginal o anal, de objetos, dedos u órganos distintos al miembro viril, a una persona de cualquier sexo.",2021,11,Fiscalía General del Estado - INEC,Denuncias,Paz,ODS 16
4006,09,Guayas,0000,Total Nacional,Ecuador,Seguridad interna,Seguridad ciudadana,Denuncias de violaciones,Total,Total,100,No Aplica,"Es el acceso carnal, con introducción total o parcial del miembro viril, por vía oral, anal o vaginal; o la introducción, por vía vaginal o anal, de objetos, dedos u órganos distintos al miembro viril, a una persona de cualquier sexo.",2021,11,Fiscalía General del Estado - INEC,Denuncias,Paz,ODS 16
4006,10,Imbabura,0000,Total Nacional,Ecuador,Seguridad interna,Seguridad ciudadana,Denuncias de violaciones,Total,Total,12,No Aplica,"Es el acceso carnal, con introducción total o parcial del miembro viril, por vía oral, anal o vaginal; o la introducción, por vía vaginal o anal, de objetos, dedos u órganos distintos al miembro viril, a una persona de cualquier sexo.",2021,11,Fiscalía General del Estado - INEC,Denuncias,Paz,ODS 16
4006,11,Loja,0000,Total Nacional,Ecuador,Seguridad interna,Seguridad ciudadana,Denuncias de violaciones,Total,Total,19,No Aplica,"Es el acceso carnal, con introducción total o parcial del miembro viril, por vía oral, anal o vaginal; o la introducción, por vía vaginal o anal, de objetos, dedos u órganos distintos al miembro viril, a una persona de cualquier sexo.",2021,11,Fiscalía General del Estado - INEC,Denuncias,Paz,ODS 16
4006,12,Los Ríos,0000,Total Nacional,Ecuador,Seguridad interna,Seguridad ciudadana,Denuncias de violaciones,Total,Total,17,No Aplica,"Es el acceso carnal, con introducción total o parcial del miembro viril, por vía oral, anal o vaginal; o la introducción, por vía vaginal o anal, de objetos, dedos u órganos distintos al miembro viril, a una persona de cualquier sexo.",2021,11,Fiscalía General del Estado - INEC,Denuncias,Paz,ODS 16
4006,13,Manabí,0000,Total Nacional,Ecuador,Seguridad interna,Seguridad ciudadana,Denuncias de violaciones,Total,Total,29,No Aplica,"Es el acceso carnal, con introducción total o parcial del miembro viril, por vía oral, anal o vaginal; o la introducción, por vía vaginal o anal, de objetos, dedos u órganos distintos al miembro viril, a una persona de cualquier sexo.",2021,11,Fiscalía General del Estado - INEC,Denuncias,Paz,ODS 16
4006,14,Morona Santiago,0000,Total Nacional,Ecuador,Seguridad interna,Seguridad ciudadana,Denuncias de violaciones,Total,Total,18,No Aplica,"Es el acceso carnal, con introducción total o parcial del miembro viril, por vía oral, anal o vaginal; o la introducción, por vía vaginal o anal, de objetos, dedos u órganos distintos al miembro viril, a una persona de cualquier sexo.",2021,11,Fiscalía General del Estado - INEC,Denuncias,Paz,ODS 16
4006,15,Napo,0000,Total Nacional,Ecuador,Seguridad interna,Seguridad ciudadana,Denuncias de violaciones,Total,Total,11,No Aplica,"Es el acceso carnal, con introducción total o parcial del miembro viril, por vía oral, anal o vaginal; o la introducción, por vía vaginal o anal, de objetos, dedos u órganos distintos al miembro viril, a una persona de cualquier sexo.",2021,11,Fiscalía General del Estado - INEC,Denuncias,Paz,ODS 16
4006,16,Pastaza,0000,Total Nacional,Ecuador,Seguridad interna,Seguridad ciudadana,Denuncias de violaciones,Total,Total,21,No Aplica,"Es el acceso carnal, con introducción total o parcial del miembro viril, por vía oral, anal o vaginal; o la introducción, por vía vaginal o anal, de objetos, dedos u órganos distintos al miembro viril, a una persona de cualquier sexo.",2021,11,Fiscalía General del Estado - INEC,Denuncias,Paz,ODS 16
4006,17,Pichincha,0000,Total Nacional,Ecuador,Seguridad interna,Seguridad ciudadana,Denuncias de violaciones,Total,Total,103,No Aplica,"Es el acceso carnal, con introducción total o parcial del miembro viril, por vía oral, anal o vaginal; o la introducción, por vía vaginal o anal, de objetos, dedos u órganos distintos al miembro viril, a una persona de cualquier sexo.",2021,11,Fiscalía General del Estado - INEC,Denuncias,Paz,ODS 16
4006,18,Tungurahua,0000,Total Nacional,Ecuador,Seguridad interna,Seguridad ciudadana,Denuncias de violaciones,Total,Total,14,No Aplica,"Es el acceso carnal, con introducción total o parcial del miembro viril, por vía oral, anal o vaginal; o la introducción, por vía vaginal o anal, de objetos, dedos u órganos distintos al miembro viril, a una persona de cualquier sexo.",2021,11,Fiscalía General del Estado - INEC,Denuncias,Paz,ODS 16
4006,19,Zamora Chinchipe,0000,Total Nacional,Ecuador,Seguridad interna,Seguridad ciudadana,Denuncias de violaciones,Total,Total,6,No Aplica,"Es el acceso carnal, con introducción total o parcial del miembro viril, por vía oral, anal o vaginal; o la introducción, por vía vaginal o anal, de objetos, dedos u órganos distintos al miembro viril, a una persona de cualquier sexo.",2021,11,Fiscalía General del Estado - INEC,Denuncias,Paz,ODS 16
4006,20,Galápagos,0000,Total Nacional,Ecuador,Seguridad interna,Seguridad ciudadana,Denuncias de violaciones,Total,Total,0,No Aplica,"Es el acceso carnal, con introducción total o parcial del miembro viril, por vía oral, anal o vaginal; o la introducción, por vía vaginal o anal, de objetos, dedos u órganos distintos al miembro viril, a una persona de cualquier sexo.",2021,11,Fiscalía General del Estado - INEC,Denuncias,Paz,ODS 16
4006,21,Sucumbios,0000,Total Nacional,Ecuador,Seguridad interna,Seguridad ciudadana,Denuncias de violaciones,Total,Total,13,No Aplica,"Es el acceso carnal, con introducción total o parcial del miembro viril, por vía oral, anal o vaginal; o la introducción, por vía vaginal o anal, de objetos, dedos u órganos distintos al miembro viril, a una persona de cualquier sexo.",2021,11,Fiscalía General del Estado - INEC,Denuncias,Paz,ODS 16
4006,22,Orellana,0000,Total Nacional,Ecuador,Seguridad interna,Seguridad ciudadana,Denuncias de violaciones,Total,Total,5,No Aplica,"Es el acceso carnal, con introducción total o parcial del miembro viril, por vía oral, anal o vaginal; o la introducción, por vía vaginal o anal, de objetos, dedos u órganos distintos al miembro viril, a una persona de cualquier sexo.",2021,11,Fiscalía General del Estado - INEC,Denuncias,Paz,ODS 16
4006,23,Santo Domingo de los Tsáchilas,0000,Total Nacional,Ecuador,Seguridad interna,Seguridad ciudadana,Denuncias de violaciones,Total,Total,20,No Aplica,"Es el acceso carnal, con introducción total o parcial del miembro viril, por vía oral, anal o vaginal; o la introducción, por vía vaginal o anal, de objetos, dedos u órganos distintos al miembro viril, a una persona de cualquier sexo.",2021,11,Fiscalía General del Estado - INEC,Denuncias,Paz,ODS 16
4006,24,Santa Elena,0000,Total Nacional,Ecuador,Seguridad interna,Seguridad ciudadana,Denuncias de violaciones,Total,Total,8,No Aplica,"Es el acceso carnal, con introducción total o parcial del miembro viril, por vía oral, anal o vaginal; o la introducción, por vía vaginal o anal, de objetos, dedos u órganos distintos al miembro viril, a una persona de cualquier sexo.",2021,11,Fiscalía General del Estado - INEC,Denuncias,Paz,ODS 16
4006,00,Total Nacional,0000,Total Nacional,Ecuador,Seguridad interna,Seguridad ciudadana,Denuncias de violaciones,Total,Total,566,No Aplica,"Es el acceso carnal, con introducción total o parcial del miembro viril, por vía oral, anal o vaginal; o la introducción, por vía vaginal o anal, de objetos, dedos u órganos distintos al miembro viril, a una persona de cualquier sexo.",2021,10,Fiscalía General del Estado - INEC,Denuncias,Paz,ODS 16
4006,01,Azuay,0000,Total Nacional,Ecuador,Seguridad interna,Seguridad ciudadana,Denuncias de violaciones,Total,Total,25,No Aplica,"Es el acceso carnal, con introducción total o parcial del miembro viril, por vía oral, anal o vaginal; o la introducción, por vía vaginal o anal, de objetos, dedos u órganos distintos al miembro viril, a una persona de cualquier sexo.",2021,10,Fiscalía General del Estado - INEC,Denuncias,Paz,ODS 16
4006,02,Bolívar,0000,Total Nacional,Ecuador,Seguridad interna,Seguridad ciudadana,Denuncias de violaciones,Total,Total,8,No Aplica,"Es el acceso carnal, con introducción total o parcial del miembro viril, por vía oral, anal o vaginal; o la introducción, por vía vaginal o anal, de objetos, dedos u órganos distintos al miembro viril, a una persona de cualquier sexo.",2021,10,Fiscalía General del Estado - INEC,Denuncias,Paz,ODS 16
4006,03,Cañar,0000,Total Nacional,Ecuador,Seguridad interna,Seguridad ciudadana,Denuncias de violaciones,Total,Total,15,No Aplica,"Es el acceso carnal, con introducción total o parcial del miembro viril, por vía oral, anal o vaginal; o la introducción, por vía vaginal o anal, de objetos, dedos u órganos distintos al miembro viril, a una persona de cualquier sexo.",2021,10,Fiscalía General del Estado - INEC,Denuncias,Paz,ODS 16
4006,04,Carchi,0000,Total Nacional,Ecuador,Seguridad interna,Seguridad ciudadana,Denuncias de violaciones,Total,Total,5,No Aplica,"Es el acceso carnal, con introducción total o parcial del miembro viril, por vía oral, anal o vaginal; o la introducción, por vía vaginal o anal, de objetos, dedos u órganos distintos al miembro viril, a una persona de cualquier sexo.",2021,10,Fiscalía General del Estado - INEC,Denuncias,Paz,ODS 16
4006,05,Cotopaxi,0000,Total Nacional,Ecuador,Seguridad interna,Seguridad ciudadana,Denuncias de violaciones,Total,Total,12,No Aplica,"Es el acceso carnal, con introducción total o parcial del miembro viril, por vía oral, anal o vaginal; o la introducción, por vía vaginal o anal, de objetos, dedos u órganos distintos al miembro viril, a una persona de cualquier sexo.",2021,10,Fiscalía General del Estado - INEC,Denuncias,Paz,ODS 16
4006,06,Chimborazo,0000,Total Nacional,Ecuador,Seguridad interna,Seguridad ciudadana,Denuncias de violaciones,Total,Total,10,No Aplica,"Es el acceso carnal, con introducción total o parcial del miembro viril, por vía oral, anal o vaginal; o la introducción, por vía vaginal o anal, de objetos, dedos u órganos distintos al miembro viril, a una persona de cualquier sexo.",2021,10,Fiscalía General del Estado - INEC,Denuncias,Paz,ODS 16
4006,07,El Oro,0000,Total Nacional,Ecuador,Seguridad interna,Seguridad ciudadana,Denuncias de violaciones,Total,Total,27,No Aplica,"Es el acceso carnal, con introducción total o parcial del miembro viril, por vía oral, anal o vaginal; o la introducción, por vía vaginal o anal, de objetos, dedos u órganos distintos al miembro viril, a una persona de cualquier sexo.",2021,10,Fiscalía General del Estado - INEC,Denuncias,Paz,ODS 16
4006,08,Esmeraldas,0000,Total Nacional,Ecuador,Seguridad interna,Seguridad ciudadana,Denuncias de violaciones,Total,Total,24,No Aplica,"Es el acceso carnal, con introducción total o parcial del miembro viril, por vía oral, anal o vaginal; o la introducción, por vía vaginal o anal, de objetos, dedos u órganos distintos al miembro viril, a una persona de cualquier sexo.",2021,10,Fiscalía General del Estado - INEC,Denuncias,Paz,ODS 16
4006,09,Guayas,0000,Total Nacional,Ecuador,Seguridad interna,Seguridad ciudadana,Denuncias de violaciones,Total,Total,97,No Aplica,"Es el acceso carnal, con introducción total o parcial del miembro viril, por vía oral, anal o vaginal; o la introducción, por vía vaginal o anal, de objetos, dedos u órganos distintos al miembro viril, a una persona de cualquier sexo.",2021,10,Fiscalía General del Estado - INEC,Denuncias,Paz,ODS 16
4006,10,Imbabura,0000,Total Nacional,Ecuador,Seguridad interna,Seguridad ciudadana,Denuncias de violaciones,Total,Total,17,No Aplica,"Es el acceso carnal, con introducción total o parcial del miembro viril, por vía oral, anal o vaginal; o la introducción, por vía vaginal o anal, de objetos, dedos u órganos distintos al miembro viril, a una persona de cualquier sexo.",2021,10,Fiscalía General del Estado - INEC,Denuncias,Paz,ODS 16
4006,11,Loja,0000,Total Nacional,Ecuador,Seguridad interna,Seguridad ciudadana,Denuncias de violaciones,Total,Total,11,No Aplica,"Es el acceso carnal, con introducción total o parcial del miembro viril, por vía oral, anal o vaginal; o la introducción, por vía vaginal o anal, de objetos, dedos u órganos distintos al miembro viril, a una persona de cualquier sexo.",2021,10,Fiscalía General del Estado - INEC,Denuncias,Paz,ODS 16
4006,12,Los Ríos,0000,Total Nacional,Ecuador,Seguridad interna,Seguridad ciudadana,Denuncias de violaciones,Total,Total,25,No Aplica,"Es el acceso carnal, con introducción total o parcial del miembro viril, por vía oral, anal o vaginal; o la introducción, por vía vaginal o anal, de objetos, dedos u órganos distintos al miembro viril, a una persona de cualquier sexo.",2021,10,Fiscalía General del Estado - INEC,Denuncias,Paz,ODS 16
4006,13,Manabí,0000,Total Nacional,Ecuador,Seguridad interna,Seguridad ciudadana,Denuncias de violaciones,Total,Total,24,No Aplica,"Es el acceso carnal, con introducción total o parcial del miembro viril, por vía oral, anal o vaginal; o la introducción, por vía vaginal o anal, de objetos, dedos u órganos distintos al miembro viril, a una persona de cualquier sexo.",2021,10,Fiscalía General del Estado - INEC,Denuncias,Paz,ODS 16
4006,14,Morona Santiago,0000,Total Nacional,Ecuador,Seguridad interna,Seguridad ciudadana,Denuncias de violaciones,Total,Total,29,No Aplica,"Es el acceso carnal, con introducción total o parcial del miembro viril, por vía oral, anal o vaginal; o la introducción, por vía vaginal o anal, de objetos, dedos u órganos distintos al miembro viril, a una persona de cualquier sexo.",2021,10,Fiscalía General del Estado - INEC,Denuncias,Paz,ODS 16
4006,15,Napo,0000,Total Nacional,Ecuador,Seguridad interna,Seguridad ciudadana,Denuncias de violaciones,Total,Total,6,No Aplica,"Es el acceso carnal, con introducción total o parcial del miembro viril, por vía oral, anal o vaginal; o la introducción, por vía vaginal o anal, de objetos, dedos u órganos distintos al miembro viril, a una persona de cualquier sexo.",2021,10,Fiscalía General del Estado - INEC,Denuncias,Paz,ODS 16
4006,16,Pastaza,0000,Total Nacional,Ecuador,Seguridad interna,Seguridad ciudadana,Denuncias de violaciones,Total,Total,16,No Aplica,"Es el acceso carnal, con introducción total o parcial del miembro viril, por vía oral, anal o vaginal; o la introducción, por vía vaginal o anal, de objetos, dedos u órganos distintos al miembro viril, a una persona de cualquier sexo.",2021,10,Fiscalía General del Estado - INEC,Denuncias,Paz,ODS 16
4006,17,Pichincha,0000,Total Nacional,Ecuador,Seguridad interna,Seguridad ciudadana,Denuncias de violaciones,Total,Total,111,No Aplica,"Es el acceso carnal, con introducción total o parcial del miembro viril, por vía oral, anal o vaginal; o la introducción, por vía vaginal o anal, de objetos, dedos u órganos distintos al miembro viril, a una persona de cualquier sexo.",2021,10,Fiscalía General del Estado - INEC,Denuncias,Paz,ODS 16
4006,18,Tungurahua,0000,Total Nacional,Ecuador,Seguridad interna,Seguridad ciudadana,Denuncias de violaciones,Total,Total,11,No Aplica,"Es el acceso carnal, con introducción total o parcial del miembro viril, por vía oral, anal o vaginal; o la introducción, por vía vaginal o anal, de objetos, dedos u órganos distintos al miembro viril, a una persona de cualquier sexo.",2021,10,Fiscalía General del Estado - INEC,Denuncias,Paz,ODS 16
4006,19,Zamora Chinchipe,0000,Total Nacional,Ecuador,Seguridad interna,Seguridad ciudadana,Denuncias de violaciones,Total,Total,6,No Aplica,"Es el acceso carnal, con introducción total o parcial del miembro viril, por vía oral, anal o vaginal; o la introducción, por vía vaginal o anal, de objetos, dedos u órganos distintos al miembro viril, a una persona de cualquier sexo.",2021,10,Fiscalía General del Estado - INEC,Denuncias,Paz,ODS 16
4006,20,Galápagos,0000,Total Nacional,Ecuador,Seguridad interna,Seguridad ciudadana,Denuncias de violaciones,Total,Total,0,No Aplica,"Es el acceso carnal, con introducción total o parcial del miembro viril, por vía oral, anal o vaginal; o la introducción, por vía vaginal o anal, de objetos, dedos u órganos distintos al miembro viril, a una persona de cualquier sexo.",2021,10,Fiscalía General del Estado - INEC,Denuncias,Paz,ODS 16
4006,21,Sucumbios,0000,Total Nacional,Ecuador,Seguridad interna,Seguridad ciudadana,Denuncias de violaciones,Total,Total,17,No Aplica,"Es el acceso carnal, con introducción total o parcial del miembro viril, por vía oral, anal o vaginal; o la introducción, por vía vaginal o anal, de objetos, dedos u órganos distintos al miembro viril, a una persona de cualquier sexo.",2021,10,Fiscalía General del Estado - INEC,Denuncias,Paz,ODS 16
4006,22,Orellana,0000,Total Nacional,Ecuador,Seguridad interna,Seguridad ciudadana,Denuncias de violaciones,Total,Total,20,No Aplica,"Es el acceso carnal, con introducción total o parcial del miembro viril, por vía oral, anal o vaginal; o la introducción, por vía vaginal o anal, de objetos, dedos u órganos distintos al miembro viril, a una persona de cualquier sexo.",2021,10,Fiscalía General del Estado - INEC,Denuncias,Paz,ODS 16
4006,23,Santo Domingo de los Tsáchilas,0000,Total Nacional,Ecuador,Seguridad interna,Seguridad ciudadana,Denuncias de violaciones,Total,Total,36,No Aplica,"Es el acceso carnal, con introducción total o parcial del miembro viril, por vía oral, anal o vaginal; o la introducción, por vía vaginal o anal, de objetos, dedos u órganos distintos al miembro viril, a una persona de cualquier sexo.",2021,10,Fiscalía General del Estado - INEC,Denuncias,Paz,ODS 16
4006,24,Santa Elena,0000,Total Nacional,Ecuador,Seguridad interna,Seguridad ciudadana,Denuncias de violaciones,Total,Total,14,No Aplica,"Es el acceso carnal, con introducción total o parcial del miembro viril, por vía oral, anal o vaginal; o la introducción, por vía vaginal o anal, de objetos, dedos u órganos distintos al miembro viril, a una persona de cualquier sexo.",2021,10,Fiscalía General del Estado - INEC,Denuncias,Paz,ODS 16
4006,00,Total Nacional,0000,Total Nacional,Ecuador,Seguridad interna,Seguridad ciudadana,Denuncias de violaciones,Total,Total,565,No Aplica,"Es el acceso carnal, con introducción total o parcial del miembro viril, por vía oral, anal o vaginal; o la introducción, por vía vaginal o anal, de objetos, dedos u órganos distintos al miembro viril, a una persona de cualquier sexo.",2021,9,Fiscalía General del Estado - INEC,Denuncias,Paz,ODS 16
4006,01,Azuay,0000,Total Nacional,Ecuador,Seguridad interna,Seguridad ciudadana,Denuncias de violaciones,Total,Total,28,No Aplica,"Es el acceso carnal, con introducción total o parcial del miembro viril, por vía oral, anal o vaginal; o la introducción, por vía vaginal o anal, de objetos, dedos u órganos distintos al miembro viril, a una persona de cualquier sexo.",2021,9,Fiscalía General del Estado - INEC,Denuncias,Paz,ODS 16
4006,02,Bolívar,0000,Total Nacional,Ecuador,Seguridad interna,Seguridad ciudadana,Denuncias de violaciones,Total,Total,10,No Aplica,"Es el acceso carnal, con introducción total o parcial del miembro viril, por vía oral, anal o vaginal; o la introducción, por vía vaginal o anal, de objetos, dedos u órganos distintos al miembro viril, a una persona de cualquier sexo.",2021,9,Fiscalía General del Estado - INEC,Denuncias,Paz,ODS 16
4006,03,Cañar,0000,Total Nacional,Ecuador,Seguridad interna,Seguridad ciudadana,Denuncias de violaciones,Total,Total,14,No Aplica,"Es el acceso carnal, con introducción total o parcial del miembro viril, por vía oral, anal o vaginal; o la introducción, por vía vaginal o anal, de objetos, dedos u órganos distintos al miembro viril, a una persona de cualquier sexo.",2021,9,Fiscalía General del Estado - INEC,Denuncias,Paz,ODS 16
4006,04,Carchi,0000,Total Nacional,Ecuador,Seguridad interna,Seguridad ciudadana,Denuncias de violaciones,Total,Total,4,No Aplica,"Es el acceso carnal, con introducción total o parcial del miembro viril, por vía oral, anal o vaginal; o la introducción, por vía vaginal o anal, de objetos, dedos u órganos distintos al miembro viril, a una persona de cualquier sexo.",2021,9,Fiscalía General del Estado - INEC,Denuncias,Paz,ODS 16
4006,05,Cotopaxi,0000,Total Nacional,Ecuador,Seguridad interna,Seguridad ciudadana,Denuncias de violaciones,Total,Total,11,No Aplica,"Es el acceso carnal, con introducción total o parcial del miembro viril, por vía oral, anal o vaginal; o la introducción, por vía vaginal o anal, de objetos, dedos u órganos distintos al miembro viril, a una persona de cualquier sexo.",2021,9,Fiscalía General del Estado - INEC,Denuncias,Paz,ODS 16
4006,06,Chimborazo,0000,Total Nacional,Ecuador,Seguridad interna,Seguridad ciudadana,Denuncias de violaciones,Total,Total,18,No Aplica,"Es el acceso carnal, con introducción total o parcial del miembro viril, por vía oral, anal o vaginal; o la introducción, por vía vaginal o anal, de objetos, dedos u órganos distintos al miembro viril, a una persona de cualquier sexo.",2021,9,Fiscalía General del Estado - INEC,Denuncias,Paz,ODS 16
4006,07,El Oro,0000,Total Nacional,Ecuador,Seguridad interna,Seguridad ciudadana,Denuncias de violaciones,Total,Total,43,No Aplica,"Es el acceso carnal, con introducción total o parcial del miembro viril, por vía oral, anal o vaginal; o la introducción, por vía vaginal o anal, de objetos, dedos u órganos distintos al miembro viril, a una persona de cualquier sexo.",2021,9,Fiscalía General del Estado - INEC,Denuncias,Paz,ODS 16
4006,08,Esmeraldas,0000,Total Nacional,Ecuador,Seguridad interna,Seguridad ciudadana,Denuncias de violaciones,Total,Total,24,No Aplica,"Es el acceso carnal, con introducción total o parcial del miembro viril, por vía oral, anal o vaginal; o la introducción, por vía vaginal o anal, de objetos, dedos u órganos distintos al miembro viril, a una persona de cualquier sexo.",2021,9,Fiscalía General del Estado - INEC,Denuncias,Paz,ODS 16
4006,09,Guayas,0000,Total Nacional,Ecuador,Seguridad interna,Seguridad ciudadana,Denuncias de violaciones,Total,Total,105,No Aplica,"Es el acceso carnal, con introducción total o parcial del miembro viril, por vía oral, anal o vaginal; o la introducción, por vía vaginal o anal, de objetos, dedos u órganos distintos al miembro viril, a una persona de cualquier sexo.",2021,9,Fiscalía General del Estado - INEC,Denuncias,Paz,ODS 16
4006,10,Imbabura,0000,Total Nacional,Ecuador,Seguridad interna,Seguridad ciudadana,Denuncias de violaciones,Total,Total,19,No Aplica,"Es el acceso carnal, con introducción total o parcial del miembro viril, por vía oral, anal o vaginal; o la introducción, por vía vaginal o anal, de objetos, dedos u órganos distintos al miembro viril, a una persona de cualquier sexo.",2021,9,Fiscalía General del Estado - INEC,Denuncias,Paz,ODS 16
4006,11,Loja,0000,Total Nacional,Ecuador,Seguridad interna,Seguridad ciudadana,Denuncias de violaciones,Total,Total,13,No Aplica,"Es el acceso carnal, con introducción total o parcial del miembro viril, por vía oral, anal o vaginal; o la introducción, por vía vaginal o anal, de objetos, dedos u órganos distintos al miembro viril, a una persona de cualquier sexo.",2021,9,Fiscalía General del Estado - INEC,Denuncias,Paz,ODS 16
4006,12,Los Ríos,0000,Total Nacional,Ecuador,Seguridad interna,Seguridad ciudadana,Denuncias de violaciones,Total,Total,28,No Aplica,"Es el acceso carnal, con introducción total o parcial del miembro viril, por vía oral, anal o vaginal; o la introducción, por vía vaginal o anal, de objetos, dedos u órganos distintos al miembro viril, a una persona de cualquier sexo.",2021,9,Fiscalía General del Estado - INEC,Denuncias,Paz,ODS 16
4006,13,Manabí,0000,Total Nacional,Ecuador,Seguridad interna,Seguridad ciudadana,Denuncias de violaciones,Total,Total,32,No Aplica,"Es el acceso carnal, con introducción total o parcial del miembro viril, por vía oral, anal o vaginal; o la introducción, por vía vaginal o anal, de objetos, dedos u órganos distintos al miembro viril, a una persona de cualquier sexo.",2021,9,Fiscalía General del Estado - INEC,Denuncias,Paz,ODS 16
4006,14,Morona Santiago,0000,Total Nacional,Ecuador,Seguridad interna,Seguridad ciudadana,Denuncias de violaciones,Total,Total,34,No Aplica,"Es el acceso carnal, con introducción total o parcial del miembro viril, por vía oral, anal o vaginal; o la introducción, por vía vaginal o anal, de objetos, dedos u órganos distintos al miembro viril, a una persona de cualquier sexo.",2021,9,Fiscalía General del Estado - INEC,Denuncias,Paz,ODS 16
4006,15,Napo,0000,Total Nacional,Ecuador,Seguridad interna,Seguridad ciudadana,Denuncias de violaciones,Total,Total,10,No Aplica,"Es el acceso carnal, con introducción total o parcial del miembro viril, por vía oral, anal o vaginal; o la introducción, por vía vaginal o anal, de objetos, dedos u órganos distintos al miembro viril, a una persona de cualquier sexo.",2021,9,Fiscalía General del Estado - INEC,Denuncias,Paz,ODS 16
4006,16,Pastaza,0000,Total Nacional,Ecuador,Seguridad interna,Seguridad ciudadana,Denuncias de violaciones,Total,Total,7,No Aplica,"Es el acceso carnal, con introducción total o parcial del miembro viril, por vía oral, anal o vaginal; o la introducción, por vía vaginal o anal, de objetos, dedos u órganos distintos al miembro viril, a una persona de cualquier sexo.",2021,9,Fiscalía General del Estado - INEC,Denuncias,Paz,ODS 16
4006,17,Pichincha,0000,Total Nacional,Ecuador,Seguridad interna,Seguridad ciudadana,Denuncias de violaciones,Total,Total,93,No Aplica,"Es el acceso carnal, con introducción total o parcial del miembro viril, por vía oral, anal o vaginal; o la introducción, por vía vaginal o anal, de objetos, dedos u órganos distintos al miembro viril, a una persona de cualquier sexo.",2021,9,Fiscalía General del Estado - INEC,Denuncias,Paz,ODS 16
4006,18,Tungurahua,0000,Total Nacional,Ecuador,Seguridad interna,Seguridad ciudadana,Denuncias de violaciones,Total,Total,11,No Aplica,"Es el acceso carnal, con introducción total o parcial del miembro viril, por vía oral, anal o vaginal; o la introducción, por vía vaginal o anal, de objetos, dedos u órganos distintos al miembro viril, a una persona de cualquier sexo.",2021,9,Fiscalía General del Estado - INEC,Denuncias,Paz,ODS 16
4006,19,Zamora Chinchipe,0000,Total Nacional,Ecuador,Seguridad interna,Seguridad ciudadana,Denuncias de violaciones,Total,Total,7,No Aplica,"Es el acceso carnal, con introducción total o parcial del miembro viril, por vía oral, anal o vaginal; o la introducción, por vía vaginal o anal, de objetos, dedos u órganos distintos al miembro viril, a una persona de cualquier sexo.",2021,9,Fiscalía General del Estado - INEC,Denuncias,Paz,ODS 16
4006,20,Galápagos,0000,Total Nacional,Ecuador,Seguridad interna,Seguridad ciudadana,Denuncias de violaciones,Total,Total,2,No Aplica,"Es el acceso carnal, con introducción total o parcial del miembro viril, por vía oral, anal o vaginal; o la introducción, por vía vaginal o anal, de objetos, dedos u órganos distintos al miembro viril, a una persona de cualquier sexo.",2021,9,Fiscalía General del Estado - INEC,Denuncias,Paz,ODS 16
4006,21,Sucumbios,0000,Total Nacional,Ecuador,Seguridad interna,Seguridad ciudadana,Denuncias de violaciones,Total,Total,12,No Aplica,"Es el acceso carnal, con introducción total o parcial del miembro viril, por vía oral, anal o vaginal; o la introducción, por vía vaginal o anal, de objetos, dedos u órganos distintos al miembro viril, a una persona de cualquier sexo.",2021,9,Fiscalía General del Estado - INEC,Denuncias,Paz,ODS 16
4006,22,Orellana,0000,Total Nacional,Ecuador,Seguridad interna,Seguridad ciudadana,Denuncias de violaciones,Total,Total,6,No Aplica,"Es el acceso carnal, con introducción total o parcial del miembro viril, por vía oral, anal o vaginal; o la introducción, por vía vaginal o anal, de objetos, dedos u órganos distintos al miembro viril, a una persona de cualquier sexo.",2021,9,Fiscalía General del Estado - INEC,Denuncias,Paz,ODS 16
4006,23,Santo Domingo de los Tsáchilas,0000,Total Nacional,Ecuador,Seguridad interna,Seguridad ciudadana,Denuncias de violaciones,Total,Total,19,No Aplica,"Es el acceso carnal, con introducción total o parcial del miembro viril, por vía oral, anal o vaginal; o la introducción, por vía vaginal o anal, de objetos, dedos u órganos distintos al miembro viril, a una persona de cualquier sexo.",2021,9,Fiscalía General del Estado - INEC,Denuncias,Paz,ODS 16
4006,24,Santa Elena,0000,Total Nacional,Ecuador,Seguridad interna,Seguridad ciudadana,Denuncias de violaciones,Total,Total,15,No Aplica,"Es el acceso carnal, con introducción total o parcial del miembro viril, por vía oral, anal o vaginal; o la introducción, por vía vaginal o anal, de objetos, dedos u órganos distintos al miembro viril, a una persona de cualquier sexo.",2021,9,Fiscalía General del Estado - INEC,Denuncias,Paz,ODS 16
4006,00,Total Nacional,0000,Total Nacional,Ecuador,Seguridad interna,Seguridad ciudadana,Denuncias de violaciones,Total,Total,534,No Aplica,"Es el acceso carnal, con introducción total o parcial del miembro viril, por vía oral, anal o vaginal; o la introducción, por vía vaginal o anal, de objetos, dedos u órganos distintos al miembro viril, a una persona de cualquier sexo.",2021,8,Fiscalía General del Estado - INEC,Denuncias,Paz,ODS 16
4006,01,Azuay,0000,Total Nacional,Ecuador,Seguridad interna,Seguridad ciudadana,Denuncias de violaciones,Total,Total,21,No Aplica,"Es el acceso carnal, con introducción total o parcial del miembro viril, por vía oral, anal o vaginal; o la introducción, por vía vaginal o anal, de objetos, dedos u órganos distintos al miembro viril, a una persona de cualquier sexo.",2021,8,Fiscalía General del Estado - INEC,Denuncias,Paz,ODS 16
4006,02,Bolívar,0000,Total Nacional,Ecuador,Seguridad interna,Seguridad ciudadana,Denuncias de violaciones,Total,Total,7,No Aplica,"Es el acceso carnal, con introducción total o parcial del miembro viril, por vía oral, anal o vaginal; o la introducción, por vía vaginal o anal, de objetos, dedos u órganos distintos al miembro viril, a una persona de cualquier sexo.",2021,8,Fiscalía General del Estado - INEC,Denuncias,Paz,ODS 16
4006,03,Cañar,0000,Total Nacional,Ecuador,Seguridad interna,Seguridad ciudadana,Denuncias de violaciones,Total,Total,6,No Aplica,"Es el acceso carnal, con introducción total o parcial del miembro viril, por vía oral, anal o vaginal; o la introducción, por vía vaginal o anal, de objetos, dedos u órganos distintos al miembro viril, a una persona de cualquier sexo.",2021,8,Fiscalía General del Estado - INEC,Denuncias,Paz,ODS 16
4006,04,Carchi,0000,Total Nacional,Ecuador,Seguridad interna,Seguridad ciudadana,Denuncias de violaciones,Total,Total,1,No Aplica,"Es el acceso carnal, con introducción total o parcial del miembro viril, por vía oral, anal o vaginal; o la introducción, por vía vaginal o anal, de objetos, dedos u órganos distintos al miembro viril, a una persona de cualquier sexo.",2021,8,Fiscalía General del Estado - INEC,Denuncias,Paz,ODS 16
4006,05,Cotopaxi,0000,Total Nacional,Ecuador,Seguridad interna,Seguridad ciudadana,Denuncias de violaciones,Total,Total,9,No Aplica,"Es el acceso carnal, con introducción total o parcial del miembro viril, por vía oral, anal o vaginal; o la introducción, por vía vaginal o anal, de objetos, dedos u órganos distintos al miembro viril, a una persona de cualquier sexo.",2021,8,Fiscalía General del Estado - INEC,Denuncias,Paz,ODS 16
4006,06,Chimborazo,0000,Total Nacional,Ecuador,Seguridad interna,Seguridad ciudadana,Denuncias de violaciones,Total,Total,20,No Aplica,"Es el acceso carnal, con introducción total o parcial del miembro viril, por vía oral, anal o vaginal; o la introducción, por vía vaginal o anal, de objetos, dedos u órganos distintos al miembro viril, a una persona de cualquier sexo.",2021,8,Fiscalía General del Estado - INEC,Denuncias,Paz,ODS 16
4006,07,El Oro,0000,Total Nacional,Ecuador,Seguridad interna,Seguridad ciudadana,Denuncias de violaciones,Total,Total,27,No Aplica,"Es el acceso carnal, con introducción total o parcial del miembro viril, por vía oral, anal o vaginal; o la introducción, por vía vaginal o anal, de objetos, dedos u órganos distintos al miembro viril, a una persona de cualquier sexo.",2021,8,Fiscalía General del Estado - INEC,Denuncias,Paz,ODS 16
4006,08,Esmeraldas,0000,Total Nacional,Ecuador,Seguridad interna,Seguridad ciudadana,Denuncias de violaciones,Total,Total,28,No Aplica,"Es el acceso carnal, con introducción total o parcial del miembro viril, por vía oral, anal o vaginal; o la introducción, por vía vaginal o anal, de objetos, dedos u órganos distintos al miembro viril, a una persona de cualquier sexo.",2021,8,Fiscalía General del Estado - INEC,Denuncias,Paz,ODS 16
4006,09,Guayas,0000,Total Nacional,Ecuador,Seguridad interna,Seguridad ciudadana,Denuncias de violaciones,Total,Total,89,No Aplica,"Es el acceso carnal, con introducción total o parcial del miembro viril, por vía oral, anal o vaginal; o la introducción, por vía vaginal o anal, de objetos, dedos u órganos distintos al miembro viril, a una persona de cualquier sexo.",2021,8,Fiscalía General del Estado - INEC,Denuncias,Paz,ODS 16
4006,10,Imbabura,0000,Total Nacional,Ecuador,Seguridad interna,Seguridad ciudadana,Denuncias de violaciones,Total,Total,23,No Aplica,"Es el acceso carnal, con introducción total o parcial del miembro viril, por vía oral, anal o vaginal; o la introducción, por vía vaginal o anal, de objetos, dedos u órganos distintos al miembro viril, a una persona de cualquier sexo.",2021,8,Fiscalía General del Estado - INEC,Denuncias,Paz,ODS 16
4006,11,Loja,0000,Total Nacional,Ecuador,Seguridad interna,Seguridad ciudadana,Denuncias de violaciones,Total,Total,8,No Aplica,"Es el acceso carnal, con introducción total o parcial del miembro viril, por vía oral, anal o vaginal; o la introducción, por vía vaginal o anal, de objetos, dedos u órganos distintos al miembro viril, a una persona de cualquier sexo.",2021,8,Fiscalía General del Estado - INEC,Denuncias,Paz,ODS 16
4006,12,Los Ríos,0000,Total Nacional,Ecuador,Seguridad interna,Seguridad ciudadana,Denuncias de violaciones,Total,Total,23,No Aplica,"Es el acceso carnal, con introducción total o parcial del miembro viril, por vía oral, anal o vaginal; o la introducción, por vía vaginal o anal, de objetos, dedos u órganos distintos al miembro viril, a una persona de cualquier sexo.",2021,8,Fiscalía General del Estado - INEC,Denuncias,Paz,ODS 16
4006,13,Manabí,0000,Total Nacional,Ecuador,Seguridad interna,Seguridad ciudadana,Denuncias de violaciones,Total,Total,33,No Aplica,"Es el acceso carnal, con introducción total o parcial del miembro viril, por vía oral, anal o vaginal; o la introducción, por vía vaginal o anal, de objetos, dedos u órganos distintos al miembro viril, a una persona de cualquier sexo.",2021,8,Fiscalía General del Estado - INEC,Denuncias,Paz,ODS 16
4006,14,Morona Santiago,0000,Total Nacional,Ecuador,Seguridad interna,Seguridad ciudadana,Denuncias de violaciones,Total,Total,32,No Aplica,"Es el acceso carnal, con introducción total o parcial del miembro viril, por vía oral, anal o vaginal; o la introducción, por vía vaginal o anal, de objetos, dedos u órganos distintos al miembro viril, a una persona de cualquier sexo.",2021,8,Fiscalía General del Estado - INEC,Denuncias,Paz,ODS 16
4006,15,Napo,0000,Total Nacional,Ecuador,Seguridad interna,Seguridad ciudadana,Denuncias de violaciones,Total,Total,16,No Aplica,"Es el acceso carnal, con introducción total o parcial del miembro viril, por vía oral, anal o vaginal; o la introducción, por vía vaginal o anal, de objetos, dedos u órganos distintos al miembro viril, a una persona de cualquier sexo.",2021,8,Fiscalía General del Estado - INEC,Denuncias,Paz,ODS 16
4006,16,Pastaza,0000,Total Nacional,Ecuador,Seguridad interna,Seguridad ciudadana,Denuncias de violaciones,Total,Total,8,No Aplica,"Es el acceso carnal, con introducción total o parcial del miembro viril, por vía oral, anal o vaginal; o la introducción, por vía vaginal o anal, de objetos, dedos u órganos distintos al miembro viril, a una persona de cualquier sexo.",2021,8,Fiscalía General del Estado - INEC,Denuncias,Paz,ODS 16
4006,17,Pichincha,0000,Total Nacional,Ecuador,Seguridad interna,Seguridad ciudadana,Denuncias de violaciones,Total,Total,96,No Aplica,"Es el acceso carnal, con introducción total o parcial del miembro viril, por vía oral, anal o vaginal; o la introducción, por vía vaginal o anal, de objetos, dedos u órganos distintos al miembro viril, a una persona de cualquier sexo.",2021,8,Fiscalía General del Estado - INEC,Denuncias,Paz,ODS 16
4006,18,Tungurahua,0000,Total Nacional,Ecuador,Seguridad interna,Seguridad ciudadana,Denuncias de violaciones,Total,Total,10,No Aplica,"Es el acceso carnal, con introducción total o parcial del miembro viril, por vía oral, anal o vaginal; o la introducción, por vía vaginal o anal, de objetos, dedos u órganos distintos al miembro viril, a una persona de cualquier sexo.",2021,8,Fiscalía General del Estado - INEC,Denuncias,Paz,ODS 16
4006,19,Zamora Chinchipe,0000,Total Nacional,Ecuador,Seguridad interna,Seguridad ciudadana,Denuncias de violaciones,Total,Total,8,No Aplica,"Es el acceso carnal, con introducción total o parcial del miembro viril, por vía oral, anal o vaginal; o la introducción, por vía vaginal o anal, de objetos, dedos u órganos distintos al miembro viril, a una persona de cualquier sexo.",2021,8,Fiscalía General del Estado - INEC,Denuncias,Paz,ODS 16
4006,20,Galápagos,0000,Total Nacional,Ecuador,Seguridad interna,Seguridad ciudadana,Denuncias de violaciones,Total,Total,2,No Aplica,"Es el acceso carnal, con introducción total o parcial del miembro viril, por vía oral, anal o vaginal; o la introducción, por vía vaginal o anal, de objetos, dedos u órganos distintos al miembro viril, a una persona de cualquier sexo.",2021,8,Fiscalía General del Estado - INEC,Denuncias,Paz,ODS 16
4006,21,Sucumbios,0000,Total Nacional,Ecuador,Seguridad interna,Seguridad ciudadana,Denuncias de violaciones,Total,Total,19,No Aplica,"Es el acceso carnal, con introducción total o parcial del miembro viril, por vía oral, anal o vaginal; o la introducción, por vía vaginal o anal, de objetos, dedos u órganos distintos al miembro viril, a una persona de cualquier sexo.",2021,8,Fiscalía General del Estado - INEC,Denuncias,Paz,ODS 16
4006,22,Orellana,0000,Total Nacional,Ecuador,Seguridad interna,Seguridad ciudadana,Denuncias de violaciones,Total,Total,12,No Aplica,"Es el acceso carnal, con introducción total o parcial del miembro viril, por vía oral, anal o vaginal; o la introducción, por vía vaginal o anal, de objetos, dedos u órganos distintos al miembro viril, a una persona de cualquier sexo.",2021,8,Fiscalía General del Estado - INEC,Denuncias,Paz,ODS 16
4006,23,Santo Domingo de los Tsáchilas,0000,Total Nacional,Ecuador,Seguridad interna,Seguridad ciudadana,Denuncias de violaciones,Total,Total,27,No Aplica,"Es el acceso carnal, con introducción total o parcial del miembro viril, por vía oral, anal o vaginal; o la introducción, por vía vaginal o anal, de objetos, dedos u órganos distintos al miembro viril, a una persona de cualquier sexo.",2021,8,Fiscalía General del Estado - INEC,Denuncias,Paz,ODS 16
4006,24,Santa Elena,0000,Total Nacional,Ecuador,Seguridad interna,Seguridad ciudadana,Denuncias de violaciones,Total,Total,9,No Aplica,"Es el acceso carnal, con introducción total o parcial del miembro viril, por vía oral, anal o vaginal; o la introducción, por vía vaginal o anal, de objetos, dedos u órganos distintos al miembro viril, a una persona de cualquier sexo.",2021,8,Fiscalía General del Estado - INEC,Denuncias,Paz,ODS 16
4006,00,Total Nacional,0000,Total Nacional,Ecuador,Seguridad interna,Seguridad ciudadana,Denuncias de violaciones,Total,Total,531,No Aplica,"Es el acceso carnal, con introducción total o parcial del miembro viril, por vía oral, anal o vaginal; o la introducción, por vía vaginal o anal, de objetos, dedos u órganos distintos al miembro viril, a una persona de cualquier sexo.",2021,7,Fiscalía General del Estado - INEC,Denuncias,Paz,ODS 16
4006,01,Azuay,0000,Total Nacional,Ecuador,Seguridad interna,Seguridad ciudadana,Denuncias de violaciones,Total,Total,20,No Aplica,"Es el acceso carnal, con introducción total o parcial del miembro viril, por vía oral, anal o vaginal; o la introducción, por vía vaginal o anal, de objetos, dedos u órganos distintos al miembro viril, a una persona de cualquier sexo.",2021,7,Fiscalía General del Estado - INEC,Denuncias,Paz,ODS 16
4006,02,Bolívar,0000,Total Nacional,Ecuador,Seguridad interna,Seguridad ciudadana,Denuncias de violaciones,Total,Total,9,No Aplica,"Es el acceso carnal, con introducción total o parcial del miembro viril, por vía oral, anal o vaginal; o la introducción, por vía vaginal o anal, de objetos, dedos u órganos distintos al miembro viril, a una persona de cualquier sexo.",2021,7,Fiscalía General del Estado - INEC,Denuncias,Paz,ODS 16
4006,03,Cañar,0000,Total Nacional,Ecuador,Seguridad interna,Seguridad ciudadana,Denuncias de violaciones,Total,Total,11,No Aplica,"Es el acceso carnal, con introducción total o parcial del miembro viril, por vía oral, anal o vaginal; o la introducción, por vía vaginal o anal, de objetos, dedos u órganos distintos al miembro viril, a una persona de cualquier sexo.",2021,7,Fiscalía General del Estado - INEC,Denuncias,Paz,ODS 16
4006,04,Carchi,0000,Total Nacional,Ecuador,Seguridad interna,Seguridad ciudadana,Denuncias de violaciones,Total,Total,9,No Aplica,"Es el acceso carnal, con introducción total o parcial del miembro viril, por vía oral, anal o vaginal; o la introducción, por vía vaginal o anal, de objetos, dedos u órganos distintos al miembro viril, a una persona de cualquier sexo.",2021,7,Fiscalía General del Estado - INEC,Denuncias,Paz,ODS 16
4006,05,Cotopaxi,0000,Total Nacional,Ecuador,Seguridad interna,Seguridad ciudadana,Denuncias de violaciones,Total,Total,15,No Aplica,"Es el acceso carnal, con introducción total o parcial del miembro viril, por vía oral, anal o vaginal; o la introducción, por vía vaginal o anal, de objetos, dedos u órganos distintos al miembro viril, a una persona de cualquier sexo.",2021,7,Fiscalía General del Estado - INEC,Denuncias,Paz,ODS 16
4006,06,Chimborazo,0000,Total Nacional,Ecuador,Seguridad interna,Seguridad ciudadana,Denuncias de violaciones,Total,Total,23,No Aplica,"Es el acceso carnal, con introducción total o parcial del miembro viril, por vía oral, anal o vaginal; o la introducción, por vía vaginal o anal, de objetos, dedos u órganos distintos al miembro viril, a una persona de cualquier sexo.",2021,7,Fiscalía General del Estado - INEC,Denuncias,Paz,ODS 16
4006,07,El Oro,0000,Total Nacional,Ecuador,Seguridad interna,Seguridad ciudadana,Denuncias de violaciones,Total,Total,29,No Aplica,"Es el acceso carnal, con introducción total o parcial del miembro viril, por vía oral, anal o vaginal; o la introducción, por vía vaginal o anal, de objetos, dedos u órganos distintos al miembro viril, a una persona de cualquier sexo.",2021,7,Fiscalía General del Estado - INEC,Denuncias,Paz,ODS 16
4006,08,Esmeraldas,0000,Total Nacional,Ecuador,Seguridad interna,Seguridad ciudadana,Denuncias de violaciones,Total,Total,24,No Aplica,"Es el acceso carnal, con introducción total o parcial del miembro viril, por vía oral, anal o vaginal; o la introducción, por vía vaginal o anal, de objetos, dedos u órganos distintos al miembro viril, a una persona de cualquier sexo.",2021,7,Fiscalía General del Estado - INEC,Denuncias,Paz,ODS 16
4006,09,Guayas,0000,Total Nacional,Ecuador,Seguridad interna,Seguridad ciudadana,Denuncias de violaciones,Total,Total,81,No Aplica,"Es el acceso carnal, con introducción total o parcial del miembro viril, por vía oral, anal o vaginal; o la introducción, por vía vaginal o anal, de objetos, dedos u órganos distintos al miembro viril, a una persona de cualquier sexo.",2021,7,Fiscalía General del Estado - INEC,Denuncias,Paz,ODS 16
4006,10,Imbabura,0000,Total Nacional,Ecuador,Seguridad interna,Seguridad ciudadana,Denuncias de violaciones,Total,Total,12,No Aplica,"Es el acceso carnal, con introducción total o parcial del miembro viril, por vía oral, anal o vaginal; o la introducción, por vía vaginal o anal, de objetos, dedos u órganos distintos al miembro viril, a una persona de cualquier sexo.",2021,7,Fiscalía General del Estado - INEC,Denuncias,Paz,ODS 16
4006,11,Loja,0000,Total Nacional,Ecuador,Seguridad interna,Seguridad ciudadana,Denuncias de violaciones,Total,Total,13,No Aplica,"Es el acceso carnal, con introducción total o parcial del miembro viril, por vía oral, anal o vaginal; o la introducción, por vía vaginal o anal, de objetos, dedos u órganos distintos al miembro viril, a una persona de cualquier sexo.",2021,7,Fiscalía General del Estado - INEC,Denuncias,Paz,ODS 16
4006,12,Los Ríos,0000,Total Nacional,Ecuador,Seguridad interna,Seguridad ciudadana,Denuncias de violaciones,Total,Total,34,No Aplica,"Es el acceso carnal, con introducción total o parcial del miembro viril, por vía oral, anal o vaginal; o la introducción, por vía vaginal o anal, de objetos, dedos u órganos distintos al miembro viril, a una persona de cualquier sexo.",2021,7,Fiscalía General del Estado - INEC,Denuncias,Paz,ODS 16
4006,13,Manabí,0000,Total Nacional,Ecuador,Seguridad interna,Seguridad ciudadana,Denuncias de violaciones,Total,Total,32,No Aplica,"Es el acceso carnal, con introducción total o parcial del miembro viril, por vía oral, anal o vaginal; o la introducción, por vía vaginal o anal, de objetos, dedos u órganos distintos al miembro viril, a una persona de cualquier sexo.",2021,7,Fiscalía General del Estado - INEC,Denuncias,Paz,ODS 16
4006,14,Morona Santiago,0000,Total Nacional,Ecuador,Seguridad interna,Seguridad ciudadana,Denuncias de violaciones,Total,Total,26,No Aplica,"Es el acceso carnal, con introducción total o parcial del miembro viril, por vía oral, anal o vaginal; o la introducción, por vía vaginal o anal, de objetos, dedos u órganos distintos al miembro viril, a una persona de cualquier sexo.",2021,7,Fiscalía General del Estado - INEC,Denuncias,Paz,ODS 16
4006,15,Napo,0000,Total Nacional,Ecuador,Seguridad interna,Seguridad ciudadana,Denuncias de violaciones,Total,Total,6,No Aplica,"Es el acceso carnal, con introducción total o parcial del miembro viril, por vía oral, anal o vaginal; o la introducción, por vía vaginal o anal, de objetos, dedos u órganos distintos al miembro viril, a una persona de cualquier sexo.",2021,7,Fiscalía General del Estado - INEC,Denuncias,Paz,ODS 16
4006,16,Pastaza,0000,Total Nacional,Ecuador,Seguridad interna,Seguridad ciudadana,Denuncias de violaciones,Total,Total,7,No Aplica,"Es el acceso carnal, con introducción total o parcial del miembro viril, por vía oral, anal o vaginal; o la introducción, por vía vaginal o anal, de objetos, dedos u órganos distintos al miembro viril, a una persona de cualquier sexo.",2021,7,Fiscalía General del Estado - INEC,Denuncias,Paz,ODS 16
4006,17,Pichincha,0000,Total Nacional,Ecuador,Seguridad interna,Seguridad ciudadana,Denuncias de violaciones,Total,Total,94,No Aplica,"Es el acceso carnal, con introducción total o parcial del miembro viril, por vía oral, anal o vaginal; o la introducción, por vía vaginal o anal, de objetos, dedos u órganos distintos al miembro viril, a una persona de cualquier sexo.",2021,7,Fiscalía General del Estado - INEC,Denuncias,Paz,ODS 16
4006,18,Tungurahua,0000,Total Nacional,Ecuador,Seguridad interna,Seguridad ciudadana,Denuncias de violaciones,Total,Total,10,No Aplica,"Es el acceso carnal, con introducción total o parcial del miembro viril, por vía oral, anal o vaginal; o la introducción, por vía vaginal o anal, de objetos, dedos u órganos distintos al miembro viril, a una persona de cualquier sexo.",2021,7,Fiscalía General del Estado - INEC,Denuncias,Paz,ODS 16
4006,19,Zamora Chinchipe,0000,Total Nacional,Ecuador,Seguridad interna,Seguridad ciudadana,Denuncias de violaciones,Total,Total,4,No Aplica,"Es el acceso carnal, con introducción total o parcial del miembro viril, por vía oral, anal o vaginal; o la introducción, por vía vaginal o anal, de objetos, dedos u órganos distintos al miembro viril, a una persona de cualquier sexo.",2021,7,Fiscalía General del Estado - INEC,Denuncias,Paz,ODS 16
4006,20,Galápagos,0000,Total Nacional,Ecuador,Seguridad interna,Seguridad ciudadana,Denuncias de violaciones,Total,Total,4,No Aplica,"Es el acceso carnal, con introducción total o parcial del miembro viril, por vía oral, anal o vaginal; o la introducción, por vía vaginal o anal, de objetos, dedos u órganos distintos al miembro viril, a una persona de cualquier sexo.",2021,7,Fiscalía General del Estado - INEC,Denuncias,Paz,ODS 16
4006,21,Sucumbios,0000,Total Nacional,Ecuador,Seguridad interna,Seguridad ciudadana,Denuncias de violaciones,Total,Total,18,No Aplica,"Es el acceso carnal, con introducción total o parcial del miembro viril, por vía oral, anal o vaginal; o la introducción, por vía vaginal o anal, de objetos, dedos u órganos distintos al miembro viril, a una persona de cualquier sexo.",2021,7,Fiscalía General del Estado - INEC,Denuncias,Paz,ODS 16
4006,22,Orellana,0000,Total Nacional,Ecuador,Seguridad interna,Seguridad ciudadana,Denuncias de violaciones,Total,Total,8,No Aplica,"Es el acceso carnal, con introducción total o parcial del miembro viril, por vía oral, anal o vaginal; o la introducción, por vía vaginal o anal, de objetos, dedos u órganos distintos al miembro viril, a una persona de cualquier sexo.",2021,7,Fiscalía General del Estado - INEC,Denuncias,Paz,ODS 16
4006,23,Santo Domingo de los Tsáchilas,0000,Total Nacional,Ecuador,Seguridad interna,Seguridad ciudadana,Denuncias de violaciones,Total,Total,28,No Aplica,"Es el acceso carnal, con introducción total o parcial del miembro viril, por vía oral, anal o vaginal; o la introducción, por vía vaginal o anal, de objetos, dedos u órganos distintos al miembro viril, a una persona de cualquier sexo.",2021,7,Fiscalía General del Estado - INEC,Denuncias,Paz,ODS 16
4006,24,Santa Elena,0000,Total Nacional,Ecuador,Seguridad interna,Seguridad ciudadana,Denuncias de violaciones,Total,Total,14,No Aplica,"Es el acceso carnal, con introducción total o parcial del miembro viril, por vía oral, anal o vaginal; o la introducción, por vía vaginal o anal, de objetos, dedos u órganos distintos al miembro viril, a una persona de cualquier sexo.",2021,7,Fiscalía General del Estado - INEC,Denuncias,Paz,ODS 16
4006,00,Total Nacional,0000,Total Nacional,Ecuador,Seguridad interna,Seguridad ciudadana,Denuncias de violaciones,Total,Total,494,No Aplica,"Es el acceso carnal, con introducción total o parcial del miembro viril, por vía oral, anal o vaginal; o la introducción, por vía vaginal o anal, de objetos, dedos u órganos distintos al miembro viril, a una persona de cualquier sexo.",2021,6,Fiscalía General del Estado - INEC,Denuncias,Paz,ODS 16
4006,01,Azuay,0000,Total Nacional,Ecuador,Seguridad interna,Seguridad ciudadana,Denuncias de violaciones,Total,Total,30,No Aplica,"Es el acceso carnal, con introducción total o parcial del miembro viril, por vía oral, anal o vaginal; o la introducción, por vía vaginal o anal, de objetos, dedos u órganos distintos al miembro viril, a una persona de cualquier sexo.",2021,6,Fiscalía General del Estado - INEC,Denuncias,Paz,ODS 16
4006,02,Bolívar,0000,Total Nacional,Ecuador,Seguridad interna,Seguridad ciudadana,Denuncias de violaciones,Total,Total,5,No Aplica,"Es el acceso carnal, con introducción total o parcial del miembro viril, por vía oral, anal o vaginal; o la introducción, por vía vaginal o anal, de objetos, dedos u órganos distintos al miembro viril, a una persona de cualquier sexo.",2021,6,Fiscalía General del Estado - INEC,Denuncias,Paz,ODS 16
4006,03,Cañar,0000,Total Nacional,Ecuador,Seguridad interna,Seguridad ciudadana,Denuncias de violaciones,Total,Total,4,No Aplica,"Es el acceso carnal, con introducción total o parcial del miembro viril, por vía oral, anal o vaginal; o la introducción, por vía vaginal o anal, de objetos, dedos u órganos distintos al miembro viril, a una persona de cualquier sexo.",2021,6,Fiscalía General del Estado - INEC,Denuncias,Paz,ODS 16
4006,04,Carchi,0000,Total Nacional,Ecuador,Seguridad interna,Seguridad ciudadana,Denuncias de violaciones,Total,Total,2,No Aplica,"Es el acceso carnal, con introducción total o parcial del miembro viril, por vía oral, anal o vaginal; o la introducción, por vía vaginal o anal, de objetos, dedos u órganos distintos al miembro viril, a una persona de cualquier sexo.",2021,6,Fiscalía General del Estado - INEC,Denuncias,Paz,ODS 16
4006,05,Cotopaxi,0000,Total Nacional,Ecuador,Seguridad interna,Seguridad ciudadana,Denuncias de violaciones,Total,Total,11,No Aplica,"Es el acceso carnal, con introducción total o parcial del miembro viril, por vía oral, anal o vaginal; o la introducción, por vía vaginal o anal, de objetos, dedos u órganos distintos al miembro viril, a una persona de cualquier sexo.",2021,6,Fiscalía General del Estado - INEC,Denuncias,Paz,ODS 16
4006,06,Chimborazo,0000,Total Nacional,Ecuador,Seguridad interna,Seguridad ciudadana,Denuncias de violaciones,Total,Total,11,No Aplica,"Es el acceso carnal, con introducción total o parcial del miembro viril, por vía oral, anal o vaginal; o la introducción, por vía vaginal o anal, de objetos, dedos u órganos distintos al miembro viril, a una persona de cualquier sexo.",2021,6,Fiscalía General del Estado - INEC,Denuncias,Paz,ODS 16
4006,07,El Oro,0000,Total Nacional,Ecuador,Seguridad interna,Seguridad ciudadana,Denuncias de violaciones,Total,Total,30,No Aplica,"Es el acceso carnal, con introducción total o parcial del miembro viril, por vía oral, anal o vaginal; o la introducción, por vía vaginal o anal, de objetos, dedos u órganos distintos al miembro viril, a una persona de cualquier sexo.",2021,6,Fiscalía General del Estado - INEC,Denuncias,Paz,ODS 16
4006,08,Esmeraldas,0000,Total Nacional,Ecuador,Seguridad interna,Seguridad ciudadana,Denuncias de violaciones,Total,Total,15,No Aplica,"Es el acceso carnal, con introducción total o parcial del miembro viril, por vía oral, anal o vaginal; o la introducción, por vía vaginal o anal, de objetos, dedos u órganos distintos al miembro viril, a una persona de cualquier sexo.",2021,6,Fiscalía General del Estado - INEC,Denuncias,Paz,ODS 16
4006,09,Guayas,0000,Total Nacional,Ecuador,Seguridad interna,Seguridad ciudadana,Denuncias de violaciones,Total,Total,86,No Aplica,"Es el acceso carnal, con introducción total o parcial del miembro viril, por vía oral, anal o vaginal; o la introducción, por vía vaginal o anal, de objetos, dedos u órganos distintos al miembro viril, a una persona de cualquier sexo.",2021,6,Fiscalía General del Estado - INEC,Denuncias,Paz,ODS 16
4006,10,Imbabura,0000,Total Nacional,Ecuador,Seguridad interna,Seguridad ciudadana,Denuncias de violaciones,Total,Total,14,No Aplica,"Es el acceso carnal, con introducción total o parcial del miembro viril, por vía oral, anal o vaginal; o la introducción, por vía vaginal o anal, de objetos, dedos u órganos distintos al miembro viril, a una persona de cualquier sexo.",2021,6,Fiscalía General del Estado - INEC,Denuncias,Paz,ODS 16
4006,11,Loja,0000,Total Nacional,Ecuador,Seguridad interna,Seguridad ciudadana,Denuncias de violaciones,Total,Total,17,No Aplica,"Es el acceso carnal, con introducción total o parcial del miembro viril, por vía oral, anal o vaginal; o la introducción, por vía vaginal o anal, de objetos, dedos u órganos distintos al miembro viril, a una persona de cualquier sexo.",2021,6,Fiscalía General del Estado - INEC,Denuncias,Paz,ODS 16
4006,12,Los Ríos,0000,Total Nacional,Ecuador,Seguridad interna,Seguridad ciudadana,Denuncias de violaciones,Total,Total,20,No Aplica,"Es el acceso carnal, con introducción total o parcial del miembro viril, por vía oral, anal o vaginal; o la introducción, por vía vaginal o anal, de objetos, dedos u órganos distintos al miembro viril, a una persona de cualquier sexo.",2021,6,Fiscalía General del Estado - INEC,Denuncias,Paz,ODS 16
4006,13,Manabí,0000,Total Nacional,Ecuador,Seguridad interna,Seguridad ciudadana,Denuncias de violaciones,Total,Total,34,No Aplica,"Es el acceso carnal, con introducción total o parcial del miembro viril, por vía oral, anal o vaginal; o la introducción, por vía vaginal o anal, de objetos, dedos u órganos distintos al miembro viril, a una persona de cualquier sexo.",2021,6,Fiscalía General del Estado - INEC,Denuncias,Paz,ODS 16
4006,14,Morona Santiago,0000,Total Nacional,Ecuador,Seguridad interna,Seguridad ciudadana,Denuncias de violaciones,Total,Total,25,No Aplica,"Es el acceso carnal, con introducción total o parcial del miembro viril, por vía oral, anal o vaginal; o la introducción, por vía vaginal o anal, de objetos, dedos u órganos distintos al miembro viril, a una persona de cualquier sexo.",2021,6,Fiscalía General del Estado - INEC,Denuncias,Paz,ODS 16
4006,15,Napo,0000,Total Nacional,Ecuador,Seguridad interna,Seguridad ciudadana,Denuncias de violaciones,Total,Total,8,No Aplica,"Es el acceso carnal, con introducción total o parcial del miembro viril, por vía oral, anal o vaginal; o la introducción, por vía vaginal o anal, de objetos, dedos u órganos distintos al miembro viril, a una persona de cualquier sexo.",2021,6,Fiscalía General del Estado - INEC,Denuncias,Paz,ODS 16
4006,16,Pastaza,0000,Total Nacional,Ecuador,Seguridad interna,Seguridad ciudadana,Denuncias de violaciones,Total,Total,11,No Aplica,"Es el acceso carnal, con introducción total o parcial del miembro viril, por vía oral, anal o vaginal; o la introducción, por vía vaginal o anal, de objetos, dedos u órganos distintos al miembro viril, a una persona de cualquier sexo.",2021,6,Fiscalía General del Estado - INEC,Denuncias,Paz,ODS 16
4006,17,Pichincha,0000,Total Nacional,Ecuador,Seguridad interna,Seguridad ciudadana,Denuncias de violaciones,Total,Total,97,No Aplica,"Es el acceso carnal, con introducción total o parcial del miembro viril, por vía oral, anal o vaginal; o la introducción, por vía vaginal o anal, de objetos, dedos u órganos distintos al miembro viril, a una persona de cualquier sexo.",2021,6,Fiscalía General del Estado - INEC,Denuncias,Paz,ODS 16
4006,18,Tungurahua,0000,Total Nacional,Ecuador,Seguridad interna,Seguridad ciudadana,Denuncias de violaciones,Total,Total,11,No Aplica,"Es el acceso carnal, con introducción total o parcial del miembro viril, por vía oral, anal o vaginal; o la introducción, por vía vaginal o anal, de objetos, dedos u órganos distintos al miembro viril, a una persona de cualquier sexo.",2021,6,Fiscalía General del Estado - INEC,Denuncias,Paz,ODS 16
4006,19,Zamora Chinchipe,0000,Total Nacional,Ecuador,Seguridad interna,Seguridad ciudadana,Denuncias de violaciones,Total,Total,5,No Aplica,"Es el acceso carnal, con introducción total o parcial del miembro viril, por vía oral, anal o vaginal; o la introducción, por vía vaginal o anal, de objetos, dedos u órganos distintos al miembro viril, a una persona de cualquier sexo.",2021,6,Fiscalía General del Estado - INEC,Denuncias,Paz,ODS 16
4006,20,Galápagos,0000,Total Nacional,Ecuador,Seguridad interna,Seguridad ciudadana,Denuncias de violaciones,Total,Total,1,No Aplica,"Es el acceso carnal, con introducción total o parcial del miembro viril, por vía oral, anal o vaginal; o la introducción, por vía vaginal o anal, de objetos, dedos u órganos distintos al miembro viril, a una persona de cualquier sexo.",2021,6,Fiscalía General del Estado - INEC,Denuncias,Paz,ODS 16
4006,21,Sucumbios,0000,Total Nacional,Ecuador,Seguridad interna,Seguridad ciudadana,Denuncias de violaciones,Total,Total,19,No Aplica,"Es el acceso carnal, con introducción total o parcial del miembro viril, por vía oral, anal o vaginal; o la introducción, por vía vaginal o anal, de objetos, dedos u órganos distintos al miembro viril, a una persona de cualquier sexo.",2021,6,Fiscalía General del Estado - INEC,Denuncias,Paz,ODS 16
4006,22,Orellana,0000,Total Nacional,Ecuador,Seguridad interna,Seguridad ciudadana,Denuncias de violaciones,Total,Total,9,No Aplica,"Es el acceso carnal, con introducción total o parcial del miembro viril, por vía oral, anal o vaginal; o la introducción, por vía vaginal o anal, de objetos, dedos u órganos distintos al miembro viril, a una persona de cualquier sexo.",2021,6,Fiscalía General del Estado - INEC,Denuncias,Paz,ODS 16
4006,23,Santo Domingo de los Tsáchilas,0000,Total Nacional,Ecuador,Seguridad interna,Seguridad ciudadana,Denuncias de violaciones,Total,Total,22,No Aplica,"Es el acceso carnal, con introducción total o parcial del miembro viril, por vía oral, anal o vaginal; o la introducción, por vía vaginal o anal, de objetos, dedos u órganos distintos al miembro viril, a una persona de cualquier sexo.",2021,6,Fiscalía General del Estado - INEC,Denuncias,Paz,ODS 16
4006,24,Santa Elena,0000,Total Nacional,Ecuador,Seguridad interna,Seguridad ciudadana,Denuncias de violaciones,Total,Total,7,No Aplica,"Es el acceso carnal, con introducción total o parcial del miembro viril, por vía oral, anal o vaginal; o la introducción, por vía vaginal o anal, de objetos, dedos u órganos distintos al miembro viril, a una persona de cualquier sexo.",2021,6,Fiscalía General del Estado - INEC,Denuncias,Paz,ODS 16
4006,00,Total Nacional,0000,Total Nacional,Ecuador,Seguridad interna,Seguridad ciudadana,Denuncias de violaciones,Total,Total,459,No Aplica,"Es el acceso carnal, con introducción total o parcial del miembro viril, por vía oral, anal o vaginal; o la introducción, por vía vaginal o anal, de objetos, dedos u órganos distintos al miembro viril, a una persona de cualquier sexo.",2021,5,Fiscalía General del Estado - INEC,Denuncias,Paz,ODS 16
4006,01,Azuay,0000,Total Nacional,Ecuador,Seguridad interna,Seguridad ciudadana,Denuncias de violaciones,Total,Total,17,No Aplica,"Es el acceso carnal, con introducción total o parcial del miembro viril, por vía oral, anal o vaginal; o la introducción, por vía vaginal o anal, de objetos, dedos u órganos distintos al miembro viril, a una persona de cualquier sexo.",2021,5,Fiscalía General del Estado - INEC,Denuncias,Paz,ODS 16
4006,02,Bolívar,0000,Total Nacional,Ecuador,Seguridad interna,Seguridad ciudadana,Denuncias de violaciones,Total,Total,5,No Aplica,"Es el acceso carnal, con introducción total o parcial del miembro viril, por vía oral, anal o vaginal; o la introducción, por vía vaginal o anal, de objetos, dedos u órganos distintos al miembro viril, a una persona de cualquier sexo.",2021,5,Fiscalía General del Estado - INEC,Denuncias,Paz,ODS 16
4006,03,Cañar,0000,Total Nacional,Ecuador,Seguridad interna,Seguridad ciudadana,Denuncias de violaciones,Total,Total,7,No Aplica,"Es el acceso carnal, con introducción total o parcial del miembro viril, por vía oral, anal o vaginal; o la introducción, por vía vaginal o anal, de objetos, dedos u órganos distintos al miembro viril, a una persona de cualquier sexo.",2021,5,Fiscalía General del Estado - INEC,Denuncias,Paz,ODS 16
4006,04,Carchi,0000,Total Nacional,Ecuador,Seguridad interna,Seguridad ciudadana,Denuncias de violaciones,Total,Total,3,No Aplica,"Es el acceso carnal, con introducción total o parcial del miembro viril, por vía oral, anal o vaginal; o la introducción, por vía vaginal o anal, de objetos, dedos u órganos distintos al miembro viril, a una persona de cualquier sexo.",2021,5,Fiscalía General del Estado - INEC,Denuncias,Paz,ODS 16
4006,05,Cotopaxi,0000,Total Nacional,Ecuador,Seguridad interna,Seguridad ciudadana,Denuncias de violaciones,Total,Total,10,No Aplica,"Es el acceso carnal, con introducción total o parcial del miembro viril, por vía oral, anal o vaginal; o la introducción, por vía vaginal o anal, de objetos, dedos u órganos distintos al miembro viril, a una persona de cualquier sexo.",2021,5,Fiscalía General del Estado - INEC,Denuncias,Paz,ODS 16
4006,06,Chimborazo,0000,Total Nacional,Ecuador,Seguridad interna,Seguridad ciudadana,Denuncias de violaciones,Total,Total,13,No Aplica,"Es el acceso carnal, con introducción total o parcial del miembro viril, por vía oral, anal o vaginal; o la introducción, por vía vaginal o anal, de objetos, dedos u órganos distintos al miembro viril, a una persona de cualquier sexo.",2021,5,Fiscalía General del Estado - INEC,Denuncias,Paz,ODS 16
4006,07,El Oro,0000,Total Nacional,Ecuador,Seguridad interna,Seguridad ciudadana,Denuncias de violaciones,Total,Total,16,No Aplica,"Es el acceso carnal, con introducción total o parcial del miembro viril, por vía oral, anal o vaginal; o la introducción, por vía vaginal o anal, de objetos, dedos u órganos distintos al miembro viril, a una persona de cualquier sexo.",2021,5,Fiscalía General del Estado - INEC,Denuncias,Paz,ODS 16
4006,08,Esmeraldas,0000,Total Nacional,Ecuador,Seguridad interna,Seguridad ciudadana,Denuncias de violaciones,Total,Total,20,No Aplica,"Es el acceso carnal, con introducción total o parcial del miembro viril, por vía oral, anal o vaginal; o la introducción, por vía vaginal o anal, de objetos, dedos u órganos distintos al miembro viril, a una persona de cualquier sexo.",2021,5,Fiscalía General del Estado - INEC,Denuncias,Paz,ODS 16
4006,09,Guayas,0000,Total Nacional,Ecuador,Seguridad interna,Seguridad ciudadana,Denuncias de violaciones,Total,Total,73,No Aplica,"Es el acceso carnal, con introducción total o parcial del miembro viril, por vía oral, anal o vaginal; o la introducción, por vía vaginal o anal, de objetos, dedos u órganos distintos al miembro viril, a una persona de cualquier sexo.",2021,5,Fiscalía General del Estado - INEC,Denuncias,Paz,ODS 16
4006,10,Imbabura,0000,Total Nacional,Ecuador,Seguridad interna,Seguridad ciudadana,Denuncias de violaciones,Total,Total,13,No Aplica,"Es el acceso carnal, con introducción total o parcial del miembro viril, por vía oral, anal o vaginal; o la introducción, por vía vaginal o anal, de objetos, dedos u órganos distintos al miembro viril, a una persona de cualquier sexo.",2021,5,Fiscalía General del Estado - INEC,Denuncias,Paz,ODS 16
4006,11,Loja,0000,Total Nacional,Ecuador,Seguridad interna,Seguridad ciudadana,Denuncias de violaciones,Total,Total,15,No Aplica,"Es el acceso carnal, con introducción total o parcial del miembro viril, por vía oral, anal o vaginal; o la introducción, por vía vaginal o anal, de objetos, dedos u órganos distintos al miembro viril, a una persona de cualquier sexo.",2021,5,Fiscalía General del Estado - INEC,Denuncias,Paz,ODS 16
4006,12,Los Ríos,0000,Total Nacional,Ecuador,Seguridad interna,Seguridad ciudadana,Denuncias de violaciones,Total,Total,16,No Aplica,"Es el acceso carnal, con introducción total o parcial del miembro viril, por vía oral, anal o vaginal; o la introducción, por vía vaginal o anal, de objetos, dedos u órganos distintos al miembro viril, a una persona de cualquier sexo.",2021,5,Fiscalía General del Estado - INEC,Denuncias,Paz,ODS 16
4006,13,Manabí,0000,Total Nacional,Ecuador,Seguridad interna,Seguridad ciudadana,Denuncias de violaciones,Total,Total,41,No Aplica,"Es el acceso carnal, con introducción total o parcial del miembro viril, por vía oral, anal o vaginal; o la introducción, por vía vaginal o anal, de objetos, dedos u órganos distintos al miembro viril, a una persona de cualquier sexo.",2021,5,Fiscalía General del Estado - INEC,Denuncias,Paz,ODS 16
4006,14,Morona Santiago,0000,Total Nacional,Ecuador,Seguridad interna,Seguridad ciudadana,Denuncias de violaciones,Total,Total,31,No Aplica,"Es el acceso carnal, con introducción total o parcial del miembro viril, por vía oral, anal o vaginal; o la introducción, por vía vaginal o anal, de objetos, dedos u órganos distintos al miembro viril, a una persona de cualquier sexo.",2021,5,Fiscalía General del Estado - INEC,Denuncias,Paz,ODS 16
4006,15,Napo,0000,Total Nacional,Ecuador,Seguridad interna,Seguridad ciudadana,Denuncias de violaciones,Total,Total,13,No Aplica,"Es el acceso carnal, con introducción total o parcial del miembro viril, por vía oral, anal o vaginal; o la introducción, por vía vaginal o anal, de objetos, dedos u órganos distintos al miembro viril, a una persona de cualquier sexo.",2021,5,Fiscalía General del Estado - INEC,Denuncias,Paz,ODS 16
4006,16,Pastaza,0000,Total Nacional,Ecuador,Seguridad interna,Seguridad ciudadana,Denuncias de violaciones,Total,Total,7,No Aplica,"Es el acceso carnal, con introducción total o parcial del miembro viril, por vía oral, anal o vaginal; o la introducción, por vía vaginal o anal, de objetos, dedos u órganos distintos al miembro viril, a una persona de cualquier sexo.",2021,5,Fiscalía General del Estado - INEC,Denuncias,Paz,ODS 16
4006,17,Pichincha,0000,Total Nacional,Ecuador,Seguridad interna,Seguridad ciudadana,Denuncias de violaciones,Total,Total,84,No Aplica,"Es el acceso carnal, con introducción total o parcial del miembro viril, por vía oral, anal o vaginal; o la introducción, por vía vaginal o anal, de objetos, dedos u órganos distintos al miembro viril, a una persona de cualquier sexo.",2021,5,Fiscalía General del Estado - INEC,Denuncias,Paz,ODS 16
4006,18,Tungurahua,0000,Total Nacional,Ecuador,Seguridad interna,Seguridad ciudadana,Denuncias de violaciones,Total,Total,17,No Aplica,"Es el acceso carnal, con introducción total o parcial del miembro viril, por vía oral, anal o vaginal; o la introducción, por vía vaginal o anal, de objetos, dedos u órganos distintos al miembro viril, a una persona de cualquier sexo.",2021,5,Fiscalía General del Estado - INEC,Denuncias,Paz,ODS 16
4006,19,Zamora Chinchipe,0000,Total Nacional,Ecuador,Seguridad interna,Seguridad ciudadana,Denuncias de violaciones,Total,Total,5,No Aplica,"Es el acceso carnal, con introducción total o parcial del miembro viril, por vía oral, anal o vaginal; o la introducción, por vía vaginal o anal, de objetos, dedos u órganos distintos al miembro viril, a una persona de cualquier sexo.",2021,5,Fiscalía General del Estado - INEC,Denuncias,Paz,ODS 16
4006,20,Galápagos,0000,Total Nacional,Ecuador,Seguridad interna,Seguridad ciudadana,Denuncias de violaciones,Total,Total,2,No Aplica,"Es el acceso carnal, con introducción total o parcial del miembro viril, por vía oral, anal o vaginal; o la introducción, por vía vaginal o anal, de objetos, dedos u órganos distintos al miembro viril, a una persona de cualquier sexo.",2021,5,Fiscalía General del Estado - INEC,Denuncias,Paz,ODS 16
4006,21,Sucumbios,0000,Total Nacional,Ecuador,Seguridad interna,Seguridad ciudadana,Denuncias de violaciones,Total,Total,14,No Aplica,"Es el acceso carnal, con introducción total o parcial del miembro viril, por vía oral, anal o vaginal; o la introducción, por vía vaginal o anal, de objetos, dedos u órganos distintos al miembro viril, a una persona de cualquier sexo.",2021,5,Fiscalía General del Estado - INEC,Denuncias,Paz,ODS 16
4006,22,Orellana,0000,Total Nacional,Ecuador,Seguridad interna,Seguridad ciudadana,Denuncias de violaciones,Total,Total,19,No Aplica,"Es el acceso carnal, con introducción total o parcial del miembro viril, por vía oral, anal o vaginal; o la introducción, por vía vaginal o anal, de objetos, dedos u órganos distintos al miembro viril, a una persona de cualquier sexo.",2021,5,Fiscalía General del Estado - INEC,Denuncias,Paz,ODS 16
4006,23,Santo Domingo de los Tsáchilas,0000,Total Nacional,Ecuador,Seguridad interna,Seguridad ciudadana,Denuncias de violaciones,Total,Total,16,No Aplica,"Es el acceso carnal, con introducción total o parcial del miembro viril, por vía oral, anal o vaginal; o la introducción, por vía vaginal o anal, de objetos, dedos u órganos distintos al miembro viril, a una persona de cualquier sexo.",2021,5,Fiscalía General del Estado - INEC,Denuncias,Paz,ODS 16
4006,24,Santa Elena,0000,Total Nacional,Ecuador,Seguridad interna,Seguridad ciudadana,Denuncias de violaciones,Total,Total,2,No Aplica,"Es el acceso carnal, con introducción total o parcial del miembro viril, por vía oral, anal o vaginal; o la introducción, por vía vaginal o anal, de objetos, dedos u órganos distintos al miembro viril, a una persona de cualquier sexo.",2021,5,Fiscalía General del Estado - INEC,Denuncias,Paz,ODS 16
4006,00,Total Nacional,0000,Total Nacional,Ecuador,Seguridad interna,Seguridad ciudadana,Denuncias de violaciones,Total,Total,474,No Aplica,"Es el acceso carnal, con introducción total o parcial del miembro viril, por vía oral, anal o vaginal; o la introducción, por vía vaginal o anal, de objetos, dedos u órganos distintos al miembro viril, a una persona de cualquier sexo.",2021,4,Fiscalía General del Estado - INEC,Denuncias,Paz,ODS 16
4006,01,Azuay,0000,Total Nacional,Ecuador,Seguridad interna,Seguridad ciudadana,Denuncias de violaciones,Total,Total,28,No Aplica,"Es el acceso carnal, con introducción total o parcial del miembro viril, por vía oral, anal o vaginal; o la introducción, por vía vaginal o anal, de objetos, dedos u órganos distintos al miembro viril, a una persona de cualquier sexo.",2021,4,Fiscalía General del Estado - INEC,Denuncias,Paz,ODS 16
4006,02,Bolívar,0000,Total Nacional,Ecuador,Seguridad interna,Seguridad ciudadana,Denuncias de violaciones,Total,Total,9,No Aplica,"Es el acceso carnal, con introducción total o parcial del miembro viril, por vía oral, anal o vaginal; o la introducción, por vía vaginal o anal, de objetos, dedos u órganos distintos al miembro viril, a una persona de cualquier sexo.",2021,4,Fiscalía General del Estado - INEC,Denuncias,Paz,ODS 16
4006,03,Cañar,0000,Total Nacional,Ecuador,Seguridad interna,Seguridad ciudadana,Denuncias de violaciones,Total,Total,6,No Aplica,"Es el acceso carnal, con introducción total o parcial del miembro viril, por vía oral, anal o vaginal; o la introducción, por vía vaginal o anal, de objetos, dedos u órganos distintos al miembro viril, a una persona de cualquier sexo.",2021,4,Fiscalía General del Estado - INEC,Denuncias,Paz,ODS 16
4006,04,Carchi,0000,Total Nacional,Ecuador,Seguridad interna,Seguridad ciudadana,Denuncias de violaciones,Total,Total,5,No Aplica,"Es el acceso carnal, con introducción total o parcial del miembro viril, por vía oral, anal o vaginal; o la introducción, por vía vaginal o anal, de objetos, dedos u órganos distintos al miembro viril, a una persona de cualquier sexo.",2021,4,Fiscalía General del Estado - INEC,Denuncias,Paz,ODS 16
4006,05,Cotopaxi,0000,Total Nacional,Ecuador,Seguridad interna,Seguridad ciudadana,Denuncias de violaciones,Total,Total,9,No Aplica,"Es el acceso carnal, con introducción total o parcial del miembro viril, por vía oral, anal o vaginal; o la introducción, por vía vaginal o anal, de objetos, dedos u órganos distintos al miembro viril, a una persona de cualquier sexo.",2021,4,Fiscalía General del Estado - INEC,Denuncias,Paz,ODS 16
4006,06,Chimborazo,0000,Total Nacional,Ecuador,Seguridad interna,Seguridad ciudadana,Denuncias de violaciones,Total,Total,15,No Aplica,"Es el acceso carnal, con introducción total o parcial del miembro viril, por vía oral, anal o vaginal; o la introducción, por vía vaginal o anal, de objetos, dedos u órganos distintos al miembro viril, a una persona de cualquier sexo.",2021,4,Fiscalía General del Estado - INEC,Denuncias,Paz,ODS 16
4006,07,El Oro,0000,Total Nacional,Ecuador,Seguridad interna,Seguridad ciudadana,Denuncias de violaciones,Total,Total,16,No Aplica,"Es el acceso carnal, con introducción total o parcial del miembro viril, por vía oral, anal o vaginal; o la introducción, por vía vaginal o anal, de objetos, dedos u órganos distintos al miembro viril, a una persona de cualquier sexo.",2021,4,Fiscalía General del Estado - INEC,Denuncias,Paz,ODS 16
4006,08,Esmeraldas,0000,Total Nacional,Ecuador,Seguridad interna,Seguridad ciudadana,Denuncias de violaciones,Total,Total,21,No Aplica,"Es el acceso carnal, con introducción total o parcial del miembro viril, por vía oral, anal o vaginal; o la introducción, por vía vaginal o anal, de objetos, dedos u órganos distintos al miembro viril, a una persona de cualquier sexo.",2021,4,Fiscalía General del Estado - INEC,Denuncias,Paz,ODS 16
4006,09,Guayas,0000,Total Nacional,Ecuador,Seguridad interna,Seguridad ciudadana,Denuncias de violaciones,Total,Total,63,No Aplica,"Es el acceso carnal, con introducción total o parcial del miembro viril, por vía oral, anal o vaginal; o la introducción, por vía vaginal o anal, de objetos, dedos u órganos distintos al miembro viril, a una persona de cualquier sexo.",2021,4,Fiscalía General del Estado - INEC,Denuncias,Paz,ODS 16
4006,10,Imbabura,0000,Total Nacional,Ecuador,Seguridad interna,Seguridad ciudadana,Denuncias de violaciones,Total,Total,12,No Aplica,"Es el acceso carnal, con introducción total o parcial del miembro viril, por vía oral, anal o vaginal; o la introducción, por vía vaginal o anal, de objetos, dedos u órganos distintos al miembro viril, a una persona de cualquier sexo.",2021,4,Fiscalía General del Estado - INEC,Denuncias,Paz,ODS 16
4006,11,Loja,0000,Total Nacional,Ecuador,Seguridad interna,Seguridad ciudadana,Denuncias de violaciones,Total,Total,13,No Aplica,"Es el acceso carnal, con introducción total o parcial del miembro viril, por vía oral, anal o vaginal; o la introducción, por vía vaginal o anal, de objetos, dedos u órganos distintos al miembro viril, a una persona de cualquier sexo.",2021,4,Fiscalía General del Estado - INEC,Denuncias,Paz,ODS 16
4006,12,Los Ríos,0000,Total Nacional,Ecuador,Seguridad interna,Seguridad ciudadana,Denuncias de violaciones,Total,Total,15,No Aplica,"Es el acceso carnal, con introducción total o parcial del miembro viril, por vía oral, anal o vaginal; o la introducción, por vía vaginal o anal, de objetos, dedos u órganos distintos al miembro viril, a una persona de cualquier sexo.",2021,4,Fiscalía General del Estado - INEC,Denuncias,Paz,ODS 16
4006,13,Manabí,0000,Total Nacional,Ecuador,Seguridad interna,Seguridad ciudadana,Denuncias de violaciones,Total,Total,38,No Aplica,"Es el acceso carnal, con introducción total o parcial del miembro viril, por vía oral, anal o vaginal; o la introducción, por vía vaginal o anal, de objetos, dedos u órganos distintos al miembro viril, a una persona de cualquier sexo.",2021,4,Fiscalía General del Estado - INEC,Denuncias,Paz,ODS 16
4006,14,Morona Santiago,0000,Total Nacional,Ecuador,Seguridad interna,Seguridad ciudadana,Denuncias de violaciones,Total,Total,34,No Aplica,"Es el acceso carnal, con introducción total o parcial del miembro viril, por vía oral, anal o vaginal; o la introducción, por vía vaginal o anal, de objetos, dedos u órganos distintos al miembro viril, a una persona de cualquier sexo.",2021,4,Fiscalía General del Estado - INEC,Denuncias,Paz,ODS 16
4006,15,Napo,0000,Total Nacional,Ecuador,Seguridad interna,Seguridad ciudadana,Denuncias de violaciones,Total,Total,6,No Aplica,"Es el acceso carnal, con introducción total o parcial del miembro viril, por vía oral, anal o vaginal; o la introducción, por vía vaginal o anal, de objetos, dedos u órganos distintos al miembro viril, a una persona de cualquier sexo.",2021,4,Fiscalía General del Estado - INEC,Denuncias,Paz,ODS 16
4006,16,Pastaza,0000,Total Nacional,Ecuador,Seguridad interna,Seguridad ciudadana,Denuncias de violaciones,Total,Total,12,No Aplica,"Es el acceso carnal, con introducción total o parcial del miembro viril, por vía oral, anal o vaginal; o la introducción, por vía vaginal o anal, de objetos, dedos u órganos distintos al miembro viril, a una persona de cualquier sexo.",2021,4,Fiscalía General del Estado - INEC,Denuncias,Paz,ODS 16
4006,17,Pichincha,0000,Total Nacional,Ecuador,Seguridad interna,Seguridad ciudadana,Denuncias de violaciones,Total,Total,97,No Aplica,"Es el acceso carnal, con introducción total o parcial del miembro viril, por vía oral, anal o vaginal; o la introducción, por vía vaginal o anal, de objetos, dedos u órganos distintos al miembro viril, a una persona de cualquier sexo.",2021,4,Fiscalía General del Estado - INEC,Denuncias,Paz,ODS 16
4006,18,Tungurahua,0000,Total Nacional,Ecuador,Seguridad interna,Seguridad ciudadana,Denuncias de violaciones,Total,Total,12,No Aplica,"Es el acceso carnal, con introducción total o parcial del miembro viril, por vía oral, anal o vaginal; o la introducción, por vía vaginal o anal, de objetos, dedos u órganos distintos al miembro viril, a una persona de cualquier sexo.",2021,4,Fiscalía General del Estado - INEC,Denuncias,Paz,ODS 16
4006,19,Zamora Chinchipe,0000,Total Nacional,Ecuador,Seguridad interna,Seguridad ciudadana,Denuncias de violaciones,Total,Total,6,No Aplica,"Es el acceso carnal, con introducción total o parcial del miembro viril, por vía oral, anal o vaginal; o la introducción, por vía vaginal o anal, de objetos, dedos u órganos distintos al miembro viril, a una persona de cualquier sexo.",2021,4,Fiscalía General del Estado - INEC,Denuncias,Paz,ODS 16
4006,20,Galápagos,0000,Total Nacional,Ecuador,Seguridad interna,Seguridad ciudadana,Denuncias de violaciones,Total,Total,0,No Aplica,"Es el acceso carnal, con introducción total o parcial del miembro viril, por vía oral, anal o vaginal; o la introducción, por vía vaginal o anal, de objetos, dedos u órganos distintos al miembro viril, a una persona de cualquier sexo.",2021,4,Fiscalía General del Estado - INEC,Denuncias,Paz,ODS 16
4006,21,Sucumbios,0000,Total Nacional,Ecuador,Seguridad interna,Seguridad ciudadana,Denuncias de violaciones,Total,Total,14,No Aplica,"Es el acceso carnal, con introducción total o parcial del miembro viril, por vía oral, anal o vaginal; o la introducción, por vía vaginal o anal, de objetos, dedos u órganos distintos al miembro viril, a una persona de cualquier sexo.",2021,4,Fiscalía General del Estado - INEC,Denuncias,Paz,ODS 16
4006,22,Orellana,0000,Total Nacional,Ecuador,Seguridad interna,Seguridad ciudadana,Denuncias de violaciones,Total,Total,13,No Aplica,"Es el acceso carnal, con introducción total o parcial del miembro viril, por vía oral, anal o vaginal; o la introducción, por vía vaginal o anal, de objetos, dedos u órganos distintos al miembro viril, a una persona de cualquier sexo.",2021,4,Fiscalía General del Estado - INEC,Denuncias,Paz,ODS 16
4006,23,Santo Domingo de los Tsáchilas,0000,Total Nacional,Ecuador,Seguridad interna,Seguridad ciudadana,Denuncias de violaciones,Total,Total,22,No Aplica,"Es el acceso carnal, con introducción total o parcial del miembro viril, por vía oral, anal o vaginal; o la introducción, por vía vaginal o anal, de objetos, dedos u órganos distintos al miembro viril, a una persona de cualquier sexo.",2021,4,Fiscalía General del Estado - INEC,Denuncias,Paz,ODS 16
4006,24,Santa Elena,0000,Total Nacional,Ecuador,Seguridad interna,Seguridad ciudadana,Denuncias de violaciones,Total,Total,8,No Aplica,"Es el acceso carnal, con introducción total o parcial del miembro viril, por vía oral, anal o vaginal; o la introducción, por vía vaginal o anal, de objetos, dedos u órganos distintos al miembro viril, a una persona de cualquier sexo.",2021,4,Fiscalía General del Estado - INEC,Denuncias,Paz,ODS 16
4006,00,Total Nacional,0000,Total Nacional,Ecuador,Seguridad interna,Seguridad ciudadana,Denuncias de violaciones,Total,Total,509,No Aplica,"Es el acceso carnal, con introducción total o parcial del miembro viril, por vía oral, anal o vaginal; o la introducción, por vía vaginal o anal, de objetos, dedos u órganos distintos al miembro viril, a una persona de cualquier sexo.",2021,3,Fiscalía General del Estado - INEC,Denuncias,Paz,ODS 16
4006,01,Azuay,0000,Total Nacional,Ecuador,Seguridad interna,Seguridad ciudadana,Denuncias de violaciones,Total,Total,22,No Aplica,"Es el acceso carnal, con introducción total o parcial del miembro viril, por vía oral, anal o vaginal; o la introducción, por vía vaginal o anal, de objetos, dedos u órganos distintos al miembro viril, a una persona de cualquier sexo.",2021,3,Fiscalía General del Estado - INEC,Denuncias,Paz,ODS 16
4006,02,Bolívar,0000,Total Nacional,Ecuador,Seguridad interna,Seguridad ciudadana,Denuncias de violaciones,Total,Total,14,No Aplica,"Es el acceso carnal, con introducción total o parcial del miembro viril, por vía oral, anal o vaginal; o la introducción, por vía vaginal o anal, de objetos, dedos u órganos distintos al miembro viril, a una persona de cualquier sexo.",2021,3,Fiscalía General del Estado - INEC,Denuncias,Paz,ODS 16
4006,03,Cañar,0000,Total Nacional,Ecuador,Seguridad interna,Seguridad ciudadana,Denuncias de violaciones,Total,Total,7,No Aplica,"Es el acceso carnal, con introducción total o parcial del miembro viril, por vía oral, anal o vaginal; o la introducción, por vía vaginal o anal, de objetos, dedos u órganos distintos al miembro viril, a una persona de cualquier sexo.",2021,3,Fiscalía General del Estado - INEC,Denuncias,Paz,ODS 16
4006,04,Carchi,0000,Total Nacional,Ecuador,Seguridad interna,Seguridad ciudadana,Denuncias de violaciones,Total,Total,4,No Aplica,"Es el acceso carnal, con introducción total o parcial del miembro viril, por vía oral, anal o vaginal; o la introducción, por vía vaginal o anal, de objetos, dedos u órganos distintos al miembro viril, a una persona de cualquier sexo.",2021,3,Fiscalía General del Estado - INEC,Denuncias,Paz,ODS 16
4006,05,Cotopaxi,0000,Total Nacional,Ecuador,Seguridad interna,Seguridad ciudadana,Denuncias de violaciones,Total,Total,10,No Aplica,"Es el acceso carnal, con introducción total o parcial del miembro viril, por vía oral, anal o vaginal; o la introducción, por vía vaginal o anal, de objetos, dedos u órganos distintos al miembro viril, a una persona de cualquier sexo.",2021,3,Fiscalía General del Estado - INEC,Denuncias,Paz,ODS 16
4006,06,Chimborazo,0000,Total Nacional,Ecuador,Seguridad interna,Seguridad ciudadana,Denuncias de violaciones,Total,Total,16,No Aplica,"Es el acceso carnal, con introducción total o parcial del miembro viril, por vía oral, anal o vaginal; o la introducción, por vía vaginal o anal, de objetos, dedos u órganos distintos al miembro viril, a una persona de cualquier sexo.",2021,3,Fiscalía General del Estado - INEC,Denuncias,Paz,ODS 16
4006,07,El Oro,0000,Total Nacional,Ecuador,Seguridad interna,Seguridad ciudadana,Denuncias de violaciones,Total,Total,34,No Aplica,"Es el acceso carnal, con introducción total o parcial del miembro viril, por vía oral, anal o vaginal; o la introducción, por vía vaginal o anal, de objetos, dedos u órganos distintos al miembro viril, a una persona de cualquier sexo.",2021,3,Fiscalía General del Estado - INEC,Denuncias,Paz,ODS 16
4006,08,Esmeraldas,0000,Total Nacional,Ecuador,Seguridad interna,Seguridad ciudadana,Denuncias de violaciones,Total,Total,13,No Aplica,"Es el acceso carnal, con introducción total o parcial del miembro viril, por vía oral, anal o vaginal; o la introducción, por vía vaginal o anal, de objetos, dedos u órganos distintos al miembro viril, a una persona de cualquier sexo.",2021,3,Fiscalía General del Estado - INEC,Denuncias,Paz,ODS 16
4006,09,Guayas,0000,Total Nacional,Ecuador,Seguridad interna,Seguridad ciudadana,Denuncias de violaciones,Total,Total,80,No Aplica,"Es el acceso carnal, con introducción total o parcial del miembro viril, por vía oral, anal o vaginal; o la introducción, por vía vaginal o anal, de objetos, dedos u órganos distintos al miembro viril, a una persona de cualquier sexo.",2021,3,Fiscalía General del Estado - INEC,Denuncias,Paz,ODS 16
4006,10,Imbabura,0000,Total Nacional,Ecuador,Seguridad interna,Seguridad ciudadana,Denuncias de violaciones,Total,Total,22,No Aplica,"Es el acceso carnal, con introducción total o parcial del miembro viril, por vía oral, anal o vaginal; o la introducción, por vía vaginal o anal, de objetos, dedos u órganos distintos al miembro viril, a una persona de cualquier sexo.",2021,3,Fiscalía General del Estado - INEC,Denuncias,Paz,ODS 16
4006,11,Loja,0000,Total Nacional,Ecuador,Seguridad interna,Seguridad ciudadana,Denuncias de violaciones,Total,Total,13,No Aplica,"Es el acceso carnal, con introducción total o parcial del miembro viril, por vía oral, anal o vaginal; o la introducción, por vía vaginal o anal, de objetos, dedos u órganos distintos al miembro viril, a una persona de cualquier sexo.",2021,3,Fiscalía General del Estado - INEC,Denuncias,Paz,ODS 16
4006,12,Los Ríos,0000,Total Nacional,Ecuador,Seguridad interna,Seguridad ciudadana,Denuncias de violaciones,Total,Total,23,No Aplica,"Es el acceso carnal, con introducción total o parcial del miembro viril, por vía oral, anal o vaginal; o la introducción, por vía vaginal o anal, de objetos, dedos u órganos distintos al miembro viril, a una persona de cualquier sexo.",2021,3,Fiscalía General del Estado - INEC,Denuncias,Paz,ODS 16
4006,13,Manabí,0000,Total Nacional,Ecuador,Seguridad interna,Seguridad ciudadana,Denuncias de violaciones,Total,Total,32,No Aplica,"Es el acceso carnal, con introducción total o parcial del miembro viril, por vía oral, anal o vaginal; o la introducción, por vía vaginal o anal, de objetos, dedos u órganos distintos al miembro viril, a una persona de cualquier sexo.",2021,3,Fiscalía General del Estado - INEC,Denuncias,Paz,ODS 16
4006,14,Morona Santiago,0000,Total Nacional,Ecuador,Seguridad interna,Seguridad ciudadana,Denuncias de violaciones,Total,Total,30,No Aplica,"Es el acceso carnal, con introducción total o parcial del miembro viril, por vía oral, anal o vaginal; o la introducción, por vía vaginal o anal, de objetos, dedos u órganos distintos al miembro viril, a una persona de cualquier sexo.",2021,3,Fiscalía General del Estado - INEC,Denuncias,Paz,ODS 16
4006,15,Napo,0000,Total Nacional,Ecuador,Seguridad interna,Seguridad ciudadana,Denuncias de violaciones,Total,Total,9,No Aplica,"Es el acceso carnal, con introducción total o parcial del miembro viril, por vía oral, anal o vaginal; o la introducción, por vía vaginal o anal, de objetos, dedos u órganos distintos al miembro viril, a una persona de cualquier sexo.",2021,3,Fiscalía General del Estado - INEC,Denuncias,Paz,ODS 16
4006,16,Pastaza,0000,Total Nacional,Ecuador,Seguridad interna,Seguridad ciudadana,Denuncias de violaciones,Total,Total,9,No Aplica,"Es el acceso carnal, con introducción total o parcial del miembro viril, por vía oral, anal o vaginal; o la introducción, por vía vaginal o anal, de objetos, dedos u órganos distintos al miembro viril, a una persona de cualquier sexo.",2021,3,Fiscalía General del Estado - INEC,Denuncias,Paz,ODS 16
4006,17,Pichincha,0000,Total Nacional,Ecuador,Seguridad interna,Seguridad ciudadana,Denuncias de violaciones,Total,Total,90,No Aplica,"Es el acceso carnal, con introducción total o parcial del miembro viril, por vía oral, anal o vaginal; o la introducción, por vía vaginal o anal, de objetos, dedos u órganos distintos al miembro viril, a una persona de cualquier sexo.",2021,3,Fiscalía General del Estado - INEC,Denuncias,Paz,ODS 16
4006,18,Tungurahua,0000,Total Nacional,Ecuador,Seguridad interna,Seguridad ciudadana,Denuncias de violaciones,Total,Total,16,No Aplica,"Es el acceso carnal, con introducción total o parcial del miembro viril, por vía oral, anal o vaginal; o la introducción, por vía vaginal o anal, de objetos, dedos u órganos distintos al miembro viril, a una persona de cualquier sexo.",2021,3,Fiscalía General del Estado - INEC,Denuncias,Paz,ODS 16
4006,19,Zamora Chinchipe,0000,Total Nacional,Ecuador,Seguridad interna,Seguridad ciudadana,Denuncias de violaciones,Total,Total,7,No Aplica,"Es el acceso carnal, con introducción total o parcial del miembro viril, por vía oral, anal o vaginal; o la introducción, por vía vaginal o anal, de objetos, dedos u órganos distintos al miembro viril, a una persona de cualquier sexo.",2021,3,Fiscalía General del Estado - INEC,Denuncias,Paz,ODS 16
4006,20,Galápagos,0000,Total Nacional,Ecuador,Seguridad interna,Seguridad ciudadana,Denuncias de violaciones,Total,Total,1,No Aplica,"Es el acceso carnal, con introducción total o parcial del miembro viril, por vía oral, anal o vaginal; o la introducción, por vía vaginal o anal, de objetos, dedos u órganos distintos al miembro viril, a una persona de cualquier sexo.",2021,3,Fiscalía General del Estado - INEC,Denuncias,Paz,ODS 16
4006,21,Sucumbios,0000,Total Nacional,Ecuador,Seguridad interna,Seguridad ciudadana,Denuncias de violaciones,Total,Total,21,No Aplica,"Es el acceso carnal, con introducción total o parcial del miembro viril, por vía oral, anal o vaginal; o la introducción, por vía vaginal o anal, de objetos, dedos u órganos distintos al miembro viril, a una persona de cualquier sexo.",2021,3,Fiscalía General del Estado - INEC,Denuncias,Paz,ODS 16
4006,22,Orellana,0000,Total Nacional,Ecuador,Seguridad interna,Seguridad ciudadana,Denuncias de violaciones,Total,Total,8,No Aplica,"Es el acceso carnal, con introducción total o parcial del miembro viril, por vía oral, anal o vaginal; o la introducción, por vía vaginal o anal, de objetos, dedos u órganos distintos al miembro viril, a una persona de cualquier sexo.",2021,3,Fiscalía General del Estado - INEC,Denuncias,Paz,ODS 16
4006,23,Santo Domingo de los Tsáchilas,0000,Total Nacional,Ecuador,Seguridad interna,Seguridad ciudadana,Denuncias de violaciones,Total,Total,20,No Aplica,"Es el acceso carnal, con introducción total o parcial del miembro viril, por vía oral, anal o vaginal; o la introducción, por vía vaginal o anal, de objetos, dedos u órganos distintos al miembro viril, a una persona de cualquier sexo.",2021,3,Fiscalía General del Estado - INEC,Denuncias,Paz,ODS 16
4006,24,Santa Elena,0000,Total Nacional,Ecuador,Seguridad interna,Seguridad ciudadana,Denuncias de violaciones,Total,Total,8,No Aplica,"Es el acceso carnal, con introducción total o parcial del miembro viril, por vía oral, anal o vaginal; o la introducción, por vía vaginal o anal, de objetos, dedos u órganos distintos al miembro viril, a una persona de cualquier sexo.",2021,3,Fiscalía General del Estado - INEC,Denuncias,Paz,ODS 16
4006,00,Total Nacional,0000,Total Nacional,Ecuador,Seguridad interna,Seguridad ciudadana,Denuncias de violaciones,Total,Total,500,No Aplica,"Es el acceso carnal, con introducción total o parcial del miembro viril, por vía oral, anal o vaginal; o la introducción, por vía vaginal o anal, de objetos, dedos u órganos distintos al miembro viril, a una persona de cualquier sexo.",2021,2,Fiscalía General del Estado - INEC,Denuncias,Paz,ODS 16
4006,01,Azuay,0000,Total Nacional,Ecuador,Seguridad interna,Seguridad ciudadana,Denuncias de violaciones,Total,Total,29,No Aplica,"Es el acceso carnal, con introducción total o parcial del miembro viril, por vía oral, anal o vaginal; o la introducción, por vía vaginal o anal, de objetos, dedos u órganos distintos al miembro viril, a una persona de cualquier sexo.",2021,2,Fiscalía General del Estado - INEC,Denuncias,Paz,ODS 16
4006,02,Bolívar,0000,Total Nacional,Ecuador,Seguridad interna,Seguridad ciudadana,Denuncias de violaciones,Total,Total,14,No Aplica,"Es el acceso carnal, con introducción total o parcial del miembro viril, por vía oral, anal o vaginal; o la introducción, por vía vaginal o anal, de objetos, dedos u órganos distintos al miembro viril, a una persona de cualquier sexo.",2021,2,Fiscalía General del Estado - INEC,Denuncias,Paz,ODS 16
4006,03,Cañar,0000,Total Nacional,Ecuador,Seguridad interna,Seguridad ciudadana,Denuncias de violaciones,Total,Total,9,No Aplica,"Es el acceso carnal, con introducción total o parcial del miembro viril, por vía oral, anal o vaginal; o la introducción, por vía vaginal o anal, de objetos, dedos u órganos distintos al miembro viril, a una persona de cualquier sexo.",2021,2,Fiscalía General del Estado - INEC,Denuncias,Paz,ODS 16
4006,04,Carchi,0000,Total Nacional,Ecuador,Seguridad interna,Seguridad ciudadana,Denuncias de violaciones,Total,Total,2,No Aplica,"Es el acceso carnal, con introducción total o parcial del miembro viril, por vía oral, anal o vaginal; o la introducción, por vía vaginal o anal, de objetos, dedos u órganos distintos al miembro viril, a una persona de cualquier sexo.",2021,2,Fiscalía General del Estado - INEC,Denuncias,Paz,ODS 16
4006,05,Cotopaxi,0000,Total Nacional,Ecuador,Seguridad interna,Seguridad ciudadana,Denuncias de violaciones,Total,Total,11,No Aplica,"Es el acceso carnal, con introducción total o parcial del miembro viril, por vía oral, anal o vaginal; o la introducción, por vía vaginal o anal, de objetos, dedos u órganos distintos al miembro viril, a una persona de cualquier sexo.",2021,2,Fiscalía General del Estado - INEC,Denuncias,Paz,ODS 16
4006,06,Chimborazo,0000,Total Nacional,Ecuador,Seguridad interna,Seguridad ciudadana,Denuncias de violaciones,Total,Total,18,No Aplica,"Es el acceso carnal, con introducción total o parcial del miembro viril, por vía oral, anal o vaginal; o la introducción, por vía vaginal o anal, de objetos, dedos u órganos distintos al miembro viril, a una persona de cualquier sexo.",2021,2,Fiscalía General del Estado - INEC,Denuncias,Paz,ODS 16
4006,07,El Oro,0000,Total Nacional,Ecuador,Seguridad interna,Seguridad ciudadana,Denuncias de violaciones,Total,Total,23,No Aplica,"Es el acceso carnal, con introducción total o parcial del miembro viril, por vía oral, anal o vaginal; o la introducción, por vía vaginal o anal, de objetos, dedos u órganos distintos al miembro viril, a una persona de cualquier sexo.",2021,2,Fiscalía General del Estado - INEC,Denuncias,Paz,ODS 16
4006,08,Esmeraldas,0000,Total Nacional,Ecuador,Seguridad interna,Seguridad ciudadana,Denuncias de violaciones,Total,Total,24,No Aplica,"Es el acceso carnal, con introducción total o parcial del miembro viril, por vía oral, anal o vaginal; o la introducción, por vía vaginal o anal, de objetos, dedos u órganos distintos al miembro viril, a una persona de cualquier sexo.",2021,2,Fiscalía General del Estado - INEC,Denuncias,Paz,ODS 16
4006,09,Guayas,0000,Total Nacional,Ecuador,Seguridad interna,Seguridad ciudadana,Denuncias de violaciones,Total,Total,73,No Aplica,"Es el acceso carnal, con introducción total o parcial del miembro viril, por vía oral, anal o vaginal; o la introducción, por vía vaginal o anal, de objetos, dedos u órganos distintos al miembro viril, a una persona de cualquier sexo.",2021,2,Fiscalía General del Estado - INEC,Denuncias,Paz,ODS 16
4006,10,Imbabura,0000,Total Nacional,Ecuador,Seguridad interna,Seguridad ciudadana,Denuncias de violaciones,Total,Total,8,No Aplica,"Es el acceso carnal, con introducción total o parcial del miembro viril, por vía oral, anal o vaginal; o la introducción, por vía vaginal o anal, de objetos, dedos u órganos distintos al miembro viril, a una persona de cualquier sexo.",2021,2,Fiscalía General del Estado - INEC,Denuncias,Paz,ODS 16
4006,11,Loja,0000,Total Nacional,Ecuador,Seguridad interna,Seguridad ciudadana,Denuncias de violaciones,Total,Total,15,No Aplica,"Es el acceso carnal, con introducción total o parcial del miembro viril, por vía oral, anal o vaginal; o la introducción, por vía vaginal o anal, de objetos, dedos u órganos distintos al miembro viril, a una persona de cualquier sexo.",2021,2,Fiscalía General del Estado - INEC,Denuncias,Paz,ODS 16
4006,12,Los Ríos,0000,Total Nacional,Ecuador,Seguridad interna,Seguridad ciudadana,Denuncias de violaciones,Total,Total,11,No Aplica,"Es el acceso carnal, con introducción total o parcial del miembro viril, por vía oral, anal o vaginal; o la introducción, por vía vaginal o anal, de objetos, dedos u órganos distintos al miembro viril, a una persona de cualquier sexo.",2021,2,Fiscalía General del Estado - INEC,Denuncias,Paz,ODS 16
4006,13,Manabí,0000,Total Nacional,Ecuador,Seguridad interna,Seguridad ciudadana,Denuncias de violaciones,Total,Total,33,No Aplica,"Es el acceso carnal, con introducción total o parcial del miembro viril, por vía oral, anal o vaginal; o la introducción, por vía vaginal o anal, de objetos, dedos u órganos distintos al miembro viril, a una persona de cualquier sexo.",2021,2,Fiscalía General del Estado - INEC,Denuncias,Paz,ODS 16
4006,14,Morona Santiago,0000,Total Nacional,Ecuador,Seguridad interna,Seguridad ciudadana,Denuncias de violaciones,Total,Total,34,No Aplica,"Es el acceso carnal, con introducción total o parcial del miembro viril, por vía oral, anal o vaginal; o la introducción, por vía vaginal o anal, de objetos, dedos u órganos distintos al miembro viril, a una persona de cualquier sexo.",2021,2,Fiscalía General del Estado - INEC,Denuncias,Paz,ODS 16
4006,15,Napo,0000,Total Nacional,Ecuador,Seguridad interna,Seguridad ciudadana,Denuncias de violaciones,Total,Total,10,No Aplica,"Es el acceso carnal, con introducción total o parcial del miembro viril, por vía oral, anal o vaginal; o la introducción, por vía vaginal o anal, de objetos, dedos u órganos distintos al miembro viril, a una persona de cualquier sexo.",2021,2,Fiscalía General del Estado - INEC,Denuncias,Paz,ODS 16
4006,16,Pastaza,0000,Total Nacional,Ecuador,Seguridad interna,Seguridad ciudadana,Denuncias de violaciones,Total,Total,11,No Aplica,"Es el acceso carnal, con introducción total o parcial del miembro viril, por vía oral, anal o vaginal; o la introducción, por vía vaginal o anal, de objetos, dedos u órganos distintos al miembro viril, a una persona de cualquier sexo.",2021,2,Fiscalía General del Estado - INEC,Denuncias,Paz,ODS 16
4006,17,Pichincha,0000,Total Nacional,Ecuador,Seguridad interna,Seguridad ciudadana,Denuncias de violaciones,Total,Total,91,No Aplica,"Es el acceso carnal, con introducción total o parcial del miembro viril, por vía oral, anal o vaginal; o la introducción, por vía vaginal o anal, de objetos, dedos u órganos distintos al miembro viril, a una persona de cualquier sexo.",2021,2,Fiscalía General del Estado - INEC,Denuncias,Paz,ODS 16
4006,18,Tungurahua,0000,Total Nacional,Ecuador,Seguridad interna,Seguridad ciudadana,Denuncias de violaciones,Total,Total,22,No Aplica,"Es el acceso carnal, con introducción total o parcial del miembro viril, por vía oral, anal o vaginal; o la introducción, por vía vaginal o anal, de objetos, dedos u órganos distintos al miembro viril, a una persona de cualquier sexo.",2021,2,Fiscalía General del Estado - INEC,Denuncias,Paz,ODS 16
4006,19,Zamora Chinchipe,0000,Total Nacional,Ecuador,Seguridad interna,Seguridad ciudadana,Denuncias de violaciones,Total,Total,6,No Aplica,"Es el acceso carnal, con introducción total o parcial del miembro viril, por vía oral, anal o vaginal; o la introducción, por vía vaginal o anal, de objetos, dedos u órganos distintos al miembro viril, a una persona de cualquier sexo.",2021,2,Fiscalía General del Estado - INEC,Denuncias,Paz,ODS 16
4006,20,Galápagos,0000,Total Nacional,Ecuador,Seguridad interna,Seguridad ciudadana,Denuncias de violaciones,Total,Total,2,No Aplica,"Es el acceso carnal, con introducción total o parcial del miembro viril, por vía oral, anal o vaginal; o la introducción, por vía vaginal o anal, de objetos, dedos u órganos distintos al miembro viril, a una persona de cualquier sexo.",2021,2,Fiscalía General del Estado - INEC,Denuncias,Paz,ODS 16
4006,21,Sucumbios,0000,Total Nacional,Ecuador,Seguridad interna,Seguridad ciudadana,Denuncias de violaciones,Total,Total,18,No Aplica,"Es el acceso carnal, con introducción total o parcial del miembro viril, por vía oral, anal o vaginal; o la introducción, por vía vaginal o anal, de objetos, dedos u órganos distintos al miembro viril, a una persona de cualquier sexo.",2021,2,Fiscalía General del Estado - INEC,Denuncias,Paz,ODS 16
4006,22,Orellana,0000,Total Nacional,Ecuador,Seguridad interna,Seguridad ciudadana,Denuncias de violaciones,Total,Total,10,No Aplica,"Es el acceso carnal, con introducción total o parcial del miembro viril, por vía oral, anal o vaginal; o la introducción, por vía vaginal o anal, de objetos, dedos u órganos distintos al miembro viril, a una persona de cualquier sexo.",2021,2,Fiscalía General del Estado - INEC,Denuncias,Paz,ODS 16
4006,23,Santo Domingo de los Tsáchilas,0000,Total Nacional,Ecuador,Seguridad interna,Seguridad ciudadana,Denuncias de violaciones,Total,Total,15,No Aplica,"Es el acceso carnal, con introducción total o parcial del miembro viril, por vía oral, anal o vaginal; o la introducción, por vía vaginal o anal, de objetos, dedos u órganos distintos al miembro viril, a una persona de cualquier sexo.",2021,2,Fiscalía General del Estado - INEC,Denuncias,Paz,ODS 16
4006,24,Santa Elena,0000,Total Nacional,Ecuador,Seguridad interna,Seguridad ciudadana,Denuncias de violaciones,Total,Total,11,No Aplica,"Es el acceso carnal, con introducción total o parcial del miembro viril, por vía oral, anal o vaginal; o la introducción, por vía vaginal o anal, de objetos, dedos u órganos distintos al miembro viril, a una persona de cualquier sexo.",2021,2,Fiscalía General del Estado - INEC,Denuncias,Paz,ODS 16
4006,00,Total Nacional,0000,Total Nacional,Ecuador,Seguridad interna,Seguridad ciudadana,Denuncias de violaciones,Total,Total,522,No Aplica,"Es el acceso carnal, con introducción total o parcial del miembro viril, por vía oral, anal o vaginal; o la introducción, por vía vaginal o anal, de objetos, dedos u órganos distintos al miembro viril, a una persona de cualquier sexo.",2021,1,Fiscalía General del Estado - INEC,Denuncias,Paz,ODS 16
4006,01,Azuay,0000,Total Nacional,Ecuador,Seguridad interna,Seguridad ciudadana,Denuncias de violaciones,Total,Total,28,No Aplica,"Es el acceso carnal, con introducción total o parcial del miembro viril, por vía oral, anal o vaginal; o la introducción, por vía vaginal o anal, de objetos, dedos u órganos distintos al miembro viril, a una persona de cualquier sexo.",2021,1,Fiscalía General del Estado - INEC,Denuncias,Paz,ODS 16
4006,02,Bolívar,0000,Total Nacional,Ecuador,Seguridad interna,Seguridad ciudadana,Denuncias de violaciones,Total,Total,5,No Aplica,"Es el acceso carnal, con introducción total o parcial del miembro viril, por vía oral, anal o vaginal; o la introducción, por vía vaginal o anal, de objetos, dedos u órganos distintos al miembro viril, a una persona de cualquier sexo.",2021,1,Fiscalía General del Estado - INEC,Denuncias,Paz,ODS 16
4006,03,Cañar,0000,Total Nacional,Ecuador,Seguridad interna,Seguridad ciudadana,Denuncias de violaciones,Total,Total,11,No Aplica,"Es el acceso carnal, con introducción total o parcial del miembro viril, por vía oral, anal o vaginal; o la introducción, por vía vaginal o anal, de objetos, dedos u órganos distintos al miembro viril, a una persona de cualquier sexo.",2021,1,Fiscalía General del Estado - INEC,Denuncias,Paz,ODS 16
4006,04,Carchi,0000,Total Nacional,Ecuador,Seguridad interna,Seguridad ciudadana,Denuncias de violaciones,Total,Total,6,No Aplica,"Es el acceso carnal, con introducción total o parcial del miembro viril, por vía oral, anal o vaginal; o la introducción, por vía vaginal o anal, de objetos, dedos u órganos distintos al miembro viril, a una persona de cualquier sexo.",2021,1,Fiscalía General del Estado - INEC,Denuncias,Paz,ODS 16
4006,05,Cotopaxi,0000,Total Nacional,Ecuador,Seguridad interna,Seguridad ciudadana,Denuncias de violaciones,Total,Total,5,No Aplica,"Es el acceso carnal, con introducción total o parcial del miembro viril, por vía oral, anal o vaginal; o la introducción, por vía vaginal o anal, de objetos, dedos u órganos distintos al miembro viril, a una persona de cualquier sexo.",2021,1,Fiscalía General del Estado - INEC,Denuncias,Paz,ODS 16
4006,06,Chimborazo,0000,Total Nacional,Ecuador,Seguridad interna,Seguridad ciudadana,Denuncias de violaciones,Total,Total,16,No Aplica,"Es el acceso carnal, con introducción total o parcial del miembro viril, por vía oral, anal o vaginal; o la introducción, por vía vaginal o anal, de objetos, dedos u órganos distintos al miembro viril, a una persona de cualquier sexo.",2021,1,Fiscalía General del Estado - INEC,Denuncias,Paz,ODS 16
4006,07,El Oro,0000,Total Nacional,Ecuador,Seguridad interna,Seguridad ciudadana,Denuncias de violaciones,Total,Total,30,No Aplica,"Es el acceso carnal, con introducción total o parcial del miembro viril, por vía oral, anal o vaginal; o la introducción, por vía vaginal o anal, de objetos, dedos u órganos distintos al miembro viril, a una persona de cualquier sexo.",2021,1,Fiscalía General del Estado - INEC,Denuncias,Paz,ODS 16
4006,08,Esmeraldas,0000,Total Nacional,Ecuador,Seguridad interna,Seguridad ciudadana,Denuncias de violaciones,Total,Total,12,No Aplica,"Es el acceso carnal, con introducción total o parcial del miembro viril, por vía oral, anal o vaginal; o la introducción, por vía vaginal o anal, de objetos, dedos u órganos distintos al miembro viril, a una persona de cualquier sexo.",2021,1,Fiscalía General del Estado - INEC,Denuncias,Paz,ODS 16
4006,09,Guayas,0000,Total Nacional,Ecuador,Seguridad interna,Seguridad ciudadana,Denuncias de violaciones,Total,Total,75,No Aplica,"Es el acceso carnal, con introducción total o parcial del miembro viril, por vía oral, anal o vaginal; o la introducción, por vía vaginal o anal, de objetos, dedos u órganos distintos al miembro viril, a una persona de cualquier sexo.",2021,1,Fiscalía General del Estado - INEC,Denuncias,Paz,ODS 16
4006,10,Imbabura,0000,Total Nacional,Ecuador,Seguridad interna,Seguridad ciudadana,Denuncias de violaciones,Total,Total,19,No Aplica,"Es el acceso carnal, con introducción total o parcial del miembro viril, por vía oral, anal o vaginal; o la introducción, por vía vaginal o anal, de objetos, dedos u órganos distintos al miembro viril, a una persona de cualquier sexo.",2021,1,Fiscalía General del Estado - INEC,Denuncias,Paz,ODS 16
4006,11,Loja,0000,Total Nacional,Ecuador,Seguridad interna,Seguridad ciudadana,Denuncias de violaciones,Total,Total,14,No Aplica,"Es el acceso carnal, con introducción total o parcial del miembro viril, por vía oral, anal o vaginal; o la introducción, por vía vaginal o anal, de objetos, dedos u órganos distintos al miembro viril, a una persona de cualquier sexo.",2021,1,Fiscalía General del Estado - INEC,Denuncias,Paz,ODS 16
4006,12,Los Ríos,0000,Total Nacional,Ecuador,Seguridad interna,Seguridad ciudadana,Denuncias de violaciones,Total,Total,34,No Aplica,"Es el acceso carnal, con introducción total o parcial del miembro viril, por vía oral, anal o vaginal; o la introducción, por vía vaginal o anal, de objetos, dedos u órganos distintos al miembro viril, a una persona de cualquier sexo.",2021,1,Fiscalía General del Estado - INEC,Denuncias,Paz,ODS 16
4006,13,Manabí,0000,Total Nacional,Ecuador,Seguridad interna,Seguridad ciudadana,Denuncias de violaciones,Total,Total,49,No Aplica,"Es el acceso carnal, con introducción total o parcial del miembro viril, por vía oral, anal o vaginal; o la introducción, por vía vaginal o anal, de objetos, dedos u órganos distintos al miembro viril, a una persona de cualquier sexo.",2021,1,Fiscalía General del Estado - INEC,Denuncias,Paz,ODS 16
4006,14,Morona Santiago,0000,Total Nacional,Ecuador,Seguridad interna,Seguridad ciudadana,Denuncias de violaciones,Total,Total,24,No Aplica,"Es el acceso carnal, con introducción total o parcial del miembro viril, por vía oral, anal o vaginal; o la introducción, por vía vaginal o anal, de objetos, dedos u órganos distintos al miembro viril, a una persona de cualquier sexo.",2021,1,Fiscalía General del Estado - INEC,Denuncias,Paz,ODS 16
4006,15,Napo,0000,Total Nacional,Ecuador,Seguridad interna,Seguridad ciudadana,Denuncias de violaciones,Total,Total,15,No Aplica,"Es el acceso carnal, con introducción total o parcial del miembro viril, por vía oral, anal o vaginal; o la introducción, por vía vaginal o anal, de objetos, dedos u órganos distintos al miembro viril, a una persona de cualquier sexo.",2021,1,Fiscalía General del Estado - INEC,Denuncias,Paz,ODS 16
4006,16,Pastaza,0000,Total Nacional,Ecuador,Seguridad interna,Seguridad ciudadana,Denuncias de violaciones,Total,Total,8,No Aplica,"Es el acceso carnal, con introducción total o parcial del miembro viril, por vía oral, anal o vaginal; o la introducción, por vía vaginal o anal, de objetos, dedos u órganos distintos al miembro viril, a una persona de cualquier sexo.",2021,1,Fiscalía General del Estado - INEC,Denuncias,Paz,ODS 16
4006,17,Pichincha,0000,Total Nacional,Ecuador,Seguridad interna,Seguridad ciudadana,Denuncias de violaciones,Total,Total,93,No Aplica,"Es el acceso carnal, con introducción total o parcial del miembro viril, por vía oral, anal o vaginal; o la introducción, por vía vaginal o anal, de objetos, dedos u órganos distintos al miembro viril, a una persona de cualquier sexo.",2021,1,Fiscalía General del Estado - INEC,Denuncias,Paz,ODS 16
4006,18,Tungurahua,0000,Total Nacional,Ecuador,Seguridad interna,Seguridad ciudadana,Denuncias de violaciones,Total,Total,16,No Aplica,"Es el acceso carnal, con introducción total o parcial del miembro viril, por vía oral, anal o vaginal; o la introducción, por vía vaginal o anal, de objetos, dedos u órganos distintos al miembro viril, a una persona de cualquier sexo.",2021,1,Fiscalía General del Estado - INEC,Denuncias,Paz,ODS 16
4006,19,Zamora Chinchipe,0000,Total Nacional,Ecuador,Seguridad interna,Seguridad ciudadana,Denuncias de violaciones,Total,Total,2,No Aplica,"Es el acceso carnal, con introducción total o parcial del miembro viril, por vía oral, anal o vaginal; o la introducción, por vía vaginal o anal, de objetos, dedos u órganos distintos al miembro viril, a una persona de cualquier sexo.",2021,1,Fiscalía General del Estado - INEC,Denuncias,Paz,ODS 16
4006,20,Galápagos,0000,Total Nacional,Ecuador,Seguridad interna,Seguridad ciudadana,Denuncias de violaciones,Total,Total,1,No Aplica,"Es el acceso carnal, con introducción total o parcial del miembro viril, por vía oral, anal o vaginal; o la introducción, por vía vaginal o anal, de objetos, dedos u órganos distintos al miembro viril, a una persona de cualquier sexo.",2021,1,Fiscalía General del Estado - INEC,Denuncias,Paz,ODS 16
4006,21,Sucumbios,0000,Total Nacional,Ecuador,Seguridad interna,Seguridad ciudadana,Denuncias de violaciones,Total,Total,15,No Aplica,"Es el acceso carnal, con introducción total o parcial del miembro viril, por vía oral, anal o vaginal; o la introducción, por vía vaginal o anal, de objetos, dedos u órganos distintos al miembro viril, a una persona de cualquier sexo.",2021,1,Fiscalía General del Estado - INEC,Denuncias,Paz,ODS 16
4006,22,Orellana,0000,Total Nacional,Ecuador,Seguridad interna,Seguridad ciudadana,Denuncias de violaciones,Total,Total,12,No Aplica,"Es el acceso carnal, con introducción total o parcial del miembro viril, por vía oral, anal o vaginal; o la introducción, por vía vaginal o anal, de objetos, dedos u órganos distintos al miembro viril, a una persona de cualquier sexo.",2021,1,Fiscalía General del Estado - INEC,Denuncias,Paz,ODS 16
4006,23,Santo Domingo de los Tsáchilas,0000,Total Nacional,Ecuador,Seguridad interna,Seguridad ciudadana,Denuncias de violaciones,Total,Total,18,No Aplica,"Es el acceso carnal, con introducción total o parcial del miembro viril, por vía oral, anal o vaginal; o la introducción, por vía vaginal o anal, de objetos, dedos u órganos distintos al miembro viril, a una persona de cualquier sexo.",2021,1,Fiscalía General del Estado - INEC,Denuncias,Paz,ODS 16
4006,24,Santa Elena,0000,Total Nacional,Ecuador,Seguridad interna,Seguridad ciudadana,Denuncias de violaciones,Total,Total,14,No Aplica,"Es el acceso carnal, con introducción total o parcial del miembro viril, por vía oral, anal o vaginal; o la introducción, por vía vaginal o anal, de objetos, dedos u órganos distintos al miembro viril, a una persona de cualquier sexo.",2021,1,Fiscalía General del Estado - INEC,Denuncias,Paz,ODS 16
4006,00,Total Nacional,0000,Total Nacional,Ecuador,Seguridad interna,Seguridad ciudadana,Denuncias de violaciones,Total,Total,507,No Aplica,"Es el acceso carnal, con introducción total o parcial del miembro viril, por vía oral, anal o vaginal; o la introducción, por vía vaginal o anal, de objetos, dedos u órganos distintos al miembro viril, a una persona de cualquier sexo.",2020,12,Fiscalía General del Estado - INEC,Denuncias,Paz,ODS 16
4006,01,Azuay,0000,Total Nacional,Ecuador,Seguridad interna,Seguridad ciudadana,Denuncias de violaciones,Total,Total,33,No Aplica,"Es el acceso carnal, con introducción total o parcial del miembro viril, por vía oral, anal o vaginal; o la introducción, por vía vaginal o anal, de objetos, dedos u órganos distintos al miembro viril, a una persona de cualquier sexo.",2020,12,Fiscalía General del Estado - INEC,Denuncias,Paz,ODS 16
4006,02,Bolívar,0000,Total Nacional,Ecuador,Seguridad interna,Seguridad ciudadana,Denuncias de violaciones,Total,Total,6,No Aplica,"Es el acceso carnal, con introducción total o parcial del miembro viril, por vía oral, anal o vaginal; o la introducción, por vía vaginal o anal, de objetos, dedos u órganos distintos al miembro viril, a una persona de cualquier sexo.",2020,12,Fiscalía General del Estado - INEC,Denuncias,Paz,ODS 16
4006,03,Cañar,0000,Total Nacional,Ecuador,Seguridad interna,Seguridad ciudadana,Denuncias de violaciones,Total,Total,9,No Aplica,"Es el acceso carnal, con introducción total o parcial del miembro viril, por vía oral, anal o vaginal; o la introducción, por vía vaginal o anal, de objetos, dedos u órganos distintos al miembro viril, a una persona de cualquier sexo.",2020,12,Fiscalía General del Estado - INEC,Denuncias,Paz,ODS 16
4006,04,Carchi,0000,Total Nacional,Ecuador,Seguridad interna,Seguridad ciudadana,Denuncias de violaciones,Total,Total,5,No Aplica,"Es el acceso carnal, con introducción total o parcial del miembro viril, por vía oral, anal o vaginal; o la introducción, por vía vaginal o anal, de objetos, dedos u órganos distintos al miembro viril, a una persona de cualquier sexo.",2020,12,Fiscalía General del Estado - INEC,Denuncias,Paz,ODS 16
4006,05,Cotopaxi,0000,Total Nacional,Ecuador,Seguridad interna,Seguridad ciudadana,Denuncias de violaciones,Total,Total,10,No Aplica,"Es el acceso carnal, con introducción total o parcial del miembro viril, por vía oral, anal o vaginal; o la introducción, por vía vaginal o anal, de objetos, dedos u órganos distintos al miembro viril, a una persona de cualquier sexo.",2020,12,Fiscalía General del Estado - INEC,Denuncias,Paz,ODS 16
4006,06,Chimborazo,0000,Total Nacional,Ecuador,Seguridad interna,Seguridad ciudadana,Denuncias de violaciones,Total,Total,11,No Aplica,"Es el acceso carnal, con introducción total o parcial del miembro viril, por vía oral, anal o vaginal; o la introducción, por vía vaginal o anal, de objetos, dedos u órganos distintos al miembro viril, a una persona de cualquier sexo.",2020,12,Fiscalía General del Estado - INEC,Denuncias,Paz,ODS 16
4006,07,El Oro,0000,Total Nacional,Ecuador,Seguridad interna,Seguridad ciudadana,Denuncias de violaciones,Total,Total,20,No Aplica,"Es el acceso carnal, con introducción total o parcial del miembro viril, por vía oral, anal o vaginal; o la introducción, por vía vaginal o anal, de objetos, dedos u órganos distintos al miembro viril, a una persona de cualquier sexo.",2020,12,Fiscalía General del Estado - INEC,Denuncias,Paz,ODS 16
4006,08,Esmeraldas,0000,Total Nacional,Ecuador,Seguridad interna,Seguridad ciudadana,Denuncias de violaciones,Total,Total,20,No Aplica,"Es el acceso carnal, con introducción total o parcial del miembro viril, por vía oral, anal o vaginal; o la introducción, por vía vaginal o anal, de objetos, dedos u órganos distintos al miembro viril, a una persona de cualquier sexo.",2020,12,Fiscalía General del Estado - INEC,Denuncias,Paz,ODS 16
4006,09,Guayas,0000,Total Nacional,Ecuador,Seguridad interna,Seguridad ciudadana,Denuncias de violaciones,Total,Total,89,No Aplica,"Es el acceso carnal, con introducción total o parcial del miembro viril, por vía oral, anal o vaginal; o la introducción, por vía vaginal o anal, de objetos, dedos u órganos distintos al miembro viril, a una persona de cualquier sexo.",2020,12,Fiscalía General del Estado - INEC,Denuncias,Paz,ODS 16
4006,10,Imbabura,0000,Total Nacional,Ecuador,Seguridad interna,Seguridad ciudadana,Denuncias de violaciones,Total,Total,15,No Aplica,"Es el acceso carnal, con introducción total o parcial del miembro viril, por vía oral, anal o vaginal; o la introducción, por vía vaginal o anal, de objetos, dedos u órganos distintos al miembro viril, a una persona de cualquier sexo.",2020,12,Fiscalía General del Estado - INEC,Denuncias,Paz,ODS 16
4006,11,Loja,0000,Total Nacional,Ecuador,Seguridad interna,Seguridad ciudadana,Denuncias de violaciones,Total,Total,16,No Aplica,"Es el acceso carnal, con introducción total o parcial del miembro viril, por vía oral, anal o vaginal; o la introducción, por vía vaginal o anal, de objetos, dedos u órganos distintos al miembro viril, a una persona de cualquier sexo.",2020,12,Fiscalía General del Estado - INEC,Denuncias,Paz,ODS 16
4006,12,Los Ríos,0000,Total Nacional,Ecuador,Seguridad interna,Seguridad ciudadana,Denuncias de violaciones,Total,Total,29,No Aplica,"Es el acceso carnal, con introducción total o parcial del miembro viril, por vía oral, anal o vaginal; o la introducción, por vía vaginal o anal, de objetos, dedos u órganos distintos al miembro viril, a una persona de cualquier sexo.",2020,12,Fiscalía General del Estado - INEC,Denuncias,Paz,ODS 16
4006,13,Manabí,0000,Total Nacional,Ecuador,Seguridad interna,Seguridad ciudadana,Denuncias de violaciones,Total,Total,42,No Aplica,"Es el acceso carnal, con introducción total o parcial del miembro viril, por vía oral, anal o vaginal; o la introducción, por vía vaginal o anal, de objetos, dedos u órganos distintos al miembro viril, a una persona de cualquier sexo.",2020,12,Fiscalía General del Estado - INEC,Denuncias,Paz,ODS 16
4006,14,Morona Santiago,0000,Total Nacional,Ecuador,Seguridad interna,Seguridad ciudadana,Denuncias de violaciones,Total,Total,17,No Aplica,"Es el acceso carnal, con introducción total o parcial del miembro viril, por vía oral, anal o vaginal; o la introducción, por vía vaginal o anal, de objetos, dedos u órganos distintos al miembro viril, a una persona de cualquier sexo.",2020,12,Fiscalía General del Estado - INEC,Denuncias,Paz,ODS 16
4006,15,Napo,0000,Total Nacional,Ecuador,Seguridad interna,Seguridad ciudadana,Denuncias de violaciones,Total,Total,6,No Aplica,"Es el acceso carnal, con introducción total o parcial del miembro viril, por vía oral, anal o vaginal; o la introducción, por vía vaginal o anal, de objetos, dedos u órganos distintos al miembro viril, a una persona de cualquier sexo.",2020,12,Fiscalía General del Estado - INEC,Denuncias,Paz,ODS 16
4006,16,Pastaza,0000,Total Nacional,Ecuador,Seguridad interna,Seguridad ciudadana,Denuncias de violaciones,Total,Total,9,No Aplica,"Es el acceso carnal, con introducción total o parcial del miembro viril, por vía oral, anal o vaginal; o la introducción, por vía vaginal o anal, de objetos, dedos u órganos distintos al miembro viril, a una persona de cualquier sexo.",2020,12,Fiscalía General del Estado - INEC,Denuncias,Paz,ODS 16
4006,17,Pichincha,0000,Total Nacional,Ecuador,Seguridad interna,Seguridad ciudadana,Denuncias de violaciones,Total,Total,87,No Aplica,"Es el acceso carnal, con introducción total o parcial del miembro viril, por vía oral, anal o vaginal; o la introducción, por vía vaginal o anal, de objetos, dedos u órganos distintos al miembro viril, a una persona de cualquier sexo.",2020,12,Fiscalía General del Estado - INEC,Denuncias,Paz,ODS 16
4006,18,Tungurahua,0000,Total Nacional,Ecuador,Seguridad interna,Seguridad ciudadana,Denuncias de violaciones,Total,Total,13,No Aplica,"Es el acceso carnal, con introducción total o parcial del miembro viril, por vía oral, anal o vaginal; o la introducción, por vía vaginal o anal, de objetos, dedos u órganos distintos al miembro viril, a una persona de cualquier sexo.",2020,12,Fiscalía General del Estado - INEC,Denuncias,Paz,ODS 16
4006,19,Zamora Chinchipe,0000,Total Nacional,Ecuador,Seguridad interna,Seguridad ciudadana,Denuncias de violaciones,Total,Total,4,No Aplica,"Es el acceso carnal, con introducción total o parcial del miembro viril, por vía oral, anal o vaginal; o la introducción, por vía vaginal o anal, de objetos, dedos u órganos distintos al miembro viril, a una persona de cualquier sexo.",2020,12,Fiscalía General del Estado - INEC,Denuncias,Paz,ODS 16
4006,20,Galápagos,0000,Total Nacional,Ecuador,Seguridad interna,Seguridad ciudadana,Denuncias de violaciones,Total,Total,1,No Aplica,"Es el acceso carnal, con introducción total o parcial del miembro viril, por vía oral, anal o vaginal; o la introducción, por vía vaginal o anal, de objetos, dedos u órganos distintos al miembro viril, a una persona de cualquier sexo.",2020,12,Fiscalía General del Estado - INEC,Denuncias,Paz,ODS 16
4006,21,Sucumbios,0000,Total Nacional,Ecuador,Seguridad interna,Seguridad ciudadana,Denuncias de violaciones,Total,Total,15,No Aplica,"Es el acceso carnal, con introducción total o parcial del miembro viril, por vía oral, anal o vaginal; o la introducción, por vía vaginal o anal, de objetos, dedos u órganos distintos al miembro viril, a una persona de cualquier sexo.",2020,12,Fiscalía General del Estado - INEC,Denuncias,Paz,ODS 16
4006,22,Orellana,0000,Total Nacional,Ecuador,Seguridad interna,Seguridad ciudadana,Denuncias de violaciones,Total,Total,17,No Aplica,"Es el acceso carnal, con introducción total o parcial del miembro viril, por vía oral, anal o vaginal; o la introducción, por vía vaginal o anal, de objetos, dedos u órganos distintos al miembro viril, a una persona de cualquier sexo.",2020,12,Fiscalía General del Estado - INEC,Denuncias,Paz,ODS 16
4006,23,Santo Domingo de los Tsáchilas,0000,Total Nacional,Ecuador,Seguridad interna,Seguridad ciudadana,Denuncias de violaciones,Total,Total,18,No Aplica,"Es el acceso carnal, con introducción total o parcial del miembro viril, por vía oral, anal o vaginal; o la introducción, por vía vaginal o anal, de objetos, dedos u órganos distintos al miembro viril, a una persona de cualquier sexo.",2020,12,Fiscalía General del Estado - INEC,Denuncias,Paz,ODS 16
4006,24,Santa Elena,0000,Total Nacional,Ecuador,Seguridad interna,Seguridad ciudadana,Denuncias de violaciones,Total,Total,15,No Aplica,"Es el acceso carnal, con introducción total o parcial del miembro viril, por vía oral, anal o vaginal; o la introducción, por vía vaginal o anal, de objetos, dedos u órganos distintos al miembro viril, a una persona de cualquier sexo.",2020,12,Fiscalía General del Estado - INEC,Denuncias,Paz,ODS 16
4006,00,Total Nacional,0000,Total Nacional,Ecuador,Seguridad interna,Seguridad ciudadana,Denuncias de violaciones,Total,Total,441,No Aplica,"Es el acceso carnal, con introducción total o parcial del miembro viril, por vía oral, anal o vaginal; o la introducción, por vía vaginal o anal, de objetos, dedos u órganos distintos al miembro viril, a una persona de cualquier sexo.",2020,11,Fiscalía General del Estado - INEC,Denuncias,Paz,ODS 16
4006,01,Azuay,0000,Total Nacional,Ecuador,Seguridad interna,Seguridad ciudadana,Denuncias de violaciones,Total,Total,27,No Aplica,"Es el acceso carnal, con introducción total o parcial del miembro viril, por vía oral, anal o vaginal; o la introducción, por vía vaginal o anal, de objetos, dedos u órganos distintos al miembro viril, a una persona de cualquier sexo.",2020,11,Fiscalía General del Estado - INEC,Denuncias,Paz,ODS 16
4006,02,Bolívar,0000,Total Nacional,Ecuador,Seguridad interna,Seguridad ciudadana,Denuncias de violaciones,Total,Total,8,No Aplica,"Es el acceso carnal, con introducción total o parcial del miembro viril, por vía oral, anal o vaginal; o la introducción, por vía vaginal o anal, de objetos, dedos u órganos distintos al miembro viril, a una persona de cualquier sexo.",2020,11,Fiscalía General del Estado - INEC,Denuncias,Paz,ODS 16
4006,03,Cañar,0000,Total Nacional,Ecuador,Seguridad interna,Seguridad ciudadana,Denuncias de violaciones,Total,Total,5,No Aplica,"Es el acceso carnal, con introducción total o parcial del miembro viril, por vía oral, anal o vaginal; o la introducción, por vía vaginal o anal, de objetos, dedos u órganos distintos al miembro viril, a una persona de cualquier sexo.",2020,11,Fiscalía General del Estado - INEC,Denuncias,Paz,ODS 16
4006,04,Carchi,0000,Total Nacional,Ecuador,Seguridad interna,Seguridad ciudadana,Denuncias de violaciones,Total,Total,4,No Aplica,"Es el acceso carnal, con introducción total o parcial del miembro viril, por vía oral, anal o vaginal; o la introducción, por vía vaginal o anal, de objetos, dedos u órganos distintos al miembro viril, a una persona de cualquier sexo.",2020,11,Fiscalía General del Estado - INEC,Denuncias,Paz,ODS 16
4006,05,Cotopaxi,0000,Total Nacional,Ecuador,Seguridad interna,Seguridad ciudadana,Denuncias de violaciones,Total,Total,9,No Aplica,"Es el acceso carnal, con introducción total o parcial del miembro viril, por vía oral, anal o vaginal; o la introducción, por vía vaginal o anal, de objetos, dedos u órganos distintos al miembro viril, a una persona de cualquier sexo.",2020,11,Fiscalía General del Estado - INEC,Denuncias,Paz,ODS 16
4006,06,Chimborazo,0000,Total Nacional,Ecuador,Seguridad interna,Seguridad ciudadana,Denuncias de violaciones,Total,Total,16,No Aplica,"Es el acceso carnal, con introducción total o parcial del miembro viril, por vía oral, anal o vaginal; o la introducción, por vía vaginal o anal, de objetos, dedos u órganos distintos al miembro viril, a una persona de cualquier sexo.",2020,11,Fiscalía General del Estado - INEC,Denuncias,Paz,ODS 16
4006,07,El Oro,0000,Total Nacional,Ecuador,Seguridad interna,Seguridad ciudadana,Denuncias de violaciones,Total,Total,34,No Aplica,"Es el acceso carnal, con introducción total o parcial del miembro viril, por vía oral, anal o vaginal; o la introducción, por vía vaginal o anal, de objetos, dedos u órganos distintos al miembro viril, a una persona de cualquier sexo.",2020,11,Fiscalía General del Estado - INEC,Denuncias,Paz,ODS 16
4006,08,Esmeraldas,0000,Total Nacional,Ecuador,Seguridad interna,Seguridad ciudadana,Denuncias de violaciones,Total,Total,9,No Aplica,"Es el acceso carnal, con introducción total o parcial del miembro viril, por vía oral, anal o vaginal; o la introducción, por vía vaginal o anal, de objetos, dedos u órganos distintos al miembro viril, a una persona de cualquier sexo.",2020,11,Fiscalía General del Estado - INEC,Denuncias,Paz,ODS 16
4006,09,Guayas,0000,Total Nacional,Ecuador,Seguridad interna,Seguridad ciudadana,Denuncias de violaciones,Total,Total,67,No Aplica,"Es el acceso carnal, con introducción total o parcial del miembro viril, por vía oral, anal o vaginal; o la introducción, por vía vaginal o anal, de objetos, dedos u órganos distintos al miembro viril, a una persona de cualquier sexo.",2020,11,Fiscalía General del Estado - INEC,Denuncias,Paz,ODS 16
4006,10,Imbabura,0000,Total Nacional,Ecuador,Seguridad interna,Seguridad ciudadana,Denuncias de violaciones,Total,Total,14,No Aplica,"Es el acceso carnal, con introducción total o parcial del miembro viril, por vía oral, anal o vaginal; o la introducción, por vía vaginal o anal, de objetos, dedos u órganos distintos al miembro viril, a una persona de cualquier sexo.",2020,11,Fiscalía General del Estado - INEC,Denuncias,Paz,ODS 16
4006,11,Loja,0000,Total Nacional,Ecuador,Seguridad interna,Seguridad ciudadana,Denuncias de violaciones,Total,Total,9,No Aplica,"Es el acceso carnal, con introducción total o parcial del miembro viril, por vía oral, anal o vaginal; o la introducción, por vía vaginal o anal, de objetos, dedos u órganos distintos al miembro viril, a una persona de cualquier sexo.",2020,11,Fiscalía General del Estado - INEC,Denuncias,Paz,ODS 16
4006,12,Los Ríos,0000,Total Nacional,Ecuador,Seguridad interna,Seguridad ciudadana,Denuncias de violaciones,Total,Total,16,No Aplica,"Es el acceso carnal, con introducción total o parcial del miembro viril, por vía oral, anal o vaginal; o la introducción, por vía vaginal o anal, de objetos, dedos u órganos distintos al miembro viril, a una persona de cualquier sexo.",2020,11,Fiscalía General del Estado - INEC,Denuncias,Paz,ODS 16
4006,13,Manabí,0000,Total Nacional,Ecuador,Seguridad interna,Seguridad ciudadana,Denuncias de violaciones,Total,Total,33,No Aplica,"Es el acceso carnal, con introducción total o parcial del miembro viril, por vía oral, anal o vaginal; o la introducción, por vía vaginal o anal, de objetos, dedos u órganos distintos al miembro viril, a una persona de cualquier sexo.",2020,11,Fiscalía General del Estado - INEC,Denuncias,Paz,ODS 16
4006,14,Morona Santiago,0000,Total Nacional,Ecuador,Seguridad interna,Seguridad ciudadana,Denuncias de violaciones,Total,Total,19,No Aplica,"Es el acceso carnal, con introducción total o parcial del miembro viril, por vía oral, anal o vaginal; o la introducción, por vía vaginal o anal, de objetos, dedos u órganos distintos al miembro viril, a una persona de cualquier sexo.",2020,11,Fiscalía General del Estado - INEC,Denuncias,Paz,ODS 16
4006,15,Napo,0000,Total Nacional,Ecuador,Seguridad interna,Seguridad ciudadana,Denuncias de violaciones,Total,Total,7,No Aplica,"Es el acceso carnal, con introducción total o parcial del miembro viril, por vía oral, anal o vaginal; o la introducción, por vía vaginal o anal, de objetos, dedos u órganos distintos al miembro viril, a una persona de cualquier sexo.",2020,11,Fiscalía General del Estado - INEC,Denuncias,Paz,ODS 16
4006,16,Pastaza,0000,Total Nacional,Ecuador,Seguridad interna,Seguridad ciudadana,Denuncias de violaciones,Total,Total,8,No Aplica,"Es el acceso carnal, con introducción total o parcial del miembro viril, por vía oral, anal o vaginal; o la introducción, por vía vaginal o anal, de objetos, dedos u órganos distintos al miembro viril, a una persona de cualquier sexo.",2020,11,Fiscalía General del Estado - INEC,Denuncias,Paz,ODS 16
4006,17,Pichincha,0000,Total Nacional,Ecuador,Seguridad interna,Seguridad ciudadana,Denuncias de violaciones,Total,Total,83,No Aplica,"Es el acceso carnal, con introducción total o parcial del miembro viril, por vía oral, anal o vaginal; o la introducción, por vía vaginal o anal, de objetos, dedos u órganos distintos al miembro viril, a una persona de cualquier sexo.",2020,11,Fiscalía General del Estado - INEC,Denuncias,Paz,ODS 16
4006,18,Tungurahua,0000,Total Nacional,Ecuador,Seguridad interna,Seguridad ciudadana,Denuncias de violaciones,Total,Total,13,No Aplica,"Es el acceso carnal, con introducción total o parcial del miembro viril, por vía oral, anal o vaginal; o la introducción, por vía vaginal o anal, de objetos, dedos u órganos distintos al miembro viril, a una persona de cualquier sexo.",2020,11,Fiscalía General del Estado - INEC,Denuncias,Paz,ODS 16
4006,19,Zamora Chinchipe,0000,Total Nacional,Ecuador,Seguridad interna,Seguridad ciudadana,Denuncias de violaciones,Total,Total,8,No Aplica,"Es el acceso carnal, con introducción total o parcial del miembro viril, por vía oral, anal o vaginal; o la introducción, por vía vaginal o anal, de objetos, dedos u órganos distintos al miembro viril, a una persona de cualquier sexo.",2020,11,Fiscalía General del Estado - INEC,Denuncias,Paz,ODS 16
4006,20,Galápagos,0000,Total Nacional,Ecuador,Seguridad interna,Seguridad ciudadana,Denuncias de violaciones,Total,Total,1,No Aplica,"Es el acceso carnal, con introducción total o parcial del miembro viril, por vía oral, anal o vaginal; o la introducción, por vía vaginal o anal, de objetos, dedos u órganos distintos al miembro viril, a una persona de cualquier sexo.",2020,11,Fiscalía General del Estado - INEC,Denuncias,Paz,ODS 16
4006,21,Sucumbios,0000,Total Nacional,Ecuador,Seguridad interna,Seguridad ciudadana,Denuncias de violaciones,Total,Total,10,No Aplica,"Es el acceso carnal, con introducción total o parcial del miembro viril, por vía oral, anal o vaginal; o la introducción, por vía vaginal o anal, de objetos, dedos u órganos distintos al miembro viril, a una persona de cualquier sexo.",2020,11,Fiscalía General del Estado - INEC,Denuncias,Paz,ODS 16
4006,22,Orellana,0000,Total Nacional,Ecuador,Seguridad interna,Seguridad ciudadana,Denuncias de violaciones,Total,Total,12,No Aplica,"Es el acceso carnal, con introducción total o parcial del miembro viril, por vía oral, anal o vaginal; o la introducción, por vía vaginal o anal, de objetos, dedos u órganos distintos al miembro viril, a una persona de cualquier sexo.",2020,11,Fiscalía General del Estado - INEC,Denuncias,Paz,ODS 16
4006,23,Santo Domingo de los Tsáchilas,0000,Total Nacional,Ecuador,Seguridad interna,Seguridad ciudadana,Denuncias de violaciones,Total,Total,24,No Aplica,"Es el acceso carnal, con introducción total o parcial del miembro viril, por vía oral, anal o vaginal; o la introducción, por vía vaginal o anal, de objetos, dedos u órganos distintos al miembro viril, a una persona de cualquier sexo.",2020,11,Fiscalía General del Estado - INEC,Denuncias,Paz,ODS 16
4006,24,Santa Elena,0000,Total Nacional,Ecuador,Seguridad interna,Seguridad ciudadana,Denuncias de violaciones,Total,Total,5,No Aplica,"Es el acceso carnal, con introducción total o parcial del miembro viril, por vía oral, anal o vaginal; o la introducción, por vía vaginal o anal, de objetos, dedos u órganos distintos al miembro viril, a una persona de cualquier sexo.",2020,11,Fiscalía General del Estado - INEC,Denuncias,Paz,ODS 16
4006,00,Total Nacional,0000,Total Nacional,Ecuador,Seguridad interna,Seguridad ciudadana,Denuncias de violaciones,Total,Total,537,No Aplica,"Es el acceso carnal, con introducción total o parcial del miembro viril, por vía oral, anal o vaginal; o la introducción, por vía vaginal o anal, de objetos, dedos u órganos distintos al miembro viril, a una persona de cualquier sexo.",2020,10,Fiscalía General del Estado - INEC,Denuncias,Paz,ODS 16
4006,01,Azuay,0000,Total Nacional,Ecuador,Seguridad interna,Seguridad ciudadana,Denuncias de violaciones,Total,Total,32,No Aplica,"Es el acceso carnal, con introducción total o parcial del miembro viril, por vía oral, anal o vaginal; o la introducción, por vía vaginal o anal, de objetos, dedos u órganos distintos al miembro viril, a una persona de cualquier sexo.",2020,10,Fiscalía General del Estado - INEC,Denuncias,Paz,ODS 16
4006,02,Bolívar,0000,Total Nacional,Ecuador,Seguridad interna,Seguridad ciudadana,Denuncias de violaciones,Total,Total,9,No Aplica,"Es el acceso carnal, con introducción total o parcial del miembro viril, por vía oral, anal o vaginal; o la introducción, por vía vaginal o anal, de objetos, dedos u órganos distintos al miembro viril, a una persona de cualquier sexo.",2020,10,Fiscalía General del Estado - INEC,Denuncias,Paz,ODS 16
4006,03,Cañar,0000,Total Nacional,Ecuador,Seguridad interna,Seguridad ciudadana,Denuncias de violaciones,Total,Total,13,No Aplica,"Es el acceso carnal, con introducción total o parcial del miembro viril, por vía oral, anal o vaginal; o la introducción, por vía vaginal o anal, de objetos, dedos u órganos distintos al miembro viril, a una persona de cualquier sexo.",2020,10,Fiscalía General del Estado - INEC,Denuncias,Paz,ODS 16
4006,04,Carchi,0000,Total Nacional,Ecuador,Seguridad interna,Seguridad ciudadana,Denuncias de violaciones,Total,Total,4,No Aplica,"Es el acceso carnal, con introducción total o parcial del miembro viril, por vía oral, anal o vaginal; o la introducción, por vía vaginal o anal, de objetos, dedos u órganos distintos al miembro viril, a una persona de cualquier sexo.",2020,10,Fiscalía General del Estado - INEC,Denuncias,Paz,ODS 16
4006,05,Cotopaxi,0000,Total Nacional,Ecuador,Seguridad interna,Seguridad ciudadana,Denuncias de violaciones,Total,Total,18,No Aplica,"Es el acceso carnal, con introducción total o parcial del miembro viril, por vía oral, anal o vaginal; o la introducción, por vía vaginal o anal, de objetos, dedos u órganos distintos al miembro viril, a una persona de cualquier sexo.",2020,10,Fiscalía General del Estado - INEC,Denuncias,Paz,ODS 16
4006,06,Chimborazo,0000,Total Nacional,Ecuador,Seguridad interna,Seguridad ciudadana,Denuncias de violaciones,Total,Total,14,No Aplica,"Es el acceso carnal, con introducción total o parcial del miembro viril, por vía oral, anal o vaginal; o la introducción, por vía vaginal o anal, de objetos, dedos u órganos distintos al miembro viril, a una persona de cualquier sexo.",2020,10,Fiscalía General del Estado - INEC,Denuncias,Paz,ODS 16
4006,07,El Oro,0000,Total Nacional,Ecuador,Seguridad interna,Seguridad ciudadana,Denuncias de violaciones,Total,Total,33,No Aplica,"Es el acceso carnal, con introducción total o parcial del miembro viril, por vía oral, anal o vaginal; o la introducción, por vía vaginal o anal, de objetos, dedos u órganos distintos al miembro viril, a una persona de cualquier sexo.",2020,10,Fiscalía General del Estado - INEC,Denuncias,Paz,ODS 16
4006,08,Esmeraldas,0000,Total Nacional,Ecuador,Seguridad interna,Seguridad ciudadana,Denuncias de violaciones,Total,Total,12,No Aplica,"Es el acceso carnal, con introducción total o parcial del miembro viril, por vía oral, anal o vaginal; o la introducción, por vía vaginal o anal, de objetos, dedos u órganos distintos al miembro viril, a una persona de cualquier sexo.",2020,10,Fiscalía General del Estado - INEC,Denuncias,Paz,ODS 16
4006,09,Guayas,0000,Total Nacional,Ecuador,Seguridad interna,Seguridad ciudadana,Denuncias de violaciones,Total,Total,92,No Aplica,"Es el acceso carnal, con introducción total o parcial del miembro viril, por vía oral, anal o vaginal; o la introducción, por vía vaginal o anal, de objetos, dedos u órganos distintos al miembro viril, a una persona de cualquier sexo.",2020,10,Fiscalía General del Estado - INEC,Denuncias,Paz,ODS 16
4006,10,Imbabura,0000,Total Nacional,Ecuador,Seguridad interna,Seguridad ciudadana,Denuncias de violaciones,Total,Total,20,No Aplica,"Es el acceso carnal, con introducción total o parcial del miembro viril, por vía oral, anal o vaginal; o la introducción, por vía vaginal o anal, de objetos, dedos u órganos distintos al miembro viril, a una persona de cualquier sexo.",2020,10,Fiscalía General del Estado - INEC,Denuncias,Paz,ODS 16
4006,11,Loja,0000,Total Nacional,Ecuador,Seguridad interna,Seguridad ciudadana,Denuncias de violaciones,Total,Total,10,No Aplica,"Es el acceso carnal, con introducción total o parcial del miembro viril, por vía oral, anal o vaginal; o la introducción, por vía vaginal o anal, de objetos, dedos u órganos distintos al miembro viril, a una persona de cualquier sexo.",2020,10,Fiscalía General del Estado - INEC,Denuncias,Paz,ODS 16
4006,12,Los Ríos,0000,Total Nacional,Ecuador,Seguridad interna,Seguridad ciudadana,Denuncias de violaciones,Total,Total,23,No Aplica,"Es el acceso carnal, con introducción total o parcial del miembro viril, por vía oral, anal o vaginal; o la introducción, por vía vaginal o anal, de objetos, dedos u órganos distintos al miembro viril, a una persona de cualquier sexo.",2020,10,Fiscalía General del Estado - INEC,Denuncias,Paz,ODS 16
4006,13,Manabí,0000,Total Nacional,Ecuador,Seguridad interna,Seguridad ciudadana,Denuncias de violaciones,Total,Total,27,No Aplica,"Es el acceso carnal, con introducción total o parcial del miembro viril, por vía oral, anal o vaginal; o la introducción, por vía vaginal o anal, de objetos, dedos u órganos distintos al miembro viril, a una persona de cualquier sexo.",2020,10,Fiscalía General del Estado - INEC,Denuncias,Paz,ODS 16
4006,14,Morona Santiago,0000,Total Nacional,Ecuador,Seguridad interna,Seguridad ciudadana,Denuncias de violaciones,Total,Total,24,No Aplica,"Es el acceso carnal, con introducción total o parcial del miembro viril, por vía oral, anal o vaginal; o la introducción, por vía vaginal o anal, de objetos, dedos u órganos distintos al miembro viril, a una persona de cualquier sexo.",2020,10,Fiscalía General del Estado - INEC,Denuncias,Paz,ODS 16
4006,15,Napo,0000,Total Nacional,Ecuador,Seguridad interna,Seguridad ciudadana,Denuncias de violaciones,Total,Total,8,No Aplica,"Es el acceso carnal, con introducción total o parcial del miembro viril, por vía oral, anal o vaginal; o la introducción, por vía vaginal o anal, de objetos, dedos u órganos distintos al miembro viril, a una persona de cualquier sexo.",2020,10,Fiscalía General del Estado - INEC,Denuncias,Paz,ODS 16
4006,16,Pastaza,0000,Total Nacional,Ecuador,Seguridad interna,Seguridad ciudadana,Denuncias de violaciones,Total,Total,12,No Aplica,"Es el acceso carnal, con introducción total o parcial del miembro viril, por vía oral, anal o vaginal; o la introducción, por vía vaginal o anal, de objetos, dedos u órganos distintos al miembro viril, a una persona de cualquier sexo.",2020,10,Fiscalía General del Estado - INEC,Denuncias,Paz,ODS 16
4006,17,Pichincha,0000,Total Nacional,Ecuador,Seguridad interna,Seguridad ciudadana,Denuncias de violaciones,Total,Total,109,No Aplica,"Es el acceso carnal, con introducción total o parcial del miembro viril, por vía oral, anal o vaginal; o la introducción, por vía vaginal o anal, de objetos, dedos u órganos distintos al miembro viril, a una persona de cualquier sexo.",2020,10,Fiscalía General del Estado - INEC,Denuncias,Paz,ODS 16
4006,18,Tungurahua,0000,Total Nacional,Ecuador,Seguridad interna,Seguridad ciudadana,Denuncias de violaciones,Total,Total,11,No Aplica,"Es el acceso carnal, con introducción total o parcial del miembro viril, por vía oral, anal o vaginal; o la introducción, por vía vaginal o anal, de objetos, dedos u órganos distintos al miembro viril, a una persona de cualquier sexo.",2020,10,Fiscalía General del Estado - INEC,Denuncias,Paz,ODS 16
4006,19,Zamora Chinchipe,0000,Total Nacional,Ecuador,Seguridad interna,Seguridad ciudadana,Denuncias de violaciones,Total,Total,6,No Aplica,"Es el acceso carnal, con introducción total o parcial del miembro viril, por vía oral, anal o vaginal; o la introducción, por vía vaginal o anal, de objetos, dedos u órganos distintos al miembro viril, a una persona de cualquier sexo.",2020,10,Fiscalía General del Estado - INEC,Denuncias,Paz,ODS 16
4006,20,Galápagos,0000,Total Nacional,Ecuador,Seguridad interna,Seguridad ciudadana,Denuncias de violaciones,Total,Total,0,No Aplica,"Es el acceso carnal, con introducción total o parcial del miembro viril, por vía oral, anal o vaginal; o la introducción, por vía vaginal o anal, de objetos, dedos u órganos distintos al miembro viril, a una persona de cualquier sexo.",2020,10,Fiscalía General del Estado - INEC,Denuncias,Paz,ODS 16
4006,21,Sucumbios,0000,Total Nacional,Ecuador,Seguridad interna,Seguridad ciudadana,Denuncias de violaciones,Total,Total,8,No Aplica,"Es el acceso carnal, con introducción total o parcial del miembro viril, por vía oral, anal o vaginal; o la introducción, por vía vaginal o anal, de objetos, dedos u órganos distintos al miembro viril, a una persona de cualquier sexo.",2020,10,Fiscalía General del Estado - INEC,Denuncias,Paz,ODS 16
4006,22,Orellana,0000,Total Nacional,Ecuador,Seguridad interna,Seguridad ciudadana,Denuncias de violaciones,Total,Total,14,No Aplica,"Es el acceso carnal, con introducción total o parcial del miembro viril, por vía oral, anal o vaginal; o la introducción, por vía vaginal o anal, de objetos, dedos u órganos distintos al miembro viril, a una persona de cualquier sexo.",2020,10,Fiscalía General del Estado - INEC,Denuncias,Paz,ODS 16
4006,23,Santo Domingo de los Tsáchilas,0000,Total Nacional,Ecuador,Seguridad interna,Seguridad ciudadana,Denuncias de violaciones,Total,Total,28,No Aplica,"Es el acceso carnal, con introducción total o parcial del miembro viril, por vía oral, anal o vaginal; o la introducción, por vía vaginal o anal, de objetos, dedos u órganos distintos al miembro viril, a una persona de cualquier sexo.",2020,10,Fiscalía General del Estado - INEC,Denuncias,Paz,ODS 16
4006,24,Santa Elena,0000,Total Nacional,Ecuador,Seguridad interna,Seguridad ciudadana,Denuncias de violaciones,Total,Total,10,No Aplica,"Es el acceso carnal, con introducción total o parcial del miembro viril, por vía oral, anal o vaginal; o la introducción, por vía vaginal o anal, de objetos, dedos u órganos distintos al miembro viril, a una persona de cualquier sexo.",2020,10,Fiscalía General del Estado - INEC,Denuncias,Paz,ODS 16
4006,00,Total Nacional,0000,Total Nacional,Ecuador,Seguridad interna,Seguridad ciudadana,Denuncias de violaciones,Total,Total,473,No Aplica,"Es el acceso carnal, con introducción total o parcial del miembro viril, por vía oral, anal o vaginal; o la introducción, por vía vaginal o anal, de objetos, dedos u órganos distintos al miembro viril, a una persona de cualquier sexo.",2020,9,Fiscalía General del Estado - INEC,Denuncias,Paz,ODS 16
4006,01,Azuay,0000,Total Nacional,Ecuador,Seguridad interna,Seguridad ciudadana,Denuncias de violaciones,Total,Total,20,No Aplica,"Es el acceso carnal, con introducción total o parcial del miembro viril, por vía oral, anal o vaginal; o la introducción, por vía vaginal o anal, de objetos, dedos u órganos distintos al miembro viril, a una persona de cualquier sexo.",2020,9,Fiscalía General del Estado - INEC,Denuncias,Paz,ODS 16
4006,02,Bolívar,0000,Total Nacional,Ecuador,Seguridad interna,Seguridad ciudadana,Denuncias de violaciones,Total,Total,10,No Aplica,"Es el acceso carnal, con introducción total o parcial del miembro viril, por vía oral, anal o vaginal; o la introducción, por vía vaginal o anal, de objetos, dedos u órganos distintos al miembro viril, a una persona de cualquier sexo.",2020,9,Fiscalía General del Estado - INEC,Denuncias,Paz,ODS 16
4006,03,Cañar,0000,Total Nacional,Ecuador,Seguridad interna,Seguridad ciudadana,Denuncias de violaciones,Total,Total,7,No Aplica,"Es el acceso carnal, con introducción total o parcial del miembro viril, por vía oral, anal o vaginal; o la introducción, por vía vaginal o anal, de objetos, dedos u órganos distintos al miembro viril, a una persona de cualquier sexo.",2020,9,Fiscalía General del Estado - INEC,Denuncias,Paz,ODS 16
4006,04,Carchi,0000,Total Nacional,Ecuador,Seguridad interna,Seguridad ciudadana,Denuncias de violaciones,Total,Total,2,No Aplica,"Es el acceso carnal, con introducción total o parcial del miembro viril, por vía oral, anal o vaginal; o la introducción, por vía vaginal o anal, de objetos, dedos u órganos distintos al miembro viril, a una persona de cualquier sexo.",2020,9,Fiscalía General del Estado - INEC,Denuncias,Paz,ODS 16
4006,05,Cotopaxi,0000,Total Nacional,Ecuador,Seguridad interna,Seguridad ciudadana,Denuncias de violaciones,Total,Total,11,No Aplica,"Es el acceso carnal, con introducción total o parcial del miembro viril, por vía oral, anal o vaginal; o la introducción, por vía vaginal o anal, de objetos, dedos u órganos distintos al miembro viril, a una persona de cualquier sexo.",2020,9,Fiscalía General del Estado - INEC,Denuncias,Paz,ODS 16
4006,06,Chimborazo,0000,Total Nacional,Ecuador,Seguridad interna,Seguridad ciudadana,Denuncias de violaciones,Total,Total,22,No Aplica,"Es el acceso carnal, con introducción total o parcial del miembro viril, por vía oral, anal o vaginal; o la introducción, por vía vaginal o anal, de objetos, dedos u órganos distintos al miembro viril, a una persona de cualquier sexo.",2020,9,Fiscalía General del Estado - INEC,Denuncias,Paz,ODS 16
4006,07,El Oro,0000,Total Nacional,Ecuador,Seguridad interna,Seguridad ciudadana,Denuncias de violaciones,Total,Total,36,No Aplica,"Es el acceso carnal, con introducción total o parcial del miembro viril, por vía oral, anal o vaginal; o la introducción, por vía vaginal o anal, de objetos, dedos u órganos distintos al miembro viril, a una persona de cualquier sexo.",2020,9,Fiscalía General del Estado - INEC,Denuncias,Paz,ODS 16
4006,08,Esmeraldas,0000,Total Nacional,Ecuador,Seguridad interna,Seguridad ciudadana,Denuncias de violaciones,Total,Total,14,No Aplica,"Es el acceso carnal, con introducción total o parcial del miembro viril, por vía oral, anal o vaginal; o la introducción, por vía vaginal o anal, de objetos, dedos u órganos distintos al miembro viril, a una persona de cualquier sexo.",2020,9,Fiscalía General del Estado - INEC,Denuncias,Paz,ODS 16
4006,09,Guayas,0000,Total Nacional,Ecuador,Seguridad interna,Seguridad ciudadana,Denuncias de violaciones,Total,Total,63,No Aplica,"Es el acceso carnal, con introducción total o parcial del miembro viril, por vía oral, anal o vaginal; o la introducción, por vía vaginal o anal, de objetos, dedos u órganos distintos al miembro viril, a una persona de cualquier sexo.",2020,9,Fiscalía General del Estado - INEC,Denuncias,Paz,ODS 16
4006,10,Imbabura,0000,Total Nacional,Ecuador,Seguridad interna,Seguridad ciudadana,Denuncias de violaciones,Total,Total,10,No Aplica,"Es el acceso carnal, con introducción total o parcial del miembro viril, por vía oral, anal o vaginal; o la introducción, por vía vaginal o anal, de objetos, dedos u órganos distintos al miembro viril, a una persona de cualquier sexo.",2020,9,Fiscalía General del Estado - INEC,Denuncias,Paz,ODS 16
4006,11,Loja,0000,Total Nacional,Ecuador,Seguridad interna,Seguridad ciudadana,Denuncias de violaciones,Total,Total,15,No Aplica,"Es el acceso carnal, con introducción total o parcial del miembro viril, por vía oral, anal o vaginal; o la introducción, por vía vaginal o anal, de objetos, dedos u órganos distintos al miembro viril, a una persona de cualquier sexo.",2020,9,Fiscalía General del Estado - INEC,Denuncias,Paz,ODS 16
4006,12,Los Ríos,0000,Total Nacional,Ecuador,Seguridad interna,Seguridad ciudadana,Denuncias de violaciones,Total,Total,17,No Aplica,"Es el acceso carnal, con introducción total o parcial del miembro viril, por vía oral, anal o vaginal; o la introducción, por vía vaginal o anal, de objetos, dedos u órganos distintos al miembro viril, a una persona de cualquier sexo.",2020,9,Fiscalía General del Estado - INEC,Denuncias,Paz,ODS 16
4006,13,Manabí,0000,Total Nacional,Ecuador,Seguridad interna,Seguridad ciudadana,Denuncias de violaciones,Total,Total,37,No Aplica,"Es el acceso carnal, con introducción total o parcial del miembro viril, por vía oral, anal o vaginal; o la introducción, por vía vaginal o anal, de objetos, dedos u órganos distintos al miembro viril, a una persona de cualquier sexo.",2020,9,Fiscalía General del Estado - INEC,Denuncias,Paz,ODS 16
4006,14,Morona Santiago,0000,Total Nacional,Ecuador,Seguridad interna,Seguridad ciudadana,Denuncias de violaciones,Total,Total,33,No Aplica,"Es el acceso carnal, con introducción total o parcial del miembro viril, por vía oral, anal o vaginal; o la introducción, por vía vaginal o anal, de objetos, dedos u órganos distintos al miembro viril, a una persona de cualquier sexo.",2020,9,Fiscalía General del Estado - INEC,Denuncias,Paz,ODS 16
4006,15,Napo,0000,Total Nacional,Ecuador,Seguridad interna,Seguridad ciudadana,Denuncias de violaciones,Total,Total,6,No Aplica,"Es el acceso carnal, con introducción total o parcial del miembro viril, por vía oral, anal o vaginal; o la introducción, por vía vaginal o anal, de objetos, dedos u órganos distintos al miembro viril, a una persona de cualquier sexo.",2020,9,Fiscalía General del Estado - INEC,Denuncias,Paz,ODS 16
4006,16,Pastaza,0000,Total Nacional,Ecuador,Seguridad interna,Seguridad ciudadana,Denuncias de violaciones,Total,Total,6,No Aplica,"Es el acceso carnal, con introducción total o parcial del miembro viril, por vía oral, anal o vaginal; o la introducción, por vía vaginal o anal, de objetos, dedos u órganos distintos al miembro viril, a una persona de cualquier sexo.",2020,9,Fiscalía General del Estado - INEC,Denuncias,Paz,ODS 16
4006,17,Pichincha,0000,Total Nacional,Ecuador,Seguridad interna,Seguridad ciudadana,Denuncias de violaciones,Total,Total,86,No Aplica,"Es el acceso carnal, con introducción total o parcial del miembro viril, por vía oral, anal o vaginal; o la introducción, por vía vaginal o anal, de objetos, dedos u órganos distintos al miembro viril, a una persona de cualquier sexo.",2020,9,Fiscalía General del Estado - INEC,Denuncias,Paz,ODS 16
4006,18,Tungurahua,0000,Total Nacional,Ecuador,Seguridad interna,Seguridad ciudadana,Denuncias de violaciones,Total,Total,15,No Aplica,"Es el acceso carnal, con introducción total o parcial del miembro viril, por vía oral, anal o vaginal; o la introducción, por vía vaginal o anal, de objetos, dedos u órganos distintos al miembro viril, a una persona de cualquier sexo.",2020,9,Fiscalía General del Estado - INEC,Denuncias,Paz,ODS 16
4006,19,Zamora Chinchipe,0000,Total Nacional,Ecuador,Seguridad interna,Seguridad ciudadana,Denuncias de violaciones,Total,Total,8,No Aplica,"Es el acceso carnal, con introducción total o parcial del miembro viril, por vía oral, anal o vaginal; o la introducción, por vía vaginal o anal, de objetos, dedos u órganos distintos al miembro viril, a una persona de cualquier sexo.",2020,9,Fiscalía General del Estado - INEC,Denuncias,Paz,ODS 16
4006,20,Galápagos,0000,Total Nacional,Ecuador,Seguridad interna,Seguridad ciudadana,Denuncias de violaciones,Total,Total,2,No Aplica,"Es el acceso carnal, con introducción total o parcial del miembro viril, por vía oral, anal o vaginal; o la introducción, por vía vaginal o anal, de objetos, dedos u órganos distintos al miembro viril, a una persona de cualquier sexo.",2020,9,Fiscalía General del Estado - INEC,Denuncias,Paz,ODS 16
4006,21,Sucumbios,0000,Total Nacional,Ecuador,Seguridad interna,Seguridad ciudadana,Denuncias de violaciones,Total,Total,20,No Aplica,"Es el acceso carnal, con introducción total o parcial del miembro viril, por vía oral, anal o vaginal; o la introducción, por vía vaginal o anal, de objetos, dedos u órganos distintos al miembro viril, a una persona de cualquier sexo.",2020,9,Fiscalía General del Estado - INEC,Denuncias,Paz,ODS 16
4006,22,Orellana,0000,Total Nacional,Ecuador,Seguridad interna,Seguridad ciudadana,Denuncias de violaciones,Total,Total,9,No Aplica,"Es el acceso carnal, con introducción total o parcial del miembro viril, por vía oral, anal o vaginal; o la introducción, por vía vaginal o anal, de objetos, dedos u órganos distintos al miembro viril, a una persona de cualquier sexo.",2020,9,Fiscalía General del Estado - INEC,Denuncias,Paz,ODS 16
4006,23,Santo Domingo de los Tsáchilas,0000,Total Nacional,Ecuador,Seguridad interna,Seguridad ciudadana,Denuncias de violaciones,Total,Total,19,No Aplica,"Es el acceso carnal, con introducción total o parcial del miembro viril, por vía oral, anal o vaginal; o la introducción, por vía vaginal o anal, de objetos, dedos u órganos distintos al miembro viril, a una persona de cualquier sexo.",2020,9,Fiscalía General del Estado - INEC,Denuncias,Paz,ODS 16
4006,24,Santa Elena,0000,Total Nacional,Ecuador,Seguridad interna,Seguridad ciudadana,Denuncias de violaciones,Total,Total,5,No Aplica,"Es el acceso carnal, con introducción total o parcial del miembro viril, por vía oral, anal o vaginal; o la introducción, por vía vaginal o anal, de objetos, dedos u órganos distintos al miembro viril, a una persona de cualquier sexo.",2020,9,Fiscalía General del Estado - INEC,Denuncias,Paz,ODS 16
4006,00,Total Nacional,0000,Total Nacional,Ecuador,Seguridad interna,Seguridad ciudadana,Denuncias de violaciones,Total,Total,410,No Aplica,"Es el acceso carnal, con introducción total o parcial del miembro viril, por vía oral, anal o vaginal; o la introducción, por vía vaginal o anal, de objetos, dedos u órganos distintos al miembro viril, a una persona de cualquier sexo.",2020,8,Fiscalía General del Estado - INEC,Denuncias,Paz,ODS 16
4006,01,Azuay,0000,Total Nacional,Ecuador,Seguridad interna,Seguridad ciudadana,Denuncias de violaciones,Total,Total,14,No Aplica,"Es el acceso carnal, con introducción total o parcial del miembro viril, por vía oral, anal o vaginal; o la introducción, por vía vaginal o anal, de objetos, dedos u órganos distintos al miembro viril, a una persona de cualquier sexo.",2020,8,Fiscalía General del Estado - INEC,Denuncias,Paz,ODS 16
4006,02,Bolívar,0000,Total Nacional,Ecuador,Seguridad interna,Seguridad ciudadana,Denuncias de violaciones,Total,Total,5,No Aplica,"Es el acceso carnal, con introducción total o parcial del miembro viril, por vía oral, anal o vaginal; o la introducción, por vía vaginal o anal, de objetos, dedos u órganos distintos al miembro viril, a una persona de cualquier sexo.",2020,8,Fiscalía General del Estado - INEC,Denuncias,Paz,ODS 16
4006,03,Cañar,0000,Total Nacional,Ecuador,Seguridad interna,Seguridad ciudadana,Denuncias de violaciones,Total,Total,7,No Aplica,"Es el acceso carnal, con introducción total o parcial del miembro viril, por vía oral, anal o vaginal; o la introducción, por vía vaginal o anal, de objetos, dedos u órganos distintos al miembro viril, a una persona de cualquier sexo.",2020,8,Fiscalía General del Estado - INEC,Denuncias,Paz,ODS 16
4006,04,Carchi,0000,Total Nacional,Ecuador,Seguridad interna,Seguridad ciudadana,Denuncias de violaciones,Total,Total,10,No Aplica,"Es el acceso carnal, con introducción total o parcial del miembro viril, por vía oral, anal o vaginal; o la introducción, por vía vaginal o anal, de objetos, dedos u órganos distintos al miembro viril, a una persona de cualquier sexo.",2020,8,Fiscalía General del Estado - INEC,Denuncias,Paz,ODS 16
4006,05,Cotopaxi,0000,Total Nacional,Ecuador,Seguridad interna,Seguridad ciudadana,Denuncias de violaciones,Total,Total,10,No Aplica,"Es el acceso carnal, con introducción total o parcial del miembro viril, por vía oral, anal o vaginal; o la introducción, por vía vaginal o anal, de objetos, dedos u órganos distintos al miembro viril, a una persona de cualquier sexo.",2020,8,Fiscalía General del Estado - INEC,Denuncias,Paz,ODS 16
4006,06,Chimborazo,0000,Total Nacional,Ecuador,Seguridad interna,Seguridad ciudadana,Denuncias de violaciones,Total,Total,7,No Aplica,"Es el acceso carnal, con introducción total o parcial del miembro viril, por vía oral, anal o vaginal; o la introducción, por vía vaginal o anal, de objetos, dedos u órganos distintos al miembro viril, a una persona de cualquier sexo.",2020,8,Fiscalía General del Estado - INEC,Denuncias,Paz,ODS 16
4006,07,El Oro,0000,Total Nacional,Ecuador,Seguridad interna,Seguridad ciudadana,Denuncias de violaciones,Total,Total,26,No Aplica,"Es el acceso carnal, con introducción total o parcial del miembro viril, por vía oral, anal o vaginal; o la introducción, por vía vaginal o anal, de objetos, dedos u órganos distintos al miembro viril, a una persona de cualquier sexo.",2020,8,Fiscalía General del Estado - INEC,Denuncias,Paz,ODS 16
4006,08,Esmeraldas,0000,Total Nacional,Ecuador,Seguridad interna,Seguridad ciudadana,Denuncias de violaciones,Total,Total,30,No Aplica,"Es el acceso carnal, con introducción total o parcial del miembro viril, por vía oral, anal o vaginal; o la introducción, por vía vaginal o anal, de objetos, dedos u órganos distintos al miembro viril, a una persona de cualquier sexo.",2020,8,Fiscalía General del Estado - INEC,Denuncias,Paz,ODS 16
4006,09,Guayas,0000,Total Nacional,Ecuador,Seguridad interna,Seguridad ciudadana,Denuncias de violaciones,Total,Total,92,No Aplica,"Es el acceso carnal, con introducción total o parcial del miembro viril, por vía oral, anal o vaginal; o la introducción, por vía vaginal o anal, de objetos, dedos u órganos distintos al miembro viril, a una persona de cualquier sexo.",2020,8,Fiscalía General del Estado - INEC,Denuncias,Paz,ODS 16
4006,10,Imbabura,0000,Total Nacional,Ecuador,Seguridad interna,Seguridad ciudadana,Denuncias de violaciones,Total,Total,10,No Aplica,"Es el acceso carnal, con introducción total o parcial del miembro viril, por vía oral, anal o vaginal; o la introducción, por vía vaginal o anal, de objetos, dedos u órganos distintos al miembro viril, a una persona de cualquier sexo.",2020,8,Fiscalía General del Estado - INEC,Denuncias,Paz,ODS 16
4006,11,Loja,0000,Total Nacional,Ecuador,Seguridad interna,Seguridad ciudadana,Denuncias de violaciones,Total,Total,17,No Aplica,"Es el acceso carnal, con introducción total o parcial del miembro viril, por vía oral, anal o vaginal; o la introducción, por vía vaginal o anal, de objetos, dedos u órganos distintos al miembro viril, a una persona de cualquier sexo.",2020,8,Fiscalía General del Estado - INEC,Denuncias,Paz,ODS 16
4006,12,Los Ríos,0000,Total Nacional,Ecuador,Seguridad interna,Seguridad ciudadana,Denuncias de violaciones,Total,Total,22,No Aplica,"Es el acceso carnal, con introducción total o parcial del miembro viril, por vía oral, anal o vaginal; o la introducción, por vía vaginal o anal, de objetos, dedos u órganos distintos al miembro viril, a una persona de cualquier sexo.",2020,8,Fiscalía General del Estado - INEC,Denuncias,Paz,ODS 16
4006,13,Manabí,0000,Total Nacional,Ecuador,Seguridad interna,Seguridad ciudadana,Denuncias de violaciones,Total,Total,28,No Aplica,"Es el acceso carnal, con introducción total o parcial del miembro viril, por vía oral, anal o vaginal; o la introducción, por vía vaginal o anal, de objetos, dedos u órganos distintos al miembro viril, a una persona de cualquier sexo.",2020,8,Fiscalía General del Estado - INEC,Denuncias,Paz,ODS 16
4006,14,Morona Santiago,0000,Total Nacional,Ecuador,Seguridad interna,Seguridad ciudadana,Denuncias de violaciones,Total,Total,14,No Aplica,"Es el acceso carnal, con introducción total o parcial del miembro viril, por vía oral, anal o vaginal; o la introducción, por vía vaginal o anal, de objetos, dedos u órganos distintos al miembro viril, a una persona de cualquier sexo.",2020,8,Fiscalía General del Estado - INEC,Denuncias,Paz,ODS 16
4006,15,Napo,0000,Total Nacional,Ecuador,Seguridad interna,Seguridad ciudadana,Denuncias de violaciones,Total,Total,4,No Aplica,"Es el acceso carnal, con introducción total o parcial del miembro viril, por vía oral, anal o vaginal; o la introducción, por vía vaginal o anal, de objetos, dedos u órganos distintos al miembro viril, a una persona de cualquier sexo.",2020,8,Fiscalía General del Estado - INEC,Denuncias,Paz,ODS 16
4006,16,Pastaza,0000,Total Nacional,Ecuador,Seguridad interna,Seguridad ciudadana,Denuncias de violaciones,Total,Total,7,No Aplica,"Es el acceso carnal, con introducción total o parcial del miembro viril, por vía oral, anal o vaginal; o la introducción, por vía vaginal o anal, de objetos, dedos u órganos distintos al miembro viril, a una persona de cualquier sexo.",2020,8,Fiscalía General del Estado - INEC,Denuncias,Paz,ODS 16
4006,17,Pichincha,0000,Total Nacional,Ecuador,Seguridad interna,Seguridad ciudadana,Denuncias de violaciones,Total,Total,44,No Aplica,"Es el acceso carnal, con introducción total o parcial del miembro viril, por vía oral, anal o vaginal; o la introducción, por vía vaginal o anal, de objetos, dedos u órganos distintos al miembro viril, a una persona de cualquier sexo.",2020,8,Fiscalía General del Estado - INEC,Denuncias,Paz,ODS 16
4006,18,Tungurahua,0000,Total Nacional,Ecuador,Seguridad interna,Seguridad ciudadana,Denuncias de violaciones,Total,Total,15,No Aplica,"Es el acceso carnal, con introducción total o parcial del miembro viril, por vía oral, anal o vaginal; o la introducción, por vía vaginal o anal, de objetos, dedos u órganos distintos al miembro viril, a una persona de cualquier sexo.",2020,8,Fiscalía General del Estado - INEC,Denuncias,Paz,ODS 16
4006,19,Zamora Chinchipe,0000,Total Nacional,Ecuador,Seguridad interna,Seguridad ciudadana,Denuncias de violaciones,Total,Total,6,No Aplica,"Es el acceso carnal, con introducción total o parcial del miembro viril, por vía oral, anal o vaginal; o la introducción, por vía vaginal o anal, de objetos, dedos u órganos distintos al miembro viril, a una persona de cualquier sexo.",2020,8,Fiscalía General del Estado - INEC,Denuncias,Paz,ODS 16
4006,20,Galápagos,0000,Total Nacional,Ecuador,Seguridad interna,Seguridad ciudadana,Denuncias de violaciones,Total,Total,1,No Aplica,"Es el acceso carnal, con introducción total o parcial del miembro viril, por vía oral, anal o vaginal; o la introducción, por vía vaginal o anal, de objetos, dedos u órganos distintos al miembro viril, a una persona de cualquier sexo.",2020,8,Fiscalía General del Estado - INEC,Denuncias,Paz,ODS 16
4006,21,Sucumbios,0000,Total Nacional,Ecuador,Seguridad interna,Seguridad ciudadana,Denuncias de violaciones,Total,Total,13,No Aplica,"Es el acceso carnal, con introducción total o parcial del miembro viril, por vía oral, anal o vaginal; o la introducción, por vía vaginal o anal, de objetos, dedos u órganos distintos al miembro viril, a una persona de cualquier sexo.",2020,8,Fiscalía General del Estado - INEC,Denuncias,Paz,ODS 16
4006,22,Orellana,0000,Total Nacional,Ecuador,Seguridad interna,Seguridad ciudadana,Denuncias de violaciones,Total,Total,7,No Aplica,"Es el acceso carnal, con introducción total o parcial del miembro viril, por vía oral, anal o vaginal; o la introducción, por vía vaginal o anal, de objetos, dedos u órganos distintos al miembro viril, a una persona de cualquier sexo.",2020,8,Fiscalía General del Estado - INEC,Denuncias,Paz,ODS 16
4006,23,Santo Domingo de los Tsáchilas,0000,Total Nacional,Ecuador,Seguridad interna,Seguridad ciudadana,Denuncias de violaciones,Total,Total,13,No Aplica,"Es el acceso carnal, con introducción total o parcial del miembro viril, por vía oral, anal o vaginal; o la introducción, por vía vaginal o anal, de objetos, dedos u órganos distintos al miembro viril, a una persona de cualquier sexo.",2020,8,Fiscalía General del Estado - INEC,Denuncias,Paz,ODS 16
4006,24,Santa Elena,0000,Total Nacional,Ecuador,Seguridad interna,Seguridad ciudadana,Denuncias de violaciones,Total,Total,8,No Aplica,"Es el acceso carnal, con introducción total o parcial del miembro viril, por vía oral, anal o vaginal; o la introducción, por vía vaginal o anal, de objetos, dedos u órganos distintos al miembro viril, a una persona de cualquier sexo.",2020,8,Fiscalía General del Estado - INEC,Denuncias,Paz,ODS 16
4006,00,Total Nacional,0000,Total Nacional,Ecuador,Seguridad interna,Seguridad ciudadana,Denuncias de violaciones,Total,Total,400,No Aplica,"Es el acceso carnal, con introducción total o parcial del miembro viril, por vía oral, anal o vaginal; o la introducción, por vía vaginal o anal, de objetos, dedos u órganos distintos al miembro viril, a una persona de cualquier sexo.",2020,7,Fiscalía General del Estado - INEC,Denuncias,Paz,ODS 16
4006,01,Azuay,0000,Total Nacional,Ecuador,Seguridad interna,Seguridad ciudadana,Denuncias de violaciones,Total,Total,17,No Aplica,"Es el acceso carnal, con introducción total o parcial del miembro viril, por vía oral, anal o vaginal; o la introducción, por vía vaginal o anal, de objetos, dedos u órganos distintos al miembro viril, a una persona de cualquier sexo.",2020,7,Fiscalía General del Estado - INEC,Denuncias,Paz,ODS 16
4006,02,Bolívar,0000,Total Nacional,Ecuador,Seguridad interna,Seguridad ciudadana,Denuncias de violaciones,Total,Total,5,No Aplica,"Es el acceso carnal, con introducción total o parcial del miembro viril, por vía oral, anal o vaginal; o la introducción, por vía vaginal o anal, de objetos, dedos u órganos distintos al miembro viril, a una persona de cualquier sexo.",2020,7,Fiscalía General del Estado - INEC,Denuncias,Paz,ODS 16
4006,03,Cañar,0000,Total Nacional,Ecuador,Seguridad interna,Seguridad ciudadana,Denuncias de violaciones,Total,Total,5,No Aplica,"Es el acceso carnal, con introducción total o parcial del miembro viril, por vía oral, anal o vaginal; o la introducción, por vía vaginal o anal, de objetos, dedos u órganos distintos al miembro viril, a una persona de cualquier sexo.",2020,7,Fiscalía General del Estado - INEC,Denuncias,Paz,ODS 16
4006,04,Carchi,0000,Total Nacional,Ecuador,Seguridad interna,Seguridad ciudadana,Denuncias de violaciones,Total,Total,3,No Aplica,"Es el acceso carnal, con introducción total o parcial del miembro viril, por vía oral, anal o vaginal; o la introducción, por vía vaginal o anal, de objetos, dedos u órganos distintos al miembro viril, a una persona de cualquier sexo.",2020,7,Fiscalía General del Estado - INEC,Denuncias,Paz,ODS 16
4006,05,Cotopaxi,0000,Total Nacional,Ecuador,Seguridad interna,Seguridad ciudadana,Denuncias de violaciones,Total,Total,12,No Aplica,"Es el acceso carnal, con introducción total o parcial del miembro viril, por vía oral, anal o vaginal; o la introducción, por vía vaginal o anal, de objetos, dedos u órganos distintos al miembro viril, a una persona de cualquier sexo.",2020,7,Fiscalía General del Estado - INEC,Denuncias,Paz,ODS 16
4006,06,Chimborazo,0000,Total Nacional,Ecuador,Seguridad interna,Seguridad ciudadana,Denuncias de violaciones,Total,Total,15,No Aplica,"Es el acceso carnal, con introducción total o parcial del miembro viril, por vía oral, anal o vaginal; o la introducción, por vía vaginal o anal, de objetos, dedos u órganos distintos al miembro viril, a una persona de cualquier sexo.",2020,7,Fiscalía General del Estado - INEC,Denuncias,Paz,ODS 16
4006,07,El Oro,0000,Total Nacional,Ecuador,Seguridad interna,Seguridad ciudadana,Denuncias de violaciones,Total,Total,13,No Aplica,"Es el acceso carnal, con introducción total o parcial del miembro viril, por vía oral, anal o vaginal; o la introducción, por vía vaginal o anal, de objetos, dedos u órganos distintos al miembro viril, a una persona de cualquier sexo.",2020,7,Fiscalía General del Estado - INEC,Denuncias,Paz,ODS 16
4006,08,Esmeraldas,0000,Total Nacional,Ecuador,Seguridad interna,Seguridad ciudadana,Denuncias de violaciones,Total,Total,13,No Aplica,"Es el acceso carnal, con introducción total o parcial del miembro viril, por vía oral, anal o vaginal; o la introducción, por vía vaginal o anal, de objetos, dedos u órganos distintos al miembro viril, a una persona de cualquier sexo.",2020,7,Fiscalía General del Estado - INEC,Denuncias,Paz,ODS 16
4006,09,Guayas,0000,Total Nacional,Ecuador,Seguridad interna,Seguridad ciudadana,Denuncias de violaciones,Total,Total,78,No Aplica,"Es el acceso carnal, con introducción total o parcial del miembro viril, por vía oral, anal o vaginal; o la introducción, por vía vaginal o anal, de objetos, dedos u órganos distintos al miembro viril, a una persona de cualquier sexo.",2020,7,Fiscalía General del Estado - INEC,Denuncias,Paz,ODS 16
4006,10,Imbabura,0000,Total Nacional,Ecuador,Seguridad interna,Seguridad ciudadana,Denuncias de violaciones,Total,Total,8,No Aplica,"Es el acceso carnal, con introducción total o parcial del miembro viril, por vía oral, anal o vaginal; o la introducción, por vía vaginal o anal, de objetos, dedos u órganos distintos al miembro viril, a una persona de cualquier sexo.",2020,7,Fiscalía General del Estado - INEC,Denuncias,Paz,ODS 16
4006,11,Loja,0000,Total Nacional,Ecuador,Seguridad interna,Seguridad ciudadana,Denuncias de violaciones,Total,Total,18,No Aplica,"Es el acceso carnal, con introducción total o parcial del miembro viril, por vía oral, anal o vaginal; o la introducción, por vía vaginal o anal, de objetos, dedos u órganos distintos al miembro viril, a una persona de cualquier sexo.",2020,7,Fiscalía General del Estado - INEC,Denuncias,Paz,ODS 16
4006,12,Los Ríos,0000,Total Nacional,Ecuador,Seguridad interna,Seguridad ciudadana,Denuncias de violaciones,Total,Total,11,No Aplica,"Es el acceso carnal, con introducción total o parcial del miembro viril, por vía oral, anal o vaginal; o la introducción, por vía vaginal o anal, de objetos, dedos u órganos distintos al miembro viril, a una persona de cualquier sexo.",2020,7,Fiscalía General del Estado - INEC,Denuncias,Paz,ODS 16
4006,13,Manabí,0000,Total Nacional,Ecuador,Seguridad interna,Seguridad ciudadana,Denuncias de violaciones,Total,Total,36,No Aplica,"Es el acceso carnal, con introducción total o parcial del miembro viril, por vía oral, anal o vaginal; o la introducción, por vía vaginal o anal, de objetos, dedos u órganos distintos al miembro viril, a una persona de cualquier sexo.",2020,7,Fiscalía General del Estado - INEC,Denuncias,Paz,ODS 16
4006,14,Morona Santiago,0000,Total Nacional,Ecuador,Seguridad interna,Seguridad ciudadana,Denuncias de violaciones,Total,Total,23,No Aplica,"Es el acceso carnal, con introducción total o parcial del miembro viril, por vía oral, anal o vaginal; o la introducción, por vía vaginal o anal, de objetos, dedos u órganos distintos al miembro viril, a una persona de cualquier sexo.",2020,7,Fiscalía General del Estado - INEC,Denuncias,Paz,ODS 16
4006,15,Napo,0000,Total Nacional,Ecuador,Seguridad interna,Seguridad ciudadana,Denuncias de violaciones,Total,Total,9,No Aplica,"Es el acceso carnal, con introducción total o parcial del miembro viril, por vía oral, anal o vaginal; o la introducción, por vía vaginal o anal, de objetos, dedos u órganos distintos al miembro viril, a una persona de cualquier sexo.",2020,7,Fiscalía General del Estado - INEC,Denuncias,Paz,ODS 16
4006,16,Pastaza,0000,Total Nacional,Ecuador,Seguridad interna,Seguridad ciudadana,Denuncias de violaciones,Total,Total,6,No Aplica,"Es el acceso carnal, con introducción total o parcial del miembro viril, por vía oral, anal o vaginal; o la introducción, por vía vaginal o anal, de objetos, dedos u órganos distintos al miembro viril, a una persona de cualquier sexo.",2020,7,Fiscalía General del Estado - INEC,Denuncias,Paz,ODS 16
4006,17,Pichincha,0000,Total Nacional,Ecuador,Seguridad interna,Seguridad ciudadana,Denuncias de violaciones,Total,Total,79,No Aplica,"Es el acceso carnal, con introducción total o parcial del miembro viril, por vía oral, anal o vaginal; o la introducción, por vía vaginal o anal, de objetos, dedos u órganos distintos al miembro viril, a una persona de cualquier sexo.",2020,7,Fiscalía General del Estado - INEC,Denuncias,Paz,ODS 16
4006,18,Tungurahua,0000,Total Nacional,Ecuador,Seguridad interna,Seguridad ciudadana,Denuncias de violaciones,Total,Total,12,No Aplica,"Es el acceso carnal, con introducción total o parcial del miembro viril, por vía oral, anal o vaginal; o la introducción, por vía vaginal o anal, de objetos, dedos u órganos distintos al miembro viril, a una persona de cualquier sexo.",2020,7,Fiscalía General del Estado - INEC,Denuncias,Paz,ODS 16
4006,19,Zamora Chinchipe,0000,Total Nacional,Ecuador,Seguridad interna,Seguridad ciudadana,Denuncias de violaciones,Total,Total,5,No Aplica,"Es el acceso carnal, con introducción total o parcial del miembro viril, por vía oral, anal o vaginal; o la introducción, por vía vaginal o anal, de objetos, dedos u órganos distintos al miembro viril, a una persona de cualquier sexo.",2020,7,Fiscalía General del Estado - INEC,Denuncias,Paz,ODS 16
4006,20,Galápagos,0000,Total Nacional,Ecuador,Seguridad interna,Seguridad ciudadana,Denuncias de violaciones,Total,Total,0,No Aplica,"Es el acceso carnal, con introducción total o parcial del miembro viril, por vía oral, anal o vaginal; o la introducción, por vía vaginal o anal, de objetos, dedos u órganos distintos al miembro viril, a una persona de cualquier sexo.",2020,7,Fiscalía General del Estado - INEC,Denuncias,Paz,ODS 16
4006,21,Sucumbios,0000,Total Nacional,Ecuador,Seguridad interna,Seguridad ciudadana,Denuncias de violaciones,Total,Total,13,No Aplica,"Es el acceso carnal, con introducción total o parcial del miembro viril, por vía oral, anal o vaginal; o la introducción, por vía vaginal o anal, de objetos, dedos u órganos distintos al miembro viril, a una persona de cualquier sexo.",2020,7,Fiscalía General del Estado - INEC,Denuncias,Paz,ODS 16
4006,22,Orellana,0000,Total Nacional,Ecuador,Seguridad interna,Seguridad ciudadana,Denuncias de violaciones,Total,Total,4,No Aplica,"Es el acceso carnal, con introducción total o parcial del miembro viril, por vía oral, anal o vaginal; o la introducción, por vía vaginal o anal, de objetos, dedos u órganos distintos al miembro viril, a una persona de cualquier sexo.",2020,7,Fiscalía General del Estado - INEC,Denuncias,Paz,ODS 16
4006,23,Santo Domingo de los Tsáchilas,0000,Total Nacional,Ecuador,Seguridad interna,Seguridad ciudadana,Denuncias de violaciones,Total,Total,11,No Aplica,"Es el acceso carnal, con introducción total o parcial del miembro viril, por vía oral, anal o vaginal; o la introducción, por vía vaginal o anal, de objetos, dedos u órganos distintos al miembro viril, a una persona de cualquier sexo.",2020,7,Fiscalía General del Estado - INEC,Denuncias,Paz,ODS 16
4006,24,Santa Elena,0000,Total Nacional,Ecuador,Seguridad interna,Seguridad ciudadana,Denuncias de violaciones,Total,Total,4,No Aplica,"Es el acceso carnal, con introducción total o parcial del miembro viril, por vía oral, anal o vaginal; o la introducción, por vía vaginal o anal, de objetos, dedos u órganos distintos al miembro viril, a una persona de cualquier sexo.",2020,7,Fiscalía General del Estado - INEC,Denuncias,Paz,ODS 16
4006,00,Total Nacional,0000,Total Nacional,Ecuador,Seguridad interna,Seguridad ciudadana,Denuncias de violaciones,Total,Total,380,No Aplica,"Es el acceso carnal, con introducción total o parcial del miembro viril, por vía oral, anal o vaginal; o la introducción, por vía vaginal o anal, de objetos, dedos u órganos distintos al miembro viril, a una persona de cualquier sexo.",2020,6,Fiscalía General del Estado - INEC,Denuncias,Paz,ODS 16
4006,01,Azuay,0000,Total Nacional,Ecuador,Seguridad interna,Seguridad ciudadana,Denuncias de violaciones,Total,Total,17,No Aplica,"Es el acceso carnal, con introducción total o parcial del miembro viril, por vía oral, anal o vaginal; o la introducción, por vía vaginal o anal, de objetos, dedos u órganos distintos al miembro viril, a una persona de cualquier sexo.",2020,6,Fiscalía General del Estado - INEC,Denuncias,Paz,ODS 16
4006,02,Bolívar,0000,Total Nacional,Ecuador,Seguridad interna,Seguridad ciudadana,Denuncias de violaciones,Total,Total,10,No Aplica,"Es el acceso carnal, con introducción total o parcial del miembro viril, por vía oral, anal o vaginal; o la introducción, por vía vaginal o anal, de objetos, dedos u órganos distintos al miembro viril, a una persona de cualquier sexo.",2020,6,Fiscalía General del Estado - INEC,Denuncias,Paz,ODS 16
4006,03,Cañar,0000,Total Nacional,Ecuador,Seguridad interna,Seguridad ciudadana,Denuncias de violaciones,Total,Total,9,No Aplica,"Es el acceso carnal, con introducción total o parcial del miembro viril, por vía oral, anal o vaginal; o la introducción, por vía vaginal o anal, de objetos, dedos u órganos distintos al miembro viril, a una persona de cualquier sexo.",2020,6,Fiscalía General del Estado - INEC,Denuncias,Paz,ODS 16
4006,04,Carchi,0000,Total Nacional,Ecuador,Seguridad interna,Seguridad ciudadana,Denuncias de violaciones,Total,Total,4,No Aplica,"Es el acceso carnal, con introducción total o parcial del miembro viril, por vía oral, anal o vaginal; o la introducción, por vía vaginal o anal, de objetos, dedos u órganos distintos al miembro viril, a una persona de cualquier sexo.",2020,6,Fiscalía General del Estado - INEC,Denuncias,Paz,ODS 16
4006,05,Cotopaxi,0000,Total Nacional,Ecuador,Seguridad interna,Seguridad ciudadana,Denuncias de violaciones,Total,Total,7,No Aplica,"Es el acceso carnal, con introducción total o parcial del miembro viril, por vía oral, anal o vaginal; o la introducción, por vía vaginal o anal, de objetos, dedos u órganos distintos al miembro viril, a una persona de cualquier sexo.",2020,6,Fiscalía General del Estado - INEC,Denuncias,Paz,ODS 16
4006,06,Chimborazo,0000,Total Nacional,Ecuador,Seguridad interna,Seguridad ciudadana,Denuncias de violaciones,Total,Total,20,No Aplica,"Es el acceso carnal, con introducción total o parcial del miembro viril, por vía oral, anal o vaginal; o la introducción, por vía vaginal o anal, de objetos, dedos u órganos distintos al miembro viril, a una persona de cualquier sexo.",2020,6,Fiscalía General del Estado - INEC,Denuncias,Paz,ODS 16
4006,07,El Oro,0000,Total Nacional,Ecuador,Seguridad interna,Seguridad ciudadana,Denuncias de violaciones,Total,Total,18,No Aplica,"Es el acceso carnal, con introducción total o parcial del miembro viril, por vía oral, anal o vaginal; o la introducción, por vía vaginal o anal, de objetos, dedos u órganos distintos al miembro viril, a una persona de cualquier sexo.",2020,6,Fiscalía General del Estado - INEC,Denuncias,Paz,ODS 16
4006,08,Esmeraldas,0000,Total Nacional,Ecuador,Seguridad interna,Seguridad ciudadana,Denuncias de violaciones,Total,Total,13,No Aplica,"Es el acceso carnal, con introducción total o parcial del miembro viril, por vía oral, anal o vaginal; o la introducción, por vía vaginal o anal, de objetos, dedos u órganos distintos al miembro viril, a una persona de cualquier sexo.",2020,6,Fiscalía General del Estado - INEC,Denuncias,Paz,ODS 16
4006,09,Guayas,0000,Total Nacional,Ecuador,Seguridad interna,Seguridad ciudadana,Denuncias de violaciones,Total,Total,81,No Aplica,"Es el acceso carnal, con introducción total o parcial del miembro viril, por vía oral, anal o vaginal; o la introducción, por vía vaginal o anal, de objetos, dedos u órganos distintos al miembro viril, a una persona de cualquier sexo.",2020,6,Fiscalía General del Estado - INEC,Denuncias,Paz,ODS 16
4006,10,Imbabura,0000,Total Nacional,Ecuador,Seguridad interna,Seguridad ciudadana,Denuncias de violaciones,Total,Total,9,No Aplica,"Es el acceso carnal, con introducción total o parcial del miembro viril, por vía oral, anal o vaginal; o la introducción, por vía vaginal o anal, de objetos, dedos u órganos distintos al miembro viril, a una persona de cualquier sexo.",2020,6,Fiscalía General del Estado - INEC,Denuncias,Paz,ODS 16
4006,11,Loja,0000,Total Nacional,Ecuador,Seguridad interna,Seguridad ciudadana,Denuncias de violaciones,Total,Total,6,No Aplica,"Es el acceso carnal, con introducción total o parcial del miembro viril, por vía oral, anal o vaginal; o la introducción, por vía vaginal o anal, de objetos, dedos u órganos distintos al miembro viril, a una persona de cualquier sexo.",2020,6,Fiscalía General del Estado - INEC,Denuncias,Paz,ODS 16
4006,12,Los Ríos,0000,Total Nacional,Ecuador,Seguridad interna,Seguridad ciudadana,Denuncias de violaciones,Total,Total,17,No Aplica,"Es el acceso carnal, con introducción total o parcial del miembro viril, por vía oral, anal o vaginal; o la introducción, por vía vaginal o anal, de objetos, dedos u órganos distintos al miembro viril, a una persona de cualquier sexo.",2020,6,Fiscalía General del Estado - INEC,Denuncias,Paz,ODS 16
4006,13,Manabí,0000,Total Nacional,Ecuador,Seguridad interna,Seguridad ciudadana,Denuncias de violaciones,Total,Total,16,No Aplica,"Es el acceso carnal, con introducción total o parcial del miembro viril, por vía oral, anal o vaginal; o la introducción, por vía vaginal o anal, de objetos, dedos u órganos distintos al miembro viril, a una persona de cualquier sexo.",2020,6,Fiscalía General del Estado - INEC,Denuncias,Paz,ODS 16
4006,14,Morona Santiago,0000,Total Nacional,Ecuador,Seguridad interna,Seguridad ciudadana,Denuncias de violaciones,Total,Total,27,No Aplica,"Es el acceso carnal, con introducción total o parcial del miembro viril, por vía oral, anal o vaginal; o la introducción, por vía vaginal o anal, de objetos, dedos u órganos distintos al miembro viril, a una persona de cualquier sexo.",2020,6,Fiscalía General del Estado - INEC,Denuncias,Paz,ODS 16
4006,15,Napo,0000,Total Nacional,Ecuador,Seguridad interna,Seguridad ciudadana,Denuncias de violaciones,Total,Total,5,No Aplica,"Es el acceso carnal, con introducción total o parcial del miembro viril, por vía oral, anal o vaginal; o la introducción, por vía vaginal o anal, de objetos, dedos u órganos distintos al miembro viril, a una persona de cualquier sexo.",2020,6,Fiscalía General del Estado - INEC,Denuncias,Paz,ODS 16
4006,16,Pastaza,0000,Total Nacional,Ecuador,Seguridad interna,Seguridad ciudadana,Denuncias de violaciones,Total,Total,7,No Aplica,"Es el acceso carnal, con introducción total o parcial del miembro viril, por vía oral, anal o vaginal; o la introducción, por vía vaginal o anal, de objetos, dedos u órganos distintos al miembro viril, a una persona de cualquier sexo.",2020,6,Fiscalía General del Estado - INEC,Denuncias,Paz,ODS 16
4006,17,Pichincha,0000,Total Nacional,Ecuador,Seguridad interna,Seguridad ciudadana,Denuncias de violaciones,Total,Total,62,No Aplica,"Es el acceso carnal, con introducción total o parcial del miembro viril, por vía oral, anal o vaginal; o la introducción, por vía vaginal o anal, de objetos, dedos u órganos distintos al miembro viril, a una persona de cualquier sexo.",2020,6,Fiscalía General del Estado - INEC,Denuncias,Paz,ODS 16
4006,18,Tungurahua,0000,Total Nacional,Ecuador,Seguridad interna,Seguridad ciudadana,Denuncias de violaciones,Total,Total,9,No Aplica,"Es el acceso carnal, con introducción total o parcial del miembro viril, por vía oral, anal o vaginal; o la introducción, por vía vaginal o anal, de objetos, dedos u órganos distintos al miembro viril, a una persona de cualquier sexo.",2020,6,Fiscalía General del Estado - INEC,Denuncias,Paz,ODS 16
4006,19,Zamora Chinchipe,0000,Total Nacional,Ecuador,Seguridad interna,Seguridad ciudadana,Denuncias de violaciones,Total,Total,2,No Aplica,"Es el acceso carnal, con introducción total o parcial del miembro viril, por vía oral, anal o vaginal; o la introducción, por vía vaginal o anal, de objetos, dedos u órganos distintos al miembro viril, a una persona de cualquier sexo.",2020,6,Fiscalía General del Estado - INEC,Denuncias,Paz,ODS 16
4006,20,Galápagos,0000,Total Nacional,Ecuador,Seguridad interna,Seguridad ciudadana,Denuncias de violaciones,Total,Total,2,No Aplica,"Es el acceso carnal, con introducción total o parcial del miembro viril, por vía oral, anal o vaginal; o la introducción, por vía vaginal o anal, de objetos, dedos u órganos distintos al miembro viril, a una persona de cualquier sexo.",2020,6,Fiscalía General del Estado - INEC,Denuncias,Paz,ODS 16
4006,21,Sucumbios,0000,Total Nacional,Ecuador,Seguridad interna,Seguridad ciudadana,Denuncias de violaciones,Total,Total,12,No Aplica,"Es el acceso carnal, con introducción total o parcial del miembro viril, por vía oral, anal o vaginal; o la introducción, por vía vaginal o anal, de objetos, dedos u órganos distintos al miembro viril, a una persona de cualquier sexo.",2020,6,Fiscalía General del Estado - INEC,Denuncias,Paz,ODS 16
4006,22,Orellana,0000,Total Nacional,Ecuador,Seguridad interna,Seguridad ciudadana,Denuncias de violaciones,Total,Total,11,No Aplica,"Es el acceso carnal, con introducción total o parcial del miembro viril, por vía oral, anal o vaginal; o la introducción, por vía vaginal o anal, de objetos, dedos u órganos distintos al miembro viril, a una persona de cualquier sexo.",2020,6,Fiscalía General del Estado - INEC,Denuncias,Paz,ODS 16
4006,23,Santo Domingo de los Tsáchilas,0000,Total Nacional,Ecuador,Seguridad interna,Seguridad ciudadana,Denuncias de violaciones,Total,Total,12,No Aplica,"Es el acceso carnal, con introducción total o parcial del miembro viril, por vía oral, anal o vaginal; o la introducción, por vía vaginal o anal, de objetos, dedos u órganos distintos al miembro viril, a una persona de cualquier sexo.",2020,6,Fiscalía General del Estado - INEC,Denuncias,Paz,ODS 16
4006,24,Santa Elena,0000,Total Nacional,Ecuador,Seguridad interna,Seguridad ciudadana,Denuncias de violaciones,Total,Total,4,No Aplica,"Es el acceso carnal, con introducción total o parcial del miembro viril, por vía oral, anal o vaginal; o la introducción, por vía vaginal o anal, de objetos, dedos u órganos distintos al miembro viril, a una persona de cualquier sexo.",2020,6,Fiscalía General del Estado - INEC,Denuncias,Paz,ODS 16
4006,00,Total Nacional,0000,Total Nacional,Ecuador,Seguridad interna,Seguridad ciudadana,Denuncias de violaciones,Total,Total,299,No Aplica,"Es el acceso carnal, con introducción total o parcial del miembro viril, por vía oral, anal o vaginal; o la introducción, por vía vaginal o anal, de objetos, dedos u órganos distintos al miembro viril, a una persona de cualquier sexo.",2020,5,Fiscalía General del Estado - INEC,Denuncias,Paz,ODS 16
4006,01,Azuay,0000,Total Nacional,Ecuador,Seguridad interna,Seguridad ciudadana,Denuncias de violaciones,Total,Total,15,No Aplica,"Es el acceso carnal, con introducción total o parcial del miembro viril, por vía oral, anal o vaginal; o la introducción, por vía vaginal o anal, de objetos, dedos u órganos distintos al miembro viril, a una persona de cualquier sexo.",2020,5,Fiscalía General del Estado - INEC,Denuncias,Paz,ODS 16
4006,02,Bolívar,0000,Total Nacional,Ecuador,Seguridad interna,Seguridad ciudadana,Denuncias de violaciones,Total,Total,6,No Aplica,"Es el acceso carnal, con introducción total o parcial del miembro viril, por vía oral, anal o vaginal; o la introducción, por vía vaginal o anal, de objetos, dedos u órganos distintos al miembro viril, a una persona de cualquier sexo.",2020,5,Fiscalía General del Estado - INEC,Denuncias,Paz,ODS 16
4006,03,Cañar,0000,Total Nacional,Ecuador,Seguridad interna,Seguridad ciudadana,Denuncias de violaciones,Total,Total,4,No Aplica,"Es el acceso carnal, con introducción total o parcial del miembro viril, por vía oral, anal o vaginal; o la introducción, por vía vaginal o anal, de objetos, dedos u órganos distintos al miembro viril, a una persona de cualquier sexo.",2020,5,Fiscalía General del Estado - INEC,Denuncias,Paz,ODS 16
4006,04,Carchi,0000,Total Nacional,Ecuador,Seguridad interna,Seguridad ciudadana,Denuncias de violaciones,Total,Total,0,No Aplica,"Es el acceso carnal, con introducción total o parcial del miembro viril, por vía oral, anal o vaginal; o la introducción, por vía vaginal o anal, de objetos, dedos u órganos distintos al miembro viril, a una persona de cualquier sexo.",2020,5,Fiscalía General del Estado - INEC,Denuncias,Paz,ODS 16
4006,05,Cotopaxi,0000,Total Nacional,Ecuador,Seguridad interna,Seguridad ciudadana,Denuncias de violaciones,Total,Total,6,No Aplica,"Es el acceso carnal, con introducción total o parcial del miembro viril, por vía oral, anal o vaginal; o la introducción, por vía vaginal o anal, de objetos, dedos u órganos distintos al miembro viril, a una persona de cualquier sexo.",2020,5,Fiscalía General del Estado - INEC,Denuncias,Paz,ODS 16
4006,06,Chimborazo,0000,Total Nacional,Ecuador,Seguridad interna,Seguridad ciudadana,Denuncias de violaciones,Total,Total,8,No Aplica,"Es el acceso carnal, con introducción total o parcial del miembro viril, por vía oral, anal o vaginal; o la introducción, por vía vaginal o anal, de objetos, dedos u órganos distintos al miembro viril, a una persona de cualquier sexo.",2020,5,Fiscalía General del Estado - INEC,Denuncias,Paz,ODS 16
4006,07,El Oro,0000,Total Nacional,Ecuador,Seguridad interna,Seguridad ciudadana,Denuncias de violaciones,Total,Total,11,No Aplica,"Es el acceso carnal, con introducción total o parcial del miembro viril, por vía oral, anal o vaginal; o la introducción, por vía vaginal o anal, de objetos, dedos u órganos distintos al miembro viril, a una persona de cualquier sexo.",2020,5,Fiscalía General del Estado - INEC,Denuncias,Paz,ODS 16
4006,08,Esmeraldas,0000,Total Nacional,Ecuador,Seguridad interna,Seguridad ciudadana,Denuncias de violaciones,Total,Total,25,No Aplica,"Es el acceso carnal, con introducción total o parcial del miembro viril, por vía oral, anal o vaginal; o la introducción, por vía vaginal o anal, de objetos, dedos u órganos distintos al miembro viril, a una persona de cualquier sexo.",2020,5,Fiscalía General del Estado - INEC,Denuncias,Paz,ODS 16
4006,09,Guayas,0000,Total Nacional,Ecuador,Seguridad interna,Seguridad ciudadana,Denuncias de violaciones,Total,Total,61,No Aplica,"Es el acceso carnal, con introducción total o parcial del miembro viril, por vía oral, anal o vaginal; o la introducción, por vía vaginal o anal, de objetos, dedos u órganos distintos al miembro viril, a una persona de cualquier sexo.",2020,5,Fiscalía General del Estado - INEC,Denuncias,Paz,ODS 16
4006,10,Imbabura,0000,Total Nacional,Ecuador,Seguridad interna,Seguridad ciudadana,Denuncias de violaciones,Total,Total,10,No Aplica,"Es el acceso carnal, con introducción total o parcial del miembro viril, por vía oral, anal o vaginal; o la introducción, por vía vaginal o anal, de objetos, dedos u órganos distintos al miembro viril, a una persona de cualquier sexo.",2020,5,Fiscalía General del Estado - INEC,Denuncias,Paz,ODS 16
4006,11,Loja,0000,Total Nacional,Ecuador,Seguridad interna,Seguridad ciudadana,Denuncias de violaciones,Total,Total,13,No Aplica,"Es el acceso carnal, con introducción total o parcial del miembro viril, por vía oral, anal o vaginal; o la introducción, por vía vaginal o anal, de objetos, dedos u órganos distintos al miembro viril, a una persona de cualquier sexo.",2020,5,Fiscalía General del Estado - INEC,Denuncias,Paz,ODS 16
4006,12,Los Ríos,0000,Total Nacional,Ecuador,Seguridad interna,Seguridad ciudadana,Denuncias de violaciones,Total,Total,14,No Aplica,"Es el acceso carnal, con introducción total o parcial del miembro viril, por vía oral, anal o vaginal; o la introducción, por vía vaginal o anal, de objetos, dedos u órganos distintos al miembro viril, a una persona de cualquier sexo.",2020,5,Fiscalía General del Estado - INEC,Denuncias,Paz,ODS 16
4006,13,Manabí,0000,Total Nacional,Ecuador,Seguridad interna,Seguridad ciudadana,Denuncias de violaciones,Total,Total,18,No Aplica,"Es el acceso carnal, con introducción total o parcial del miembro viril, por vía oral, anal o vaginal; o la introducción, por vía vaginal o anal, de objetos, dedos u órganos distintos al miembro viril, a una persona de cualquier sexo.",2020,5,Fiscalía General del Estado - INEC,Denuncias,Paz,ODS 16
4006,14,Morona Santiago,0000,Total Nacional,Ecuador,Seguridad interna,Seguridad ciudadana,Denuncias de violaciones,Total,Total,11,No Aplica,"Es el acceso carnal, con introducción total o parcial del miembro viril, por vía oral, anal o vaginal; o la introducción, por vía vaginal o anal, de objetos, dedos u órganos distintos al miembro viril, a una persona de cualquier sexo.",2020,5,Fiscalía General del Estado - INEC,Denuncias,Paz,ODS 16
4006,15,Napo,0000,Total Nacional,Ecuador,Seguridad interna,Seguridad ciudadana,Denuncias de violaciones,Total,Total,6,No Aplica,"Es el acceso carnal, con introducción total o parcial del miembro viril, por vía oral, anal o vaginal; o la introducción, por vía vaginal o anal, de objetos, dedos u órganos distintos al miembro viril, a una persona de cualquier sexo.",2020,5,Fiscalía General del Estado - INEC,Denuncias,Paz,ODS 16
4006,16,Pastaza,0000,Total Nacional,Ecuador,Seguridad interna,Seguridad ciudadana,Denuncias de violaciones,Total,Total,5,No Aplica,"Es el acceso carnal, con introducción total o parcial del miembro viril, por vía oral, anal o vaginal; o la introducción, por vía vaginal o anal, de objetos, dedos u órganos distintos al miembro viril, a una persona de cualquier sexo.",2020,5,Fiscalía General del Estado - INEC,Denuncias,Paz,ODS 16
4006,17,Pichincha,0000,Total Nacional,Ecuador,Seguridad interna,Seguridad ciudadana,Denuncias de violaciones,Total,Total,47,No Aplica,"Es el acceso carnal, con introducción total o parcial del miembro viril, por vía oral, anal o vaginal; o la introducción, por vía vaginal o anal, de objetos, dedos u órganos distintos al miembro viril, a una persona de cualquier sexo.",2020,5,Fiscalía General del Estado - INEC,Denuncias,Paz,ODS 16
4006,18,Tungurahua,0000,Total Nacional,Ecuador,Seguridad interna,Seguridad ciudadana,Denuncias de violaciones,Total,Total,11,No Aplica,"Es el acceso carnal, con introducción total o parcial del miembro viril, por vía oral, anal o vaginal; o la introducción, por vía vaginal o anal, de objetos, dedos u órganos distintos al miembro viril, a una persona de cualquier sexo.",2020,5,Fiscalía General del Estado - INEC,Denuncias,Paz,ODS 16
4006,19,Zamora Chinchipe,0000,Total Nacional,Ecuador,Seguridad interna,Seguridad ciudadana,Denuncias de violaciones,Total,Total,9,No Aplica,"Es el acceso carnal, con introducción total o parcial del miembro viril, por vía oral, anal o vaginal; o la introducción, por vía vaginal o anal, de objetos, dedos u órganos distintos al miembro viril, a una persona de cualquier sexo.",2020,5,Fiscalía General del Estado - INEC,Denuncias,Paz,ODS 16
4006,20,Galápagos,0000,Total Nacional,Ecuador,Seguridad interna,Seguridad ciudadana,Denuncias de violaciones,Total,Total,0,No Aplica,"Es el acceso carnal, con introducción total o parcial del miembro viril, por vía oral, anal o vaginal; o la introducción, por vía vaginal o anal, de objetos, dedos u órganos distintos al miembro viril, a una persona de cualquier sexo.",2020,5,Fiscalía General del Estado - INEC,Denuncias,Paz,ODS 16
4006,21,Sucumbios,0000,Total Nacional,Ecuador,Seguridad interna,Seguridad ciudadana,Denuncias de violaciones,Total,Total,5,No Aplica,"Es el acceso carnal, con introducción total o parcial del miembro viril, por vía oral, anal o vaginal; o la introducción, por vía vaginal o anal, de objetos, dedos u órganos distintos al miembro viril, a una persona de cualquier sexo.",2020,5,Fiscalía General del Estado - INEC,Denuncias,Paz,ODS 16
4006,22,Orellana,0000,Total Nacional,Ecuador,Seguridad interna,Seguridad ciudadana,Denuncias de violaciones,Total,Total,3,No Aplica,"Es el acceso carnal, con introducción total o parcial del miembro viril, por vía oral, anal o vaginal; o la introducción, por vía vaginal o anal, de objetos, dedos u órganos distintos al miembro viril, a una persona de cualquier sexo.",2020,5,Fiscalía General del Estado - INEC,Denuncias,Paz,ODS 16
4006,23,Santo Domingo de los Tsáchilas,0000,Total Nacional,Ecuador,Seguridad interna,Seguridad ciudadana,Denuncias de violaciones,Total,Total,9,No Aplica,"Es el acceso carnal, con introducción total o parcial del miembro viril, por vía oral, anal o vaginal; o la introducción, por vía vaginal o anal, de objetos, dedos u órganos distintos al miembro viril, a una persona de cualquier sexo.",2020,5,Fiscalía General del Estado - INEC,Denuncias,Paz,ODS 16
4006,24,Santa Elena,0000,Total Nacional,Ecuador,Seguridad interna,Seguridad ciudadana,Denuncias de violaciones,Total,Total,2,No Aplica,"Es el acceso carnal, con introducción total o parcial del miembro viril, por vía oral, anal o vaginal; o la introducción, por vía vaginal o anal, de objetos, dedos u órganos distintos al miembro viril, a una persona de cualquier sexo.",2020,5,Fiscalía General del Estado - INEC,Denuncias,Paz,ODS 16
4006,00,Total Nacional,0000,Total Nacional,Ecuador,Seguridad interna,Seguridad ciudadana,Denuncias de violaciones,Total,Total,185,No Aplica,"Es el acceso carnal, con introducción total o parcial del miembro viril, por vía oral, anal o vaginal; o la introducción, por vía vaginal o anal, de objetos, dedos u órganos distintos al miembro viril, a una persona de cualquier sexo.",2020,4,Fiscalía General del Estado - INEC,Denuncias,Paz,ODS 16
4006,01,Azuay,0000,Total Nacional,Ecuador,Seguridad interna,Seguridad ciudadana,Denuncias de violaciones,Total,Total,7,No Aplica,"Es el acceso carnal, con introducción total o parcial del miembro viril, por vía oral, anal o vaginal; o la introducción, por vía vaginal o anal, de objetos, dedos u órganos distintos al miembro viril, a una persona de cualquier sexo.",2020,4,Fiscalía General del Estado - INEC,Denuncias,Paz,ODS 16
4006,02,Bolívar,0000,Total Nacional,Ecuador,Seguridad interna,Seguridad ciudadana,Denuncias de violaciones,Total,Total,3,No Aplica,"Es el acceso carnal, con introducción total o parcial del miembro viril, por vía oral, anal o vaginal; o la introducción, por vía vaginal o anal, de objetos, dedos u órganos distintos al miembro viril, a una persona de cualquier sexo.",2020,4,Fiscalía General del Estado - INEC,Denuncias,Paz,ODS 16
4006,03,Cañar,0000,Total Nacional,Ecuador,Seguridad interna,Seguridad ciudadana,Denuncias de violaciones,Total,Total,3,No Aplica,"Es el acceso carnal, con introducción total o parcial del miembro viril, por vía oral, anal o vaginal; o la introducción, por vía vaginal o anal, de objetos, dedos u órganos distintos al miembro viril, a una persona de cualquier sexo.",2020,4,Fiscalía General del Estado - INEC,Denuncias,Paz,ODS 16
4006,04,Carchi,0000,Total Nacional,Ecuador,Seguridad interna,Seguridad ciudadana,Denuncias de violaciones,Total,Total,2,No Aplica,"Es el acceso carnal, con introducción total o parcial del miembro viril, por vía oral, anal o vaginal; o la introducción, por vía vaginal o anal, de objetos, dedos u órganos distintos al miembro viril, a una persona de cualquier sexo.",2020,4,Fiscalía General del Estado - INEC,Denuncias,Paz,ODS 16
4006,05,Cotopaxi,0000,Total Nacional,Ecuador,Seguridad interna,Seguridad ciudadana,Denuncias de violaciones,Total,Total,4,No Aplica,"Es el acceso carnal, con introducción total o parcial del miembro viril, por vía oral, anal o vaginal; o la introducción, por vía vaginal o anal, de objetos, dedos u órganos distintos al miembro viril, a una persona de cualquier sexo.",2020,4,Fiscalía General del Estado - INEC,Denuncias,Paz,ODS 16
4006,06,Chimborazo,0000,Total Nacional,Ecuador,Seguridad interna,Seguridad ciudadana,Denuncias de violaciones,Total,Total,3,No Aplica,"Es el acceso carnal, con introducción total o parcial del miembro viril, por vía oral, anal o vaginal; o la introducción, por vía vaginal o anal, de objetos, dedos u órganos distintos al miembro viril, a una persona de cualquier sexo.",2020,4,Fiscalía General del Estado - INEC,Denuncias,Paz,ODS 16
4006,07,El Oro,0000,Total Nacional,Ecuador,Seguridad interna,Seguridad ciudadana,Denuncias de violaciones,Total,Total,10,No Aplica,"Es el acceso carnal, con introducción total o parcial del miembro viril, por vía oral, anal o vaginal; o la introducción, por vía vaginal o anal, de objetos, dedos u órganos distintos al miembro viril, a una persona de cualquier sexo.",2020,4,Fiscalía General del Estado - INEC,Denuncias,Paz,ODS 16
4006,08,Esmeraldas,0000,Total Nacional,Ecuador,Seguridad interna,Seguridad ciudadana,Denuncias de violaciones,Total,Total,11,No Aplica,"Es el acceso carnal, con introducción total o parcial del miembro viril, por vía oral, anal o vaginal; o la introducción, por vía vaginal o anal, de objetos, dedos u órganos distintos al miembro viril, a una persona de cualquier sexo.",2020,4,Fiscalía General del Estado - INEC,Denuncias,Paz,ODS 16
4006,09,Guayas,0000,Total Nacional,Ecuador,Seguridad interna,Seguridad ciudadana,Denuncias de violaciones,Total,Total,24,No Aplica,"Es el acceso carnal, con introducción total o parcial del miembro viril, por vía oral, anal o vaginal; o la introducción, por vía vaginal o anal, de objetos, dedos u órganos distintos al miembro viril, a una persona de cualquier sexo.",2020,4,Fiscalía General del Estado - INEC,Denuncias,Paz,ODS 16
4006,10,Imbabura,0000,Total Nacional,Ecuador,Seguridad interna,Seguridad ciudadana,Denuncias de violaciones,Total,Total,7,No Aplica,"Es el acceso carnal, con introducción total o parcial del miembro viril, por vía oral, anal o vaginal; o la introducción, por vía vaginal o anal, de objetos, dedos u órganos distintos al miembro viril, a una persona de cualquier sexo.",2020,4,Fiscalía General del Estado - INEC,Denuncias,Paz,ODS 16
4006,11,Loja,0000,Total Nacional,Ecuador,Seguridad interna,Seguridad ciudadana,Denuncias de violaciones,Total,Total,6,No Aplica,"Es el acceso carnal, con introducción total o parcial del miembro viril, por vía oral, anal o vaginal; o la introducción, por vía vaginal o anal, de objetos, dedos u órganos distintos al miembro viril, a una persona de cualquier sexo.",2020,4,Fiscalía General del Estado - INEC,Denuncias,Paz,ODS 16
4006,12,Los Ríos,0000,Total Nacional,Ecuador,Seguridad interna,Seguridad ciudadana,Denuncias de violaciones,Total,Total,11,No Aplica,"Es el acceso carnal, con introducción total o parcial del miembro viril, por vía oral, anal o vaginal; o la introducción, por vía vaginal o anal, de objetos, dedos u órganos distintos al miembro viril, a una persona de cualquier sexo.",2020,4,Fiscalía General del Estado - INEC,Denuncias,Paz,ODS 16
4006,13,Manabí,0000,Total Nacional,Ecuador,Seguridad interna,Seguridad ciudadana,Denuncias de violaciones,Total,Total,22,No Aplica,"Es el acceso carnal, con introducción total o parcial del miembro viril, por vía oral, anal o vaginal; o la introducción, por vía vaginal o anal, de objetos, dedos u órganos distintos al miembro viril, a una persona de cualquier sexo.",2020,4,Fiscalía General del Estado - INEC,Denuncias,Paz,ODS 16
4006,14,Morona Santiago,0000,Total Nacional,Ecuador,Seguridad interna,Seguridad ciudadana,Denuncias de violaciones,Total,Total,15,No Aplica,"Es el acceso carnal, con introducción total o parcial del miembro viril, por vía oral, anal o vaginal; o la introducción, por vía vaginal o anal, de objetos, dedos u órganos distintos al miembro viril, a una persona de cualquier sexo.",2020,4,Fiscalía General del Estado - INEC,Denuncias,Paz,ODS 16
4006,15,Napo,0000,Total Nacional,Ecuador,Seguridad interna,Seguridad ciudadana,Denuncias de violaciones,Total,Total,6,No Aplica,"Es el acceso carnal, con introducción total o parcial del miembro viril, por vía oral, anal o vaginal; o la introducción, por vía vaginal o anal, de objetos, dedos u órganos distintos al miembro viril, a una persona de cualquier sexo.",2020,4,Fiscalía General del Estado - INEC,Denuncias,Paz,ODS 16
4006,16,Pastaza,0000,Total Nacional,Ecuador,Seguridad interna,Seguridad ciudadana,Denuncias de violaciones,Total,Total,3,No Aplica,"Es el acceso carnal, con introducción total o parcial del miembro viril, por vía oral, anal o vaginal; o la introducción, por vía vaginal o anal, de objetos, dedos u órganos distintos al miembro viril, a una persona de cualquier sexo.",2020,4,Fiscalía General del Estado - INEC,Denuncias,Paz,ODS 16
4006,17,Pichincha,0000,Total Nacional,Ecuador,Seguridad interna,Seguridad ciudadana,Denuncias de violaciones,Total,Total,23,No Aplica,"Es el acceso carnal, con introducción total o parcial del miembro viril, por vía oral, anal o vaginal; o la introducción, por vía vaginal o anal, de objetos, dedos u órganos distintos al miembro viril, a una persona de cualquier sexo.",2020,4,Fiscalía General del Estado - INEC,Denuncias,Paz,ODS 16
4006,18,Tungurahua,0000,Total Nacional,Ecuador,Seguridad interna,Seguridad ciudadana,Denuncias de violaciones,Total,Total,4,No Aplica,"Es el acceso carnal, con introducción total o parcial del miembro viril, por vía oral, anal o vaginal; o la introducción, por vía vaginal o anal, de objetos, dedos u órganos distintos al miembro viril, a una persona de cualquier sexo.",2020,4,Fiscalía General del Estado - INEC,Denuncias,Paz,ODS 16
4006,19,Zamora Chinchipe,0000,Total Nacional,Ecuador,Seguridad interna,Seguridad ciudadana,Denuncias de violaciones,Total,Total,3,No Aplica,"Es el acceso carnal, con introducción total o parcial del miembro viril, por vía oral, anal o vaginal; o la introducción, por vía vaginal o anal, de objetos, dedos u órganos distintos al miembro viril, a una persona de cualquier sexo.",2020,4,Fiscalía General del Estado - INEC,Denuncias,Paz,ODS 16
4006,20,Galápagos,0000,Total Nacional,Ecuador,Seguridad interna,Seguridad ciudadana,Denuncias de violaciones,Total,Total,0,No Aplica,"Es el acceso carnal, con introducción total o parcial del miembro viril, por vía oral, anal o vaginal; o la introducción, por vía vaginal o anal, de objetos, dedos u órganos distintos al miembro viril, a una persona de cualquier sexo.",2020,4,Fiscalía General del Estado - INEC,Denuncias,Paz,ODS 16
4006,21,Sucumbios,0000,Total Nacional,Ecuador,Seguridad interna,Seguridad ciudadana,Denuncias de violaciones,Total,Total,8,No Aplica,"Es el acceso carnal, con introducción total o parcial del miembro viril, por vía oral, anal o vaginal; o la introducción, por vía vaginal o anal, de objetos, dedos u órganos distintos al miembro viril, a una persona de cualquier sexo.",2020,4,Fiscalía General del Estado - INEC,Denuncias,Paz,ODS 16
4006,22,Orellana,0000,Total Nacional,Ecuador,Seguridad interna,Seguridad ciudadana,Denuncias de violaciones,Total,Total,5,No Aplica,"Es el acceso carnal, con introducción total o parcial del miembro viril, por vía oral, anal o vaginal; o la introducción, por vía vaginal o anal, de objetos, dedos u órganos distintos al miembro viril, a una persona de cualquier sexo.",2020,4,Fiscalía General del Estado - INEC,Denuncias,Paz,ODS 16
4006,23,Santo Domingo de los Tsáchilas,0000,Total Nacional,Ecuador,Seguridad interna,Seguridad ciudadana,Denuncias de violaciones,Total,Total,5,No Aplica,"Es el acceso carnal, con introducción total o parcial del miembro viril, por vía oral, anal o vaginal; o la introducción, por vía vaginal o anal, de objetos, dedos u órganos distintos al miembro viril, a una persona de cualquier sexo.",2020,4,Fiscalía General del Estado - INEC,Denuncias,Paz,ODS 16
4006,24,Santa Elena,0000,Total Nacional,Ecuador,Seguridad interna,Seguridad ciudadana,Denuncias de violaciones,Total,Total,0,No Aplica,"Es el acceso carnal, con introducción total o parcial del miembro viril, por vía oral, anal o vaginal; o la introducción, por vía vaginal o anal, de objetos, dedos u órganos distintos al miembro viril, a una persona de cualquier sexo.",2020,4,Fiscalía General del Estado - INEC,Denuncias,Paz,ODS 16
4006,00,Total Nacional,0000,Total Nacional,Ecuador,Seguridad interna,Seguridad ciudadana,Denuncias de violaciones,Total,Total,309,No Aplica,"Es el acceso carnal, con introducción total o parcial del miembro viril, por vía oral, anal o vaginal; o la introducción, por vía vaginal o anal, de objetos, dedos u órganos distintos al miembro viril, a una persona de cualquier sexo.",2020,3,Fiscalía General del Estado - INEC,Denuncias,Paz,ODS 16
4006,01,Azuay,0000,Total Nacional,Ecuador,Seguridad interna,Seguridad ciudadana,Denuncias de violaciones,Total,Total,8,No Aplica,"Es el acceso carnal, con introducción total o parcial del miembro viril, por vía oral, anal o vaginal; o la introducción, por vía vaginal o anal, de objetos, dedos u órganos distintos al miembro viril, a una persona de cualquier sexo.",2020,3,Fiscalía General del Estado - INEC,Denuncias,Paz,ODS 16
4006,02,Bolívar,0000,Total Nacional,Ecuador,Seguridad interna,Seguridad ciudadana,Denuncias de violaciones,Total,Total,6,No Aplica,"Es el acceso carnal, con introducción total o parcial del miembro viril, por vía oral, anal o vaginal; o la introducción, por vía vaginal o anal, de objetos, dedos u órganos distintos al miembro viril, a una persona de cualquier sexo.",2020,3,Fiscalía General del Estado - INEC,Denuncias,Paz,ODS 16
4006,03,Cañar,0000,Total Nacional,Ecuador,Seguridad interna,Seguridad ciudadana,Denuncias de violaciones,Total,Total,3,No Aplica,"Es el acceso carnal, con introducción total o parcial del miembro viril, por vía oral, anal o vaginal; o la introducción, por vía vaginal o anal, de objetos, dedos u órganos distintos al miembro viril, a una persona de cualquier sexo.",2020,3,Fiscalía General del Estado - INEC,Denuncias,Paz,ODS 16
4006,04,Carchi,0000,Total Nacional,Ecuador,Seguridad interna,Seguridad ciudadana,Denuncias de violaciones,Total,Total,3,No Aplica,"Es el acceso carnal, con introducción total o parcial del miembro viril, por vía oral, anal o vaginal; o la introducción, por vía vaginal o anal, de objetos, dedos u órganos distintos al miembro viril, a una persona de cualquier sexo.",2020,3,Fiscalía General del Estado - INEC,Denuncias,Paz,ODS 16
4006,05,Cotopaxi,0000,Total Nacional,Ecuador,Seguridad interna,Seguridad ciudadana,Denuncias de violaciones,Total,Total,4,No Aplica,"Es el acceso carnal, con introducción total o parcial del miembro viril, por vía oral, anal o vaginal; o la introducción, por vía vaginal o anal, de objetos, dedos u órganos distintos al miembro viril, a una persona de cualquier sexo.",2020,3,Fiscalía General del Estado - INEC,Denuncias,Paz,ODS 16
4006,06,Chimborazo,0000,Total Nacional,Ecuador,Seguridad interna,Seguridad ciudadana,Denuncias de violaciones,Total,Total,7,No Aplica,"Es el acceso carnal, con introducción total o parcial del miembro viril, por vía oral, anal o vaginal; o la introducción, por vía vaginal o anal, de objetos, dedos u órganos distintos al miembro viril, a una persona de cualquier sexo.",2020,3,Fiscalía General del Estado - INEC,Denuncias,Paz,ODS 16
4006,07,El Oro,0000,Total Nacional,Ecuador,Seguridad interna,Seguridad ciudadana,Denuncias de violaciones,Total,Total,18,No Aplica,"Es el acceso carnal, con introducción total o parcial del miembro viril, por vía oral, anal o vaginal; o la introducción, por vía vaginal o anal, de objetos, dedos u órganos distintos al miembro viril, a una persona de cualquier sexo.",2020,3,Fiscalía General del Estado - INEC,Denuncias,Paz,ODS 16
4006,08,Esmeraldas,0000,Total Nacional,Ecuador,Seguridad interna,Seguridad ciudadana,Denuncias de violaciones,Total,Total,17,No Aplica,"Es el acceso carnal, con introducción total o parcial del miembro viril, por vía oral, anal o vaginal; o la introducción, por vía vaginal o anal, de objetos, dedos u órganos distintos al miembro viril, a una persona de cualquier sexo.",2020,3,Fiscalía General del Estado - INEC,Denuncias,Paz,ODS 16
4006,09,Guayas,0000,Total Nacional,Ecuador,Seguridad interna,Seguridad ciudadana,Denuncias de violaciones,Total,Total,43,No Aplica,"Es el acceso carnal, con introducción total o parcial del miembro viril, por vía oral, anal o vaginal; o la introducción, por vía vaginal o anal, de objetos, dedos u órganos distintos al miembro viril, a una persona de cualquier sexo.",2020,3,Fiscalía General del Estado - INEC,Denuncias,Paz,ODS 16
4006,10,Imbabura,0000,Total Nacional,Ecuador,Seguridad interna,Seguridad ciudadana,Denuncias de violaciones,Total,Total,11,No Aplica,"Es el acceso carnal, con introducción total o parcial del miembro viril, por vía oral, anal o vaginal; o la introducción, por vía vaginal o anal, de objetos, dedos u órganos distintos al miembro viril, a una persona de cualquier sexo.",2020,3,Fiscalía General del Estado - INEC,Denuncias,Paz,ODS 16
4006,11,Loja,0000,Total Nacional,Ecuador,Seguridad interna,Seguridad ciudadana,Denuncias de violaciones,Total,Total,8,No Aplica,"Es el acceso carnal, con introducción total o parcial del miembro viril, por vía oral, anal o vaginal; o la introducción, por vía vaginal o anal, de objetos, dedos u órganos distintos al miembro viril, a una persona de cualquier sexo.",2020,3,Fiscalía General del Estado - INEC,Denuncias,Paz,ODS 16
4006,12,Los Ríos,0000,Total Nacional,Ecuador,Seguridad interna,Seguridad ciudadana,Denuncias de violaciones,Total,Total,15,No Aplica,"Es el acceso carnal, con introducción total o parcial del miembro viril, por vía oral, anal o vaginal; o la introducción, por vía vaginal o anal, de objetos, dedos u órganos distintos al miembro viril, a una persona de cualquier sexo.",2020,3,Fiscalía General del Estado - INEC,Denuncias,Paz,ODS 16
4006,13,Manabí,0000,Total Nacional,Ecuador,Seguridad interna,Seguridad ciudadana,Denuncias de violaciones,Total,Total,26,No Aplica,"Es el acceso carnal, con introducción total o parcial del miembro viril, por vía oral, anal o vaginal; o la introducción, por vía vaginal o anal, de objetos, dedos u órganos distintos al miembro viril, a una persona de cualquier sexo.",2020,3,Fiscalía General del Estado - INEC,Denuncias,Paz,ODS 16
4006,14,Morona Santiago,0000,Total Nacional,Ecuador,Seguridad interna,Seguridad ciudadana,Denuncias de violaciones,Total,Total,13,No Aplica,"Es el acceso carnal, con introducción total o parcial del miembro viril, por vía oral, anal o vaginal; o la introducción, por vía vaginal o anal, de objetos, dedos u órganos distintos al miembro viril, a una persona de cualquier sexo.",2020,3,Fiscalía General del Estado - INEC,Denuncias,Paz,ODS 16
4006,15,Napo,0000,Total Nacional,Ecuador,Seguridad interna,Seguridad ciudadana,Denuncias de violaciones,Total,Total,12,No Aplica,"Es el acceso carnal, con introducción total o parcial del miembro viril, por vía oral, anal o vaginal; o la introducción, por vía vaginal o anal, de objetos, dedos u órganos distintos al miembro viril, a una persona de cualquier sexo.",2020,3,Fiscalía General del Estado - INEC,Denuncias,Paz,ODS 16
4006,16,Pastaza,0000,Total Nacional,Ecuador,Seguridad interna,Seguridad ciudadana,Denuncias de violaciones,Total,Total,3,No Aplica,"Es el acceso carnal, con introducción total o parcial del miembro viril, por vía oral, anal o vaginal; o la introducción, por vía vaginal o anal, de objetos, dedos u órganos distintos al miembro viril, a una persona de cualquier sexo.",2020,3,Fiscalía General del Estado - INEC,Denuncias,Paz,ODS 16
4006,17,Pichincha,0000,Total Nacional,Ecuador,Seguridad interna,Seguridad ciudadana,Denuncias de violaciones,Total,Total,60,No Aplica,"Es el acceso carnal, con introducción total o parcial del miembro viril, por vía oral, anal o vaginal; o la introducción, por vía vaginal o anal, de objetos, dedos u órganos distintos al miembro viril, a una persona de cualquier sexo.",2020,3,Fiscalía General del Estado - INEC,Denuncias,Paz,ODS 16
4006,18,Tungurahua,0000,Total Nacional,Ecuador,Seguridad interna,Seguridad ciudadana,Denuncias de violaciones,Total,Total,10,No Aplica,"Es el acceso carnal, con introducción total o parcial del miembro viril, por vía oral, anal o vaginal; o la introducción, por vía vaginal o anal, de objetos, dedos u órganos distintos al miembro viril, a una persona de cualquier sexo.",2020,3,Fiscalía General del Estado - INEC,Denuncias,Paz,ODS 16
4006,19,Zamora Chinchipe,0000,Total Nacional,Ecuador,Seguridad interna,Seguridad ciudadana,Denuncias de violaciones,Total,Total,7,No Aplica,"Es el acceso carnal, con introducción total o parcial del miembro viril, por vía oral, anal o vaginal; o la introducción, por vía vaginal o anal, de objetos, dedos u órganos distintos al miembro viril, a una persona de cualquier sexo.",2020,3,Fiscalía General del Estado - INEC,Denuncias,Paz,ODS 16
4006,20,Galápagos,0000,Total Nacional,Ecuador,Seguridad interna,Seguridad ciudadana,Denuncias de violaciones,Total,Total,2,No Aplica,"Es el acceso carnal, con introducción total o parcial del miembro viril, por vía oral, anal o vaginal; o la introducción, por vía vaginal o anal, de objetos, dedos u órganos distintos al miembro viril, a una persona de cualquier sexo.",2020,3,Fiscalía General del Estado - INEC,Denuncias,Paz,ODS 16
4006,21,Sucumbios,0000,Total Nacional,Ecuador,Seguridad interna,Seguridad ciudadana,Denuncias de violaciones,Total,Total,12,No Aplica,"Es el acceso carnal, con introducción total o parcial del miembro viril, por vía oral, anal o vaginal; o la introducción, por vía vaginal o anal, de objetos, dedos u órganos distintos al miembro viril, a una persona de cualquier sexo.",2020,3,Fiscalía General del Estado - INEC,Denuncias,Paz,ODS 16
4006,22,Orellana,0000,Total Nacional,Ecuador,Seguridad interna,Seguridad ciudadana,Denuncias de violaciones,Total,Total,11,No Aplica,"Es el acceso carnal, con introducción total o parcial del miembro viril, por vía oral, anal o vaginal; o la introducción, por vía vaginal o anal, de objetos, dedos u órganos distintos al miembro viril, a una persona de cualquier sexo.",2020,3,Fiscalía General del Estado - INEC,Denuncias,Paz,ODS 16
4006,23,Santo Domingo de los Tsáchilas,0000,Total Nacional,Ecuador,Seguridad interna,Seguridad ciudadana,Denuncias de violaciones,Total,Total,9,No Aplica,"Es el acceso carnal, con introducción total o parcial del miembro viril, por vía oral, anal o vaginal; o la introducción, por vía vaginal o anal, de objetos, dedos u órganos distintos al miembro viril, a una persona de cualquier sexo.",2020,3,Fiscalía General del Estado - INEC,Denuncias,Paz,ODS 16
4006,24,Santa Elena,0000,Total Nacional,Ecuador,Seguridad interna,Seguridad ciudadana,Denuncias de violaciones,Total,Total,1,No Aplica,"Es el acceso carnal, con introducción total o parcial del miembro viril, por vía oral, anal o vaginal; o la introducción, por vía vaginal o anal, de objetos, dedos u órganos distintos al miembro viril, a una persona de cualquier sexo.",2020,3,Fiscalía General del Estado - INEC,Denuncias,Paz,ODS 16
4006,00,Total Nacional,0000,Total Nacional,Ecuador,Seguridad interna,Seguridad ciudadana,Denuncias de violaciones,Total,Total,435,No Aplica,"Es el acceso carnal, con introducción total o parcial del miembro viril, por vía oral, anal o vaginal; o la introducción, por vía vaginal o anal, de objetos, dedos u órganos distintos al miembro viril, a una persona de cualquier sexo.",2020,2,Fiscalía General del Estado - INEC,Denuncias,Paz,ODS 16
4006,01,Azuay,0000,Total Nacional,Ecuador,Seguridad interna,Seguridad ciudadana,Denuncias de violaciones,Total,Total,24,No Aplica,"Es el acceso carnal, con introducción total o parcial del miembro viril, por vía oral, anal o vaginal; o la introducción, por vía vaginal o anal, de objetos, dedos u órganos distintos al miembro viril, a una persona de cualquier sexo.",2020,2,Fiscalía General del Estado - INEC,Denuncias,Paz,ODS 16
4006,02,Bolívar,0000,Total Nacional,Ecuador,Seguridad interna,Seguridad ciudadana,Denuncias de violaciones,Total,Total,10,No Aplica,"Es el acceso carnal, con introducción total o parcial del miembro viril, por vía oral, anal o vaginal; o la introducción, por vía vaginal o anal, de objetos, dedos u órganos distintos al miembro viril, a una persona de cualquier sexo.",2020,2,Fiscalía General del Estado - INEC,Denuncias,Paz,ODS 16
4006,03,Cañar,0000,Total Nacional,Ecuador,Seguridad interna,Seguridad ciudadana,Denuncias de violaciones,Total,Total,6,No Aplica,"Es el acceso carnal, con introducción total o parcial del miembro viril, por vía oral, anal o vaginal; o la introducción, por vía vaginal o anal, de objetos, dedos u órganos distintos al miembro viril, a una persona de cualquier sexo.",2020,2,Fiscalía General del Estado - INEC,Denuncias,Paz,ODS 16
4006,04,Carchi,0000,Total Nacional,Ecuador,Seguridad interna,Seguridad ciudadana,Denuncias de violaciones,Total,Total,3,No Aplica,"Es el acceso carnal, con introducción total o parcial del miembro viril, por vía oral, anal o vaginal; o la introducción, por vía vaginal o anal, de objetos, dedos u órganos distintos al miembro viril, a una persona de cualquier sexo.",2020,2,Fiscalía General del Estado - INEC,Denuncias,Paz,ODS 16
4006,05,Cotopaxi,0000,Total Nacional,Ecuador,Seguridad interna,Seguridad ciudadana,Denuncias de violaciones,Total,Total,9,No Aplica,"Es el acceso carnal, con introducción total o parcial del miembro viril, por vía oral, anal o vaginal; o la introducción, por vía vaginal o anal, de objetos, dedos u órganos distintos al miembro viril, a una persona de cualquier sexo.",2020,2,Fiscalía General del Estado - INEC,Denuncias,Paz,ODS 16
4006,06,Chimborazo,0000,Total Nacional,Ecuador,Seguridad interna,Seguridad ciudadana,Denuncias de violaciones,Total,Total,14,No Aplica,"Es el acceso carnal, con introducción total o parcial del miembro viril, por vía oral, anal o vaginal; o la introducción, por vía vaginal o anal, de objetos, dedos u órganos distintos al miembro viril, a una persona de cualquier sexo.",2020,2,Fiscalía General del Estado - INEC,Denuncias,Paz,ODS 16
4006,07,El Oro,0000,Total Nacional,Ecuador,Seguridad interna,Seguridad ciudadana,Denuncias de violaciones,Total,Total,23,No Aplica,"Es el acceso carnal, con introducción total o parcial del miembro viril, por vía oral, anal o vaginal; o la introducción, por vía vaginal o anal, de objetos, dedos u órganos distintos al miembro viril, a una persona de cualquier sexo.",2020,2,Fiscalía General del Estado - INEC,Denuncias,Paz,ODS 16
4006,08,Esmeraldas,0000,Total Nacional,Ecuador,Seguridad interna,Seguridad ciudadana,Denuncias de violaciones,Total,Total,11,No Aplica,"Es el acceso carnal, con introducción total o parcial del miembro viril, por vía oral, anal o vaginal; o la introducción, por vía vaginal o anal, de objetos, dedos u órganos distintos al miembro viril, a una persona de cualquier sexo.",2020,2,Fiscalía General del Estado - INEC,Denuncias,Paz,ODS 16
4006,09,Guayas,0000,Total Nacional,Ecuador,Seguridad interna,Seguridad ciudadana,Denuncias de violaciones,Total,Total,66,No Aplica,"Es el acceso carnal, con introducción total o parcial del miembro viril, por vía oral, anal o vaginal; o la introducción, por vía vaginal o anal, de objetos, dedos u órganos distintos al miembro viril, a una persona de cualquier sexo.",2020,2,Fiscalía General del Estado - INEC,Denuncias,Paz,ODS 16
4006,10,Imbabura,0000,Total Nacional,Ecuador,Seguridad interna,Seguridad ciudadana,Denuncias de violaciones,Total,Total,11,No Aplica,"Es el acceso carnal, con introducción total o parcial del miembro viril, por vía oral, anal o vaginal; o la introducción, por vía vaginal o anal, de objetos, dedos u órganos distintos al miembro viril, a una persona de cualquier sexo.",2020,2,Fiscalía General del Estado - INEC,Denuncias,Paz,ODS 16
4006,11,Loja,0000,Total Nacional,Ecuador,Seguridad interna,Seguridad ciudadana,Denuncias de violaciones,Total,Total,20,No Aplica,"Es el acceso carnal, con introducción total o parcial del miembro viril, por vía oral, anal o vaginal; o la introducción, por vía vaginal o anal, de objetos, dedos u órganos distintos al miembro viril, a una persona de cualquier sexo.",2020,2,Fiscalía General del Estado - INEC,Denuncias,Paz,ODS 16
4006,12,Los Ríos,0000,Total Nacional,Ecuador,Seguridad interna,Seguridad ciudadana,Denuncias de violaciones,Total,Total,19,No Aplica,"Es el acceso carnal, con introducción total o parcial del miembro viril, por vía oral, anal o vaginal; o la introducción, por vía vaginal o anal, de objetos, dedos u órganos distintos al miembro viril, a una persona de cualquier sexo.",2020,2,Fiscalía General del Estado - INEC,Denuncias,Paz,ODS 16
4006,13,Manabí,0000,Total Nacional,Ecuador,Seguridad interna,Seguridad ciudadana,Denuncias de violaciones,Total,Total,20,No Aplica,"Es el acceso carnal, con introducción total o parcial del miembro viril, por vía oral, anal o vaginal; o la introducción, por vía vaginal o anal, de objetos, dedos u órganos distintos al miembro viril, a una persona de cualquier sexo.",2020,2,Fiscalía General del Estado - INEC,Denuncias,Paz,ODS 16
4006,14,Morona Santiago,0000,Total Nacional,Ecuador,Seguridad interna,Seguridad ciudadana,Denuncias de violaciones,Total,Total,26,No Aplica,"Es el acceso carnal, con introducción total o parcial del miembro viril, por vía oral, anal o vaginal; o la introducción, por vía vaginal o anal, de objetos, dedos u órganos distintos al miembro viril, a una persona de cualquier sexo.",2020,2,Fiscalía General del Estado - INEC,Denuncias,Paz,ODS 16
4006,15,Napo,0000,Total Nacional,Ecuador,Seguridad interna,Seguridad ciudadana,Denuncias de violaciones,Total,Total,8,No Aplica,"Es el acceso carnal, con introducción total o parcial del miembro viril, por vía oral, anal o vaginal; o la introducción, por vía vaginal o anal, de objetos, dedos u órganos distintos al miembro viril, a una persona de cualquier sexo.",2020,2,Fiscalía General del Estado - INEC,Denuncias,Paz,ODS 16
4006,16,Pastaza,0000,Total Nacional,Ecuador,Seguridad interna,Seguridad ciudadana,Denuncias de violaciones,Total,Total,9,No Aplica,"Es el acceso carnal, con introducción total o parcial del miembro viril, por vía oral, anal o vaginal; o la introducción, por vía vaginal o anal, de objetos, dedos u órganos distintos al miembro viril, a una persona de cualquier sexo.",2020,2,Fiscalía General del Estado - INEC,Denuncias,Paz,ODS 16
4006,17,Pichincha,0000,Total Nacional,Ecuador,Seguridad interna,Seguridad ciudadana,Denuncias de violaciones,Total,Total,85,No Aplica,"Es el acceso carnal, con introducción total o parcial del miembro viril, por vía oral, anal o vaginal; o la introducción, por vía vaginal o anal, de objetos, dedos u órganos distintos al miembro viril, a una persona de cualquier sexo.",2020,2,Fiscalía General del Estado - INEC,Denuncias,Paz,ODS 16
4006,18,Tungurahua,0000,Total Nacional,Ecuador,Seguridad interna,Seguridad ciudadana,Denuncias de violaciones,Total,Total,15,No Aplica,"Es el acceso carnal, con introducción total o parcial del miembro viril, por vía oral, anal o vaginal; o la introducción, por vía vaginal o anal, de objetos, dedos u órganos distintos al miembro viril, a una persona de cualquier sexo.",2020,2,Fiscalía General del Estado - INEC,Denuncias,Paz,ODS 16
4006,19,Zamora Chinchipe,0000,Total Nacional,Ecuador,Seguridad interna,Seguridad ciudadana,Denuncias de violaciones,Total,Total,7,No Aplica,"Es el acceso carnal, con introducción total o parcial del miembro viril, por vía oral, anal o vaginal; o la introducción, por vía vaginal o anal, de objetos, dedos u órganos distintos al miembro viril, a una persona de cualquier sexo.",2020,2,Fiscalía General del Estado - INEC,Denuncias,Paz,ODS 16
4006,20,Galápagos,0000,Total Nacional,Ecuador,Seguridad interna,Seguridad ciudadana,Denuncias de violaciones,Total,Total,0,No Aplica,"Es el acceso carnal, con introducción total o parcial del miembro viril, por vía oral, anal o vaginal; o la introducción, por vía vaginal o anal, de objetos, dedos u órganos distintos al miembro viril, a una persona de cualquier sexo.",2020,2,Fiscalía General del Estado - INEC,Denuncias,Paz,ODS 16
4006,21,Sucumbios,0000,Total Nacional,Ecuador,Seguridad interna,Seguridad ciudadana,Denuncias de violaciones,Total,Total,13,No Aplica,"Es el acceso carnal, con introducción total o parcial del miembro viril, por vía oral, anal o vaginal; o la introducción, por vía vaginal o anal, de objetos, dedos u órganos distintos al miembro viril, a una persona de cualquier sexo.",2020,2,Fiscalía General del Estado - INEC,Denuncias,Paz,ODS 16
4006,22,Orellana,0000,Total Nacional,Ecuador,Seguridad interna,Seguridad ciudadana,Denuncias de violaciones,Total,Total,10,No Aplica,"Es el acceso carnal, con introducción total o parcial del miembro viril, por vía oral, anal o vaginal; o la introducción, por vía vaginal o anal, de objetos, dedos u órganos distintos al miembro viril, a una persona de cualquier sexo.",2020,2,Fiscalía General del Estado - INEC,Denuncias,Paz,ODS 16
4006,23,Santo Domingo de los Tsáchilas,0000,Total Nacional,Ecuador,Seguridad interna,Seguridad ciudadana,Denuncias de violaciones,Total,Total,21,No Aplica,"Es el acceso carnal, con introducción total o parcial del miembro viril, por vía oral, anal o vaginal; o la introducción, por vía vaginal o anal, de objetos, dedos u órganos distintos al miembro viril, a una persona de cualquier sexo.",2020,2,Fiscalía General del Estado - INEC,Denuncias,Paz,ODS 16
4006,24,Santa Elena,0000,Total Nacional,Ecuador,Seguridad interna,Seguridad ciudadana,Denuncias de violaciones,Total,Total,5,No Aplica,"Es el acceso carnal, con introducción total o parcial del miembro viril, por vía oral, anal o vaginal; o la introducción, por vía vaginal o anal, de objetos, dedos u órganos distintos al miembro viril, a una persona de cualquier sexo.",2020,2,Fiscalía General del Estado - INEC,Denuncias,Paz,ODS 16
4006,00,Total Nacional,0000,Total Nacional,Ecuador,Seguridad interna,Seguridad ciudadana,Denuncias de violaciones,Total,Total,510,No Aplica,"Es el acceso carnal, con introducción total o parcial del miembro viril, por vía oral, anal o vaginal; o la introducción, por vía vaginal o anal, de objetos, dedos u órganos distintos al miembro viril, a una persona de cualquier sexo.",2020,1,Fiscalía General del Estado - INEC,Denuncias,Paz,ODS 16
4006,01,Azuay,0000,Total Nacional,Ecuador,Seguridad interna,Seguridad ciudadana,Denuncias de violaciones,Total,Total,30,No Aplica,"Es el acceso carnal, con introducción total o parcial del miembro viril, por vía oral, anal o vaginal; o la introducción, por vía vaginal o anal, de objetos, dedos u órganos distintos al miembro viril, a una persona de cualquier sexo.",2020,1,Fiscalía General del Estado - INEC,Denuncias,Paz,ODS 16
4006,02,Bolívar,0000,Total Nacional,Ecuador,Seguridad interna,Seguridad ciudadana,Denuncias de violaciones,Total,Total,7,No Aplica,"Es el acceso carnal, con introducción total o parcial del miembro viril, por vía oral, anal o vaginal; o la introducción, por vía vaginal o anal, de objetos, dedos u órganos distintos al miembro viril, a una persona de cualquier sexo.",2020,1,Fiscalía General del Estado - INEC,Denuncias,Paz,ODS 16
4006,03,Cañar,0000,Total Nacional,Ecuador,Seguridad interna,Seguridad ciudadana,Denuncias de violaciones,Total,Total,7,No Aplica,"Es el acceso carnal, con introducción total o parcial del miembro viril, por vía oral, anal o vaginal; o la introducción, por vía vaginal o anal, de objetos, dedos u órganos distintos al miembro viril, a una persona de cualquier sexo.",2020,1,Fiscalía General del Estado - INEC,Denuncias,Paz,ODS 16
4006,04,Carchi,0000,Total Nacional,Ecuador,Seguridad interna,Seguridad ciudadana,Denuncias de violaciones,Total,Total,5,No Aplica,"Es el acceso carnal, con introducción total o parcial del miembro viril, por vía oral, anal o vaginal; o la introducción, por vía vaginal o anal, de objetos, dedos u órganos distintos al miembro viril, a una persona de cualquier sexo.",2020,1,Fiscalía General del Estado - INEC,Denuncias,Paz,ODS 16
4006,05,Cotopaxi,0000,Total Nacional,Ecuador,Seguridad interna,Seguridad ciudadana,Denuncias de violaciones,Total,Total,11,No Aplica,"Es el acceso carnal, con introducción total o parcial del miembro viril, por vía oral, anal o vaginal; o la introducción, por vía vaginal o anal, de objetos, dedos u órganos distintos al miembro viril, a una persona de cualquier sexo.",2020,1,Fiscalía General del Estado - INEC,Denuncias,Paz,ODS 16
4006,06,Chimborazo,0000,Total Nacional,Ecuador,Seguridad interna,Seguridad ciudadana,Denuncias de violaciones,Total,Total,20,No Aplica,"Es el acceso carnal, con introducción total o parcial del miembro viril, por vía oral, anal o vaginal; o la introducción, por vía vaginal o anal, de objetos, dedos u órganos distintos al miembro viril, a una persona de cualquier sexo.",2020,1,Fiscalía General del Estado - INEC,Denuncias,Paz,ODS 16
4006,07,El Oro,0000,Total Nacional,Ecuador,Seguridad interna,Seguridad ciudadana,Denuncias de violaciones,Total,Total,38,No Aplica,"Es el acceso carnal, con introducción total o parcial del miembro viril, por vía oral, anal o vaginal; o la introducción, por vía vaginal o anal, de objetos, dedos u órganos distintos al miembro viril, a una persona de cualquier sexo.",2020,1,Fiscalía General del Estado - INEC,Denuncias,Paz,ODS 16
4006,08,Esmeraldas,0000,Total Nacional,Ecuador,Seguridad interna,Seguridad ciudadana,Denuncias de violaciones,Total,Total,31,No Aplica,"Es el acceso carnal, con introducción total o parcial del miembro viril, por vía oral, anal o vaginal; o la introducción, por vía vaginal o anal, de objetos, dedos u órganos distintos al miembro viril, a una persona de cualquier sexo.",2020,1,Fiscalía General del Estado - INEC,Denuncias,Paz,ODS 16
4006,09,Guayas,0000,Total Nacional,Ecuador,Seguridad interna,Seguridad ciudadana,Denuncias de violaciones,Total,Total,71,No Aplica,"Es el acceso carnal, con introducción total o parcial del miembro viril, por vía oral, anal o vaginal; o la introducción, por vía vaginal o anal, de objetos, dedos u órganos distintos al miembro viril, a una persona de cualquier sexo.",2020,1,Fiscalía General del Estado - INEC,Denuncias,Paz,ODS 16
4006,10,Imbabura,0000,Total Nacional,Ecuador,Seguridad interna,Seguridad ciudadana,Denuncias de violaciones,Total,Total,10,No Aplica,"Es el acceso carnal, con introducción total o parcial del miembro viril, por vía oral, anal o vaginal; o la introducción, por vía vaginal o anal, de objetos, dedos u órganos distintos al miembro viril, a una persona de cualquier sexo.",2020,1,Fiscalía General del Estado - INEC,Denuncias,Paz,ODS 16
4006,11,Loja,0000,Total Nacional,Ecuador,Seguridad interna,Seguridad ciudadana,Denuncias de violaciones,Total,Total,14,No Aplica,"Es el acceso carnal, con introducción total o parcial del miembro viril, por vía oral, anal o vaginal; o la introducción, por vía vaginal o anal, de objetos, dedos u órganos distintos al miembro viril, a una persona de cualquier sexo.",2020,1,Fiscalía General del Estado - INEC,Denuncias,Paz,ODS 16
4006,12,Los Ríos,0000,Total Nacional,Ecuador,Seguridad interna,Seguridad ciudadana,Denuncias de violaciones,Total,Total,18,No Aplica,"Es el acceso carnal, con introducción total o parcial del miembro viril, por vía oral, anal o vaginal; o la introducción, por vía vaginal o anal, de objetos, dedos u órganos distintos al miembro viril, a una persona de cualquier sexo.",2020,1,Fiscalía General del Estado - INEC,Denuncias,Paz,ODS 16
4006,13,Manabí,0000,Total Nacional,Ecuador,Seguridad interna,Seguridad ciudadana,Denuncias de violaciones,Total,Total,35,No Aplica,"Es el acceso carnal, con introducción total o parcial del miembro viril, por vía oral, anal o vaginal; o la introducción, por vía vaginal o anal, de objetos, dedos u órganos distintos al miembro viril, a una persona de cualquier sexo.",2020,1,Fiscalía General del Estado - INEC,Denuncias,Paz,ODS 16
4006,14,Morona Santiago,0000,Total Nacional,Ecuador,Seguridad interna,Seguridad ciudadana,Denuncias de violaciones,Total,Total,26,No Aplica,"Es el acceso carnal, con introducción total o parcial del miembro viril, por vía oral, anal o vaginal; o la introducción, por vía vaginal o anal, de objetos, dedos u órganos distintos al miembro viril, a una persona de cualquier sexo.",2020,1,Fiscalía General del Estado - INEC,Denuncias,Paz,ODS 16
4006,15,Napo,0000,Total Nacional,Ecuador,Seguridad interna,Seguridad ciudadana,Denuncias de violaciones,Total,Total,6,No Aplica,"Es el acceso carnal, con introducción total o parcial del miembro viril, por vía oral, anal o vaginal; o la introducción, por vía vaginal o anal, de objetos, dedos u órganos distintos al miembro viril, a una persona de cualquier sexo.",2020,1,Fiscalía General del Estado - INEC,Denuncias,Paz,ODS 16
4006,16,Pastaza,0000,Total Nacional,Ecuador,Seguridad interna,Seguridad ciudadana,Denuncias de violaciones,Total,Total,11,No Aplica,"Es el acceso carnal, con introducción total o parcial del miembro viril, por vía oral, anal o vaginal; o la introducción, por vía vaginal o anal, de objetos, dedos u órganos distintos al miembro viril, a una persona de cualquier sexo.",2020,1,Fiscalía General del Estado - INEC,Denuncias,Paz,ODS 16
4006,17,Pichincha,0000,Total Nacional,Ecuador,Seguridad interna,Seguridad ciudadana,Denuncias de violaciones,Total,Total,108,No Aplica,"Es el acceso carnal, con introducción total o parcial del miembro viril, por vía oral, anal o vaginal; o la introducción, por vía vaginal o anal, de objetos, dedos u órganos distintos al miembro viril, a una persona de cualquier sexo.",2020,1,Fiscalía General del Estado - INEC,Denuncias,Paz,ODS 16
4006,18,Tungurahua,0000,Total Nacional,Ecuador,Seguridad interna,Seguridad ciudadana,Denuncias de violaciones,Total,Total,12,No Aplica,"Es el acceso carnal, con introducción total o parcial del miembro viril, por vía oral, anal o vaginal; o la introducción, por vía vaginal o anal, de objetos, dedos u órganos distintos al miembro viril, a una persona de cualquier sexo.",2020,1,Fiscalía General del Estado - INEC,Denuncias,Paz,ODS 16
4006,19,Zamora Chinchipe,0000,Total Nacional,Ecuador,Seguridad interna,Seguridad ciudadana,Denuncias de violaciones,Total,Total,4,No Aplica,"Es el acceso carnal, con introducción total o parcial del miembro viril, por vía oral, anal o vaginal; o la introducción, por vía vaginal o anal, de objetos, dedos u órganos distintos al miembro viril, a una persona de cualquier sexo.",2020,1,Fiscalía General del Estado - INEC,Denuncias,Paz,ODS 16
4006,20,Galápagos,0000,Total Nacional,Ecuador,Seguridad interna,Seguridad ciudadana,Denuncias de violaciones,Total,Total,0,No Aplica,"Es el acceso carnal, con introducción total o parcial del miembro viril, por vía oral, anal o vaginal; o la introducción, por vía vaginal o anal, de objetos, dedos u órganos distintos al miembro viril, a una persona de cualquier sexo.",2020,1,Fiscalía General del Estado - INEC,Denuncias,Paz,ODS 16
4006,21,Sucumbios,0000,Total Nacional,Ecuador,Seguridad interna,Seguridad ciudadana,Denuncias de violaciones,Total,Total,11,No Aplica,"Es el acceso carnal, con introducción total o parcial del miembro viril, por vía oral, anal o vaginal; o la introducción, por vía vaginal o anal, de objetos, dedos u órganos distintos al miembro viril, a una persona de cualquier sexo.",2020,1,Fiscalía General del Estado - INEC,Denuncias,Paz,ODS 16
4006,22,Orellana,0000,Total Nacional,Ecuador,Seguridad interna,Seguridad ciudadana,Denuncias de violaciones,Total,Total,5,No Aplica,"Es el acceso carnal, con introducción total o parcial del miembro viril, por vía oral, anal o vaginal; o la introducción, por vía vaginal o anal, de objetos, dedos u órganos distintos al miembro viril, a una persona de cualquier sexo.",2020,1,Fiscalía General del Estado - INEC,Denuncias,Paz,ODS 16
4006,23,Santo Domingo de los Tsáchilas,0000,Total Nacional,Ecuador,Seguridad interna,Seguridad ciudadana,Denuncias de violaciones,Total,Total,24,No Aplica,"Es el acceso carnal, con introducción total o parcial del miembro viril, por vía oral, anal o vaginal; o la introducción, por vía vaginal o anal, de objetos, dedos u órganos distintos al miembro viril, a una persona de cualquier sexo.",2020,1,Fiscalía General del Estado - INEC,Denuncias,Paz,ODS 16
4006,24,Santa Elena,0000,Total Nacional,Ecuador,Seguridad interna,Seguridad ciudadana,Denuncias de violaciones,Total,Total,6,No Aplica,"Es el acceso carnal, con introducción total o parcial del miembro viril, por vía oral, anal o vaginal; o la introducción, por vía vaginal o anal, de objetos, dedos u órganos distintos al miembro viril, a una persona de cualquier sexo.",2020,1,Fiscalía General del Estado - INEC,Denuncias,Paz,ODS 16
4006,00,Total Nacional,0000,Total Nacional,Ecuador,Seguridad interna,Seguridad ciudadana,Denuncias de violaciones,Total,Total,446,No Aplica,"Es el acceso carnal, con introducción total o parcial del miembro viril, por vía oral, anal o vaginal; o la introducción, por vía vaginal o anal, de objetos, dedos u órganos distintos al miembro viril, a una persona de cualquier sexo.",2019,12,Fiscalía General del Estado - INEC,Denuncias,Paz,ODS 16
4006,01,Azuay,0000,Total Nacional,Ecuador,Seguridad interna,Seguridad ciudadana,Denuncias de violaciones,Total,Total,22,No Aplica,"Es el acceso carnal, con introducción total o parcial del miembro viril, por vía oral, anal o vaginal; o la introducción, por vía vaginal o anal, de objetos, dedos u órganos distintos al miembro viril, a una persona de cualquier sexo.",2019,12,Fiscalía General del Estado - INEC,Denuncias,Paz,ODS 16
4006,02,Bolívar,0000,Total Nacional,Ecuador,Seguridad interna,Seguridad ciudadana,Denuncias de violaciones,Total,Total,3,No Aplica,"Es el acceso carnal, con introducción total o parcial del miembro viril, por vía oral, anal o vaginal; o la introducción, por vía vaginal o anal, de objetos, dedos u órganos distintos al miembro viril, a una persona de cualquier sexo.",2019,12,Fiscalía General del Estado - INEC,Denuncias,Paz,ODS 16
4006,03,Cañar,0000,Total Nacional,Ecuador,Seguridad interna,Seguridad ciudadana,Denuncias de violaciones,Total,Total,8,No Aplica,"Es el acceso carnal, con introducción total o parcial del miembro viril, por vía oral, anal o vaginal; o la introducción, por vía vaginal o anal, de objetos, dedos u órganos distintos al miembro viril, a una persona de cualquier sexo.",2019,12,Fiscalía General del Estado - INEC,Denuncias,Paz,ODS 16
4006,04,Carchi,0000,Total Nacional,Ecuador,Seguridad interna,Seguridad ciudadana,Denuncias de violaciones,Total,Total,3,No Aplica,"Es el acceso carnal, con introducción total o parcial del miembro viril, por vía oral, anal o vaginal; o la introducción, por vía vaginal o anal, de objetos, dedos u órganos distintos al miembro viril, a una persona de cualquier sexo.",2019,12,Fiscalía General del Estado - INEC,Denuncias,Paz,ODS 16
4006,05,Cotopaxi,0000,Total Nacional,Ecuador,Seguridad interna,Seguridad ciudadana,Denuncias de violaciones,Total,Total,12,No Aplica,"Es el acceso carnal, con introducción total o parcial del miembro viril, por vía oral, anal o vaginal; o la introducción, por vía vaginal o anal, de objetos, dedos u órganos distintos al miembro viril, a una persona de cualquier sexo.",2019,12,Fiscalía General del Estado - INEC,Denuncias,Paz,ODS 16
4006,06,Chimborazo,0000,Total Nacional,Ecuador,Seguridad interna,Seguridad ciudadana,Denuncias de violaciones,Total,Total,14,No Aplica,"Es el acceso carnal, con introducción total o parcial del miembro viril, por vía oral, anal o vaginal; o la introducción, por vía vaginal o anal, de objetos, dedos u órganos distintos al miembro viril, a una persona de cualquier sexo.",2019,12,Fiscalía General del Estado - INEC,Denuncias,Paz,ODS 16
4006,07,El Oro,0000,Total Nacional,Ecuador,Seguridad interna,Seguridad ciudadana,Denuncias de violaciones,Total,Total,27,No Aplica,"Es el acceso carnal, con introducción total o parcial del miembro viril, por vía oral, anal o vaginal; o la introducción, por vía vaginal o anal, de objetos, dedos u órganos distintos al miembro viril, a una persona de cualquier sexo.",2019,12,Fiscalía General del Estado - INEC,Denuncias,Paz,ODS 16
4006,08,Esmeraldas,0000,Total Nacional,Ecuador,Seguridad interna,Seguridad ciudadana,Denuncias de violaciones,Total,Total,19,No Aplica,"Es el acceso carnal, con introducción total o parcial del miembro viril, por vía oral, anal o vaginal; o la introducción, por vía vaginal o anal, de objetos, dedos u órganos distintos al miembro viril, a una persona de cualquier sexo.",2019,12,Fiscalía General del Estado - INEC,Denuncias,Paz,ODS 16
4006,09,Guayas,0000,Total Nacional,Ecuador,Seguridad interna,Seguridad ciudadana,Denuncias de violaciones,Total,Total,82,No Aplica,"Es el acceso carnal, con introducción total o parcial del miembro viril, por vía oral, anal o vaginal; o la introducción, por vía vaginal o anal, de objetos, dedos u órganos distintos al miembro viril, a una persona de cualquier sexo.",2019,12,Fiscalía General del Estado - INEC,Denuncias,Paz,ODS 16
4006,10,Imbabura,0000,Total Nacional,Ecuador,Seguridad interna,Seguridad ciudadana,Denuncias de violaciones,Total,Total,9,No Aplica,"Es el acceso carnal, con introducción total o parcial del miembro viril, por vía oral, anal o vaginal; o la introducción, por vía vaginal o anal, de objetos, dedos u órganos distintos al miembro viril, a una persona de cualquier sexo.",2019,12,Fiscalía General del Estado - INEC,Denuncias,Paz,ODS 16
4006,11,Loja,0000,Total Nacional,Ecuador,Seguridad interna,Seguridad ciudadana,Denuncias de violaciones,Total,Total,29,No Aplica,"Es el acceso carnal, con introducción total o parcial del miembro viril, por vía oral, anal o vaginal; o la introducción, por vía vaginal o anal, de objetos, dedos u órganos distintos al miembro viril, a una persona de cualquier sexo.",2019,12,Fiscalía General del Estado - INEC,Denuncias,Paz,ODS 16
4006,12,Los Ríos,0000,Total Nacional,Ecuador,Seguridad interna,Seguridad ciudadana,Denuncias de violaciones,Total,Total,16,No Aplica,"Es el acceso carnal, con introducción total o parcial del miembro viril, por vía oral, anal o vaginal; o la introducción, por vía vaginal o anal, de objetos, dedos u órganos distintos al miembro viril, a una persona de cualquier sexo.",2019,12,Fiscalía General del Estado - INEC,Denuncias,Paz,ODS 16
4006,13,Manabí,0000,Total Nacional,Ecuador,Seguridad interna,Seguridad ciudadana,Denuncias de violaciones,Total,Total,25,No Aplica,"Es el acceso carnal, con introducción total o parcial del miembro viril, por vía oral, anal o vaginal; o la introducción, por vía vaginal o anal, de objetos, dedos u órganos distintos al miembro viril, a una persona de cualquier sexo.",2019,12,Fiscalía General del Estado - INEC,Denuncias,Paz,ODS 16
4006,14,Morona Santiago,0000,Total Nacional,Ecuador,Seguridad interna,Seguridad ciudadana,Denuncias de violaciones,Total,Total,21,No Aplica,"Es el acceso carnal, con introducción total o parcial del miembro viril, por vía oral, anal o vaginal; o la introducción, por vía vaginal o anal, de objetos, dedos u órganos distintos al miembro viril, a una persona de cualquier sexo.",2019,12,Fiscalía General del Estado - INEC,Denuncias,Paz,ODS 16
4006,15,Napo,0000,Total Nacional,Ecuador,Seguridad interna,Seguridad ciudadana,Denuncias de violaciones,Total,Total,10,No Aplica,"Es el acceso carnal, con introducción total o parcial del miembro viril, por vía oral, anal o vaginal; o la introducción, por vía vaginal o anal, de objetos, dedos u órganos distintos al miembro viril, a una persona de cualquier sexo.",2019,12,Fiscalía General del Estado - INEC,Denuncias,Paz,ODS 16
4006,16,Pastaza,0000,Total Nacional,Ecuador,Seguridad interna,Seguridad ciudadana,Denuncias de violaciones,Total,Total,5,No Aplica,"Es el acceso carnal, con introducción total o parcial del miembro viril, por vía oral, anal o vaginal; o la introducción, por vía vaginal o anal, de objetos, dedos u órganos distintos al miembro viril, a una persona de cualquier sexo.",2019,12,Fiscalía General del Estado - INEC,Denuncias,Paz,ODS 16
4006,17,Pichincha,0000,Total Nacional,Ecuador,Seguridad interna,Seguridad ciudadana,Denuncias de violaciones,Total,Total,69,No Aplica,"Es el acceso carnal, con introducción total o parcial del miembro viril, por vía oral, anal o vaginal; o la introducción, por vía vaginal o anal, de objetos, dedos u órganos distintos al miembro viril, a una persona de cualquier sexo.",2019,12,Fiscalía General del Estado - INEC,Denuncias,Paz,ODS 16
4006,18,Tungurahua,0000,Total Nacional,Ecuador,Seguridad interna,Seguridad ciudadana,Denuncias de violaciones,Total,Total,14,No Aplica,"Es el acceso carnal, con introducción total o parcial del miembro viril, por vía oral, anal o vaginal; o la introducción, por vía vaginal o anal, de objetos, dedos u órganos distintos al miembro viril, a una persona de cualquier sexo.",2019,12,Fiscalía General del Estado - INEC,Denuncias,Paz,ODS 16
4006,19,Zamora Chinchipe,0000,Total Nacional,Ecuador,Seguridad interna,Seguridad ciudadana,Denuncias de violaciones,Total,Total,6,No Aplica,"Es el acceso carnal, con introducción total o parcial del miembro viril, por vía oral, anal o vaginal; o la introducción, por vía vaginal o anal, de objetos, dedos u órganos distintos al miembro viril, a una persona de cualquier sexo.",2019,12,Fiscalía General del Estado - INEC,Denuncias,Paz,ODS 16
4006,20,Galápagos,0000,Total Nacional,Ecuador,Seguridad interna,Seguridad ciudadana,Denuncias de violaciones,Total,Total,1,No Aplica,"Es el acceso carnal, con introducción total o parcial del miembro viril, por vía oral, anal o vaginal; o la introducción, por vía vaginal o anal, de objetos, dedos u órganos distintos al miembro viril, a una persona de cualquier sexo.",2019,12,Fiscalía General del Estado - INEC,Denuncias,Paz,ODS 16
4006,21,Sucumbios,0000,Total Nacional,Ecuador,Seguridad interna,Seguridad ciudadana,Denuncias de violaciones,Total,Total,17,No Aplica,"Es el acceso carnal, con introducción total o parcial del miembro viril, por vía oral, anal o vaginal; o la introducción, por vía vaginal o anal, de objetos, dedos u órganos distintos al miembro viril, a una persona de cualquier sexo.",2019,12,Fiscalía General del Estado - INEC,Denuncias,Paz,ODS 16
4006,22,Orellana,0000,Total Nacional,Ecuador,Seguridad interna,Seguridad ciudadana,Denuncias de violaciones,Total,Total,10,No Aplica,"Es el acceso carnal, con introducción total o parcial del miembro viril, por vía oral, anal o vaginal; o la introducción, por vía vaginal o anal, de objetos, dedos u órganos distintos al miembro viril, a una persona de cualquier sexo.",2019,12,Fiscalía General del Estado - INEC,Denuncias,Paz,ODS 16
4006,23,Santo Domingo de los Tsáchilas,0000,Total Nacional,Ecuador,Seguridad interna,Seguridad ciudadana,Denuncias de violaciones,Total,Total,19,No Aplica,"Es el acceso carnal, con introducción total o parcial del miembro viril, por vía oral, anal o vaginal; o la introducción, por vía vaginal o anal, de objetos, dedos u órganos distintos al miembro viril, a una persona de cualquier sexo.",2019,12,Fiscalía General del Estado - INEC,Denuncias,Paz,ODS 16
4006,24,Santa Elena,0000,Total Nacional,Ecuador,Seguridad interna,Seguridad ciudadana,Denuncias de violaciones,Total,Total,5,No Aplica,"Es el acceso carnal, con introducción total o parcial del miembro viril, por vía oral, anal o vaginal; o la introducción, por vía vaginal o anal, de objetos, dedos u órganos distintos al miembro viril, a una persona de cualquier sexo.",2019,12,Fiscalía General del Estado - INEC,Denuncias,Paz,ODS 16
4006,00,Total Nacional,0000,Total Nacional,Ecuador,Seguridad interna,Seguridad ciudadana,Denuncias de violaciones,Total,Total,451,No Aplica,"Es el acceso carnal, con introducción total o parcial del miembro viril, por vía oral, anal o vaginal; o la introducción, por vía vaginal o anal, de objetos, dedos u órganos distintos al miembro viril, a una persona de cualquier sexo.",2019,11,Fiscalía General del Estado - INEC,Denuncias,Paz,ODS 16
4006,01,Azuay,0000,Total Nacional,Ecuador,Seguridad interna,Seguridad ciudadana,Denuncias de violaciones,Total,Total,22,No Aplica,"Es el acceso carnal, con introducción total o parcial del miembro viril, por vía oral, anal o vaginal; o la introducción, por vía vaginal o anal, de objetos, dedos u órganos distintos al miembro viril, a una persona de cualquier sexo.",2019,11,Fiscalía General del Estado - INEC,Denuncias,Paz,ODS 16
4006,02,Bolívar,0000,Total Nacional,Ecuador,Seguridad interna,Seguridad ciudadana,Denuncias de violaciones,Total,Total,6,No Aplica,"Es el acceso carnal, con introducción total o parcial del miembro viril, por vía oral, anal o vaginal; o la introducción, por vía vaginal o anal, de objetos, dedos u órganos distintos al miembro viril, a una persona de cualquier sexo.",2019,11,Fiscalía General del Estado - INEC,Denuncias,Paz,ODS 16
4006,03,Cañar,0000,Total Nacional,Ecuador,Seguridad interna,Seguridad ciudadana,Denuncias de violaciones,Total,Total,10,No Aplica,"Es el acceso carnal, con introducción total o parcial del miembro viril, por vía oral, anal o vaginal; o la introducción, por vía vaginal o anal, de objetos, dedos u órganos distintos al miembro viril, a una persona de cualquier sexo.",2019,11,Fiscalía General del Estado - INEC,Denuncias,Paz,ODS 16
4006,04,Carchi,0000,Total Nacional,Ecuador,Seguridad interna,Seguridad ciudadana,Denuncias de violaciones,Total,Total,2,No Aplica,"Es el acceso carnal, con introducción total o parcial del miembro viril, por vía oral, anal o vaginal; o la introducción, por vía vaginal o anal, de objetos, dedos u órganos distintos al miembro viril, a una persona de cualquier sexo.",2019,11,Fiscalía General del Estado - INEC,Denuncias,Paz,ODS 16
4006,05,Cotopaxi,0000,Total Nacional,Ecuador,Seguridad interna,Seguridad ciudadana,Denuncias de violaciones,Total,Total,5,No Aplica,"Es el acceso carnal, con introducción total o parcial del miembro viril, por vía oral, anal o vaginal; o la introducción, por vía vaginal o anal, de objetos, dedos u órganos distintos al miembro viril, a una persona de cualquier sexo.",2019,11,Fiscalía General del Estado - INEC,Denuncias,Paz,ODS 16
4006,06,Chimborazo,0000,Total Nacional,Ecuador,Seguridad interna,Seguridad ciudadana,Denuncias de violaciones,Total,Total,24,No Aplica,"Es el acceso carnal, con introducción total o parcial del miembro viril, por vía oral, anal o vaginal; o la introducción, por vía vaginal o anal, de objetos, dedos u órganos distintos al miembro viril, a una persona de cualquier sexo.",2019,11,Fiscalía General del Estado - INEC,Denuncias,Paz,ODS 16
4006,07,El Oro,0000,Total Nacional,Ecuador,Seguridad interna,Seguridad ciudadana,Denuncias de violaciones,Total,Total,27,No Aplica,"Es el acceso carnal, con introducción total o parcial del miembro viril, por vía oral, anal o vaginal; o la introducción, por vía vaginal o anal, de objetos, dedos u órganos distintos al miembro viril, a una persona de cualquier sexo.",2019,11,Fiscalía General del Estado - INEC,Denuncias,Paz,ODS 16
4006,08,Esmeraldas,0000,Total Nacional,Ecuador,Seguridad interna,Seguridad ciudadana,Denuncias de violaciones,Total,Total,19,No Aplica,"Es el acceso carnal, con introducción total o parcial del miembro viril, por vía oral, anal o vaginal; o la introducción, por vía vaginal o anal, de objetos, dedos u órganos distintos al miembro viril, a una persona de cualquier sexo.",2019,11,Fiscalía General del Estado - INEC,Denuncias,Paz,ODS 16
4006,09,Guayas,0000,Total Nacional,Ecuador,Seguridad interna,Seguridad ciudadana,Denuncias de violaciones,Total,Total,85,No Aplica,"Es el acceso carnal, con introducción total o parcial del miembro viril, por vía oral, anal o vaginal; o la introducción, por vía vaginal o anal, de objetos, dedos u órganos distintos al miembro viril, a una persona de cualquier sexo.",2019,11,Fiscalía General del Estado - INEC,Denuncias,Paz,ODS 16
4006,10,Imbabura,0000,Total Nacional,Ecuador,Seguridad interna,Seguridad ciudadana,Denuncias de violaciones,Total,Total,13,No Aplica,"Es el acceso carnal, con introducción total o parcial del miembro viril, por vía oral, anal o vaginal; o la introducción, por vía vaginal o anal, de objetos, dedos u órganos distintos al miembro viril, a una persona de cualquier sexo.",2019,11,Fiscalía General del Estado - INEC,Denuncias,Paz,ODS 16
4006,11,Loja,0000,Total Nacional,Ecuador,Seguridad interna,Seguridad ciudadana,Denuncias de violaciones,Total,Total,11,No Aplica,"Es el acceso carnal, con introducción total o parcial del miembro viril, por vía oral, anal o vaginal; o la introducción, por vía vaginal o anal, de objetos, dedos u órganos distintos al miembro viril, a una persona de cualquier sexo.",2019,11,Fiscalía General del Estado - INEC,Denuncias,Paz,ODS 16
4006,12,Los Ríos,0000,Total Nacional,Ecuador,Seguridad interna,Seguridad ciudadana,Denuncias de violaciones,Total,Total,26,No Aplica,"Es el acceso carnal, con introducción total o parcial del miembro viril, por vía oral, anal o vaginal; o la introducción, por vía vaginal o anal, de objetos, dedos u órganos distintos al miembro viril, a una persona de cualquier sexo.",2019,11,Fiscalía General del Estado - INEC,Denuncias,Paz,ODS 16
4006,13,Manabí,0000,Total Nacional,Ecuador,Seguridad interna,Seguridad ciudadana,Denuncias de violaciones,Total,Total,36,No Aplica,"Es el acceso carnal, con introducción total o parcial del miembro viril, por vía oral, anal o vaginal; o la introducción, por vía vaginal o anal, de objetos, dedos u órganos distintos al miembro viril, a una persona de cualquier sexo.",2019,11,Fiscalía General del Estado - INEC,Denuncias,Paz,ODS 16
4006,14,Morona Santiago,0000,Total Nacional,Ecuador,Seguridad interna,Seguridad ciudadana,Denuncias de violaciones,Total,Total,22,No Aplica,"Es el acceso carnal, con introducción total o parcial del miembro viril, por vía oral, anal o vaginal; o la introducción, por vía vaginal o anal, de objetos, dedos u órganos distintos al miembro viril, a una persona de cualquier sexo.",2019,11,Fiscalía General del Estado - INEC,Denuncias,Paz,ODS 16
4006,15,Napo,0000,Total Nacional,Ecuador,Seguridad interna,Seguridad ciudadana,Denuncias de violaciones,Total,Total,3,No Aplica,"Es el acceso carnal, con introducción total o parcial del miembro viril, por vía oral, anal o vaginal; o la introducción, por vía vaginal o anal, de objetos, dedos u órganos distintos al miembro viril, a una persona de cualquier sexo.",2019,11,Fiscalía General del Estado - INEC,Denuncias,Paz,ODS 16
4006,16,Pastaza,0000,Total Nacional,Ecuador,Seguridad interna,Seguridad ciudadana,Denuncias de violaciones,Total,Total,4,No Aplica,"Es el acceso carnal, con introducción total o parcial del miembro viril, por vía oral, anal o vaginal; o la introducción, por vía vaginal o anal, de objetos, dedos u órganos distintos al miembro viril, a una persona de cualquier sexo.",2019,11,Fiscalía General del Estado - INEC,Denuncias,Paz,ODS 16
4006,17,Pichincha,0000,Total Nacional,Ecuador,Seguridad interna,Seguridad ciudadana,Denuncias de violaciones,Total,Total,81,No Aplica,"Es el acceso carnal, con introducción total o parcial del miembro viril, por vía oral, anal o vaginal; o la introducción, por vía vaginal o anal, de objetos, dedos u órganos distintos al miembro viril, a una persona de cualquier sexo.",2019,11,Fiscalía General del Estado - INEC,Denuncias,Paz,ODS 16
4006,18,Tungurahua,0000,Total Nacional,Ecuador,Seguridad interna,Seguridad ciudadana,Denuncias de violaciones,Total,Total,9,No Aplica,"Es el acceso carnal, con introducción total o parcial del miembro viril, por vía oral, anal o vaginal; o la introducción, por vía vaginal o anal, de objetos, dedos u órganos distintos al miembro viril, a una persona de cualquier sexo.",2019,11,Fiscalía General del Estado - INEC,Denuncias,Paz,ODS 16
4006,19,Zamora Chinchipe,0000,Total Nacional,Ecuador,Seguridad interna,Seguridad ciudadana,Denuncias de violaciones,Total,Total,4,No Aplica,"Es el acceso carnal, con introducción total o parcial del miembro viril, por vía oral, anal o vaginal; o la introducción, por vía vaginal o anal, de objetos, dedos u órganos distintos al miembro viril, a una persona de cualquier sexo.",2019,11,Fiscalía General del Estado - INEC,Denuncias,Paz,ODS 16
4006,20,Galápagos,0000,Total Nacional,Ecuador,Seguridad interna,Seguridad ciudadana,Denuncias de violaciones,Total,Total,2,No Aplica,"Es el acceso carnal, con introducción total o parcial del miembro viril, por vía oral, anal o vaginal; o la introducción, por vía vaginal o anal, de objetos, dedos u órganos distintos al miembro viril, a una persona de cualquier sexo.",2019,11,Fiscalía General del Estado - INEC,Denuncias,Paz,ODS 16
4006,21,Sucumbios,0000,Total Nacional,Ecuador,Seguridad interna,Seguridad ciudadana,Denuncias de violaciones,Total,Total,14,No Aplica,"Es el acceso carnal, con introducción total o parcial del miembro viril, por vía oral, anal o vaginal; o la introducción, por vía vaginal o anal, de objetos, dedos u órganos distintos al miembro viril, a una persona de cualquier sexo.",2019,11,Fiscalía General del Estado - INEC,Denuncias,Paz,ODS 16
4006,22,Orellana,0000,Total Nacional,Ecuador,Seguridad interna,Seguridad ciudadana,Denuncias de violaciones,Total,Total,7,No Aplica,"Es el acceso carnal, con introducción total o parcial del miembro viril, por vía oral, anal o vaginal; o la introducción, por vía vaginal o anal, de objetos, dedos u órganos distintos al miembro viril, a una persona de cualquier sexo.",2019,11,Fiscalía General del Estado - INEC,Denuncias,Paz,ODS 16
4006,23,Santo Domingo de los Tsáchilas,0000,Total Nacional,Ecuador,Seguridad interna,Seguridad ciudadana,Denuncias de violaciones,Total,Total,8,No Aplica,"Es el acceso carnal, con introducción total o parcial del miembro viril, por vía oral, anal o vaginal; o la introducción, por vía vaginal o anal, de objetos, dedos u órganos distintos al miembro viril, a una persona de cualquier sexo.",2019,11,Fiscalía General del Estado - INEC,Denuncias,Paz,ODS 16
4006,24,Santa Elena,0000,Total Nacional,Ecuador,Seguridad interna,Seguridad ciudadana,Denuncias de violaciones,Total,Total,11,No Aplica,"Es el acceso carnal, con introducción total o parcial del miembro viril, por vía oral, anal o vaginal; o la introducción, por vía vaginal o anal, de objetos, dedos u órganos distintos al miembro viril, a una persona de cualquier sexo.",2019,11,Fiscalía General del Estado - INEC,Denuncias,Paz,ODS 16
4006,00,Total Nacional,0000,Total Nacional,Ecuador,Seguridad interna,Seguridad ciudadana,Denuncias de violaciones,Total,Total,416,No Aplica,"Es el acceso carnal, con introducción total o parcial del miembro viril, por vía oral, anal o vaginal; o la introducción, por vía vaginal o anal, de objetos, dedos u órganos distintos al miembro viril, a una persona de cualquier sexo.",2019,10,Fiscalía General del Estado - INEC,Denuncias,Paz,ODS 16
4006,01,Azuay,0000,Total Nacional,Ecuador,Seguridad interna,Seguridad ciudadana,Denuncias de violaciones,Total,Total,30,No Aplica,"Es el acceso carnal, con introducción total o parcial del miembro viril, por vía oral, anal o vaginal; o la introducción, por vía vaginal o anal, de objetos, dedos u órganos distintos al miembro viril, a una persona de cualquier sexo.",2019,10,Fiscalía General del Estado - INEC,Denuncias,Paz,ODS 16
4006,02,Bolívar,0000,Total Nacional,Ecuador,Seguridad interna,Seguridad ciudadana,Denuncias de violaciones,Total,Total,3,No Aplica,"Es el acceso carnal, con introducción total o parcial del miembro viril, por vía oral, anal o vaginal; o la introducción, por vía vaginal o anal, de objetos, dedos u órganos distintos al miembro viril, a una persona de cualquier sexo.",2019,10,Fiscalía General del Estado - INEC,Denuncias,Paz,ODS 16
4006,03,Cañar,0000,Total Nacional,Ecuador,Seguridad interna,Seguridad ciudadana,Denuncias de violaciones,Total,Total,11,No Aplica,"Es el acceso carnal, con introducción total o parcial del miembro viril, por vía oral, anal o vaginal; o la introducción, por vía vaginal o anal, de objetos, dedos u órganos distintos al miembro viril, a una persona de cualquier sexo.",2019,10,Fiscalía General del Estado - INEC,Denuncias,Paz,ODS 16
4006,04,Carchi,0000,Total Nacional,Ecuador,Seguridad interna,Seguridad ciudadana,Denuncias de violaciones,Total,Total,1,No Aplica,"Es el acceso carnal, con introducción total o parcial del miembro viril, por vía oral, anal o vaginal; o la introducción, por vía vaginal o anal, de objetos, dedos u órganos distintos al miembro viril, a una persona de cualquier sexo.",2019,10,Fiscalía General del Estado - INEC,Denuncias,Paz,ODS 16
4006,05,Cotopaxi,0000,Total Nacional,Ecuador,Seguridad interna,Seguridad ciudadana,Denuncias de violaciones,Total,Total,11,No Aplica,"Es el acceso carnal, con introducción total o parcial del miembro viril, por vía oral, anal o vaginal; o la introducción, por vía vaginal o anal, de objetos, dedos u órganos distintos al miembro viril, a una persona de cualquier sexo.",2019,10,Fiscalía General del Estado - INEC,Denuncias,Paz,ODS 16
4006,06,Chimborazo,0000,Total Nacional,Ecuador,Seguridad interna,Seguridad ciudadana,Denuncias de violaciones,Total,Total,17,No Aplica,"Es el acceso carnal, con introducción total o parcial del miembro viril, por vía oral, anal o vaginal; o la introducción, por vía vaginal o anal, de objetos, dedos u órganos distintos al miembro viril, a una persona de cualquier sexo.",2019,10,Fiscalía General del Estado - INEC,Denuncias,Paz,ODS 16
4006,07,El Oro,0000,Total Nacional,Ecuador,Seguridad interna,Seguridad ciudadana,Denuncias de violaciones,Total,Total,22,No Aplica,"Es el acceso carnal, con introducción total o parcial del miembro viril, por vía oral, anal o vaginal; o la introducción, por vía vaginal o anal, de objetos, dedos u órganos distintos al miembro viril, a una persona de cualquier sexo.",2019,10,Fiscalía General del Estado - INEC,Denuncias,Paz,ODS 16
4006,08,Esmeraldas,0000,Total Nacional,Ecuador,Seguridad interna,Seguridad ciudadana,Denuncias de violaciones,Total,Total,11,No Aplica,"Es el acceso carnal, con introducción total o parcial del miembro viril, por vía oral, anal o vaginal; o la introducción, por vía vaginal o anal, de objetos, dedos u órganos distintos al miembro viril, a una persona de cualquier sexo.",2019,10,Fiscalía General del Estado - INEC,Denuncias,Paz,ODS 16
4006,09,Guayas,0000,Total Nacional,Ecuador,Seguridad interna,Seguridad ciudadana,Denuncias de violaciones,Total,Total,75,No Aplica,"Es el acceso carnal, con introducción total o parcial del miembro viril, por vía oral, anal o vaginal; o la introducción, por vía vaginal o anal, de objetos, dedos u órganos distintos al miembro viril, a una persona de cualquier sexo.",2019,10,Fiscalía General del Estado - INEC,Denuncias,Paz,ODS 16
4006,10,Imbabura,0000,Total Nacional,Ecuador,Seguridad interna,Seguridad ciudadana,Denuncias de violaciones,Total,Total,10,No Aplica,"Es el acceso carnal, con introducción total o parcial del miembro viril, por vía oral, anal o vaginal; o la introducción, por vía vaginal o anal, de objetos, dedos u órganos distintos al miembro viril, a una persona de cualquier sexo.",2019,10,Fiscalía General del Estado - INEC,Denuncias,Paz,ODS 16
4006,11,Loja,0000,Total Nacional,Ecuador,Seguridad interna,Seguridad ciudadana,Denuncias de violaciones,Total,Total,11,No Aplica,"Es el acceso carnal, con introducción total o parcial del miembro viril, por vía oral, anal o vaginal; o la introducción, por vía vaginal o anal, de objetos, dedos u órganos distintos al miembro viril, a una persona de cualquier sexo.",2019,10,Fiscalía General del Estado - INEC,Denuncias,Paz,ODS 16
4006,12,Los Ríos,0000,Total Nacional,Ecuador,Seguridad interna,Seguridad ciudadana,Denuncias de violaciones,Total,Total,16,No Aplica,"Es el acceso carnal, con introducción total o parcial del miembro viril, por vía oral, anal o vaginal; o la introducción, por vía vaginal o anal, de objetos, dedos u órganos distintos al miembro viril, a una persona de cualquier sexo.",2019,10,Fiscalía General del Estado - INEC,Denuncias,Paz,ODS 16
4006,13,Manabí,0000,Total Nacional,Ecuador,Seguridad interna,Seguridad ciudadana,Denuncias de violaciones,Total,Total,25,No Aplica,"Es el acceso carnal, con introducción total o parcial del miembro viril, por vía oral, anal o vaginal; o la introducción, por vía vaginal o anal, de objetos, dedos u órganos distintos al miembro viril, a una persona de cualquier sexo.",2019,10,Fiscalía General del Estado - INEC,Denuncias,Paz,ODS 16
4006,14,Morona Santiago,0000,Total Nacional,Ecuador,Seguridad interna,Seguridad ciudadana,Denuncias de violaciones,Total,Total,15,No Aplica,"Es el acceso carnal, con introducción total o parcial del miembro viril, por vía oral, anal o vaginal; o la introducción, por vía vaginal o anal, de objetos, dedos u órganos distintos al miembro viril, a una persona de cualquier sexo.",2019,10,Fiscalía General del Estado - INEC,Denuncias,Paz,ODS 16
4006,15,Napo,0000,Total Nacional,Ecuador,Seguridad interna,Seguridad ciudadana,Denuncias de violaciones,Total,Total,7,No Aplica,"Es el acceso carnal, con introducción total o parcial del miembro viril, por vía oral, anal o vaginal; o la introducción, por vía vaginal o anal, de objetos, dedos u órganos distintos al miembro viril, a una persona de cualquier sexo.",2019,10,Fiscalía General del Estado - INEC,Denuncias,Paz,ODS 16
4006,16,Pastaza,0000,Total Nacional,Ecuador,Seguridad interna,Seguridad ciudadana,Denuncias de violaciones,Total,Total,7,No Aplica,"Es el acceso carnal, con introducción total o parcial del miembro viril, por vía oral, anal o vaginal; o la introducción, por vía vaginal o anal, de objetos, dedos u órganos distintos al miembro viril, a una persona de cualquier sexo.",2019,10,Fiscalía General del Estado - INEC,Denuncias,Paz,ODS 16
4006,17,Pichincha,0000,Total Nacional,Ecuador,Seguridad interna,Seguridad ciudadana,Denuncias de violaciones,Total,Total,73,No Aplica,"Es el acceso carnal, con introducción total o parcial del miembro viril, por vía oral, anal o vaginal; o la introducción, por vía vaginal o anal, de objetos, dedos u órganos distintos al miembro viril, a una persona de cualquier sexo.",2019,10,Fiscalía General del Estado - INEC,Denuncias,Paz,ODS 16
4006,18,Tungurahua,0000,Total Nacional,Ecuador,Seguridad interna,Seguridad ciudadana,Denuncias de violaciones,Total,Total,13,No Aplica,"Es el acceso carnal, con introducción total o parcial del miembro viril, por vía oral, anal o vaginal; o la introducción, por vía vaginal o anal, de objetos, dedos u órganos distintos al miembro viril, a una persona de cualquier sexo.",2019,10,Fiscalía General del Estado - INEC,Denuncias,Paz,ODS 16
4006,19,Zamora Chinchipe,0000,Total Nacional,Ecuador,Seguridad interna,Seguridad ciudadana,Denuncias de violaciones,Total,Total,5,No Aplica,"Es el acceso carnal, con introducción total o parcial del miembro viril, por vía oral, anal o vaginal; o la introducción, por vía vaginal o anal, de objetos, dedos u órganos distintos al miembro viril, a una persona de cualquier sexo.",2019,10,Fiscalía General del Estado - INEC,Denuncias,Paz,ODS 16
4006,20,Galápagos,0000,Total Nacional,Ecuador,Seguridad interna,Seguridad ciudadana,Denuncias de violaciones,Total,Total,3,No Aplica,"Es el acceso carnal, con introducción total o parcial del miembro viril, por vía oral, anal o vaginal; o la introducción, por vía vaginal o anal, de objetos, dedos u órganos distintos al miembro viril, a una persona de cualquier sexo.",2019,10,Fiscalía General del Estado - INEC,Denuncias,Paz,ODS 16
4006,21,Sucumbios,0000,Total Nacional,Ecuador,Seguridad interna,Seguridad ciudadana,Denuncias de violaciones,Total,Total,14,No Aplica,"Es el acceso carnal, con introducción total o parcial del miembro viril, por vía oral, anal o vaginal; o la introducción, por vía vaginal o anal, de objetos, dedos u órganos distintos al miembro viril, a una persona de cualquier sexo.",2019,10,Fiscalía General del Estado - INEC,Denuncias,Paz,ODS 16
4006,22,Orellana,0000,Total Nacional,Ecuador,Seguridad interna,Seguridad ciudadana,Denuncias de violaciones,Total,Total,11,No Aplica,"Es el acceso carnal, con introducción total o parcial del miembro viril, por vía oral, anal o vaginal; o la introducción, por vía vaginal o anal, de objetos, dedos u órganos distintos al miembro viril, a una persona de cualquier sexo.",2019,10,Fiscalía General del Estado - INEC,Denuncias,Paz,ODS 16
4006,23,Santo Domingo de los Tsáchilas,0000,Total Nacional,Ecuador,Seguridad interna,Seguridad ciudadana,Denuncias de violaciones,Total,Total,15,No Aplica,"Es el acceso carnal, con introducción total o parcial del miembro viril, por vía oral, anal o vaginal; o la introducción, por vía vaginal o anal, de objetos, dedos u órganos distintos al miembro viril, a una persona de cualquier sexo.",2019,10,Fiscalía General del Estado - INEC,Denuncias,Paz,ODS 16
4006,24,Santa Elena,0000,Total Nacional,Ecuador,Seguridad interna,Seguridad ciudadana,Denuncias de violaciones,Total,Total,10,No Aplica,"Es el acceso carnal, con introducción total o parcial del miembro viril, por vía oral, anal o vaginal; o la introducción, por vía vaginal o anal, de objetos, dedos u órganos distintos al miembro viril, a una persona de cualquier sexo.",2019,10,Fiscalía General del Estado - INEC,Denuncias,Paz,ODS 16
4006,00,Total Nacional,0000,Total Nacional,Ecuador,Seguridad interna,Seguridad ciudadana,Denuncias de violaciones,Total,Total,436,No Aplica,"Es el acceso carnal, con introducción total o parcial del miembro viril, por vía oral, anal o vaginal; o la introducción, por vía vaginal o anal, de objetos, dedos u órganos distintos al miembro viril, a una persona de cualquier sexo.",2019,9,Fiscalía General del Estado - INEC,Denuncias,Paz,ODS 16
4006,01,Azuay,0000,Total Nacional,Ecuador,Seguridad interna,Seguridad ciudadana,Denuncias de violaciones,Total,Total,27,No Aplica,"Es el acceso carnal, con introducción total o parcial del miembro viril, por vía oral, anal o vaginal; o la introducción, por vía vaginal o anal, de objetos, dedos u órganos distintos al miembro viril, a una persona de cualquier sexo.",2019,9,Fiscalía General del Estado - INEC,Denuncias,Paz,ODS 16
4006,02,Bolívar,0000,Total Nacional,Ecuador,Seguridad interna,Seguridad ciudadana,Denuncias de violaciones,Total,Total,9,No Aplica,"Es el acceso carnal, con introducción total o parcial del miembro viril, por vía oral, anal o vaginal; o la introducción, por vía vaginal o anal, de objetos, dedos u órganos distintos al miembro viril, a una persona de cualquier sexo.",2019,9,Fiscalía General del Estado - INEC,Denuncias,Paz,ODS 16
4006,03,Cañar,0000,Total Nacional,Ecuador,Seguridad interna,Seguridad ciudadana,Denuncias de violaciones,Total,Total,9,No Aplica,"Es el acceso carnal, con introducción total o parcial del miembro viril, por vía oral, anal o vaginal; o la introducción, por vía vaginal o anal, de objetos, dedos u órganos distintos al miembro viril, a una persona de cualquier sexo.",2019,9,Fiscalía General del Estado - INEC,Denuncias,Paz,ODS 16
4006,04,Carchi,0000,Total Nacional,Ecuador,Seguridad interna,Seguridad ciudadana,Denuncias de violaciones,Total,Total,4,No Aplica,"Es el acceso carnal, con introducción total o parcial del miembro viril, por vía oral, anal o vaginal; o la introducción, por vía vaginal o anal, de objetos, dedos u órganos distintos al miembro viril, a una persona de cualquier sexo.",2019,9,Fiscalía General del Estado - INEC,Denuncias,Paz,ODS 16
4006,05,Cotopaxi,0000,Total Nacional,Ecuador,Seguridad interna,Seguridad ciudadana,Denuncias de violaciones,Total,Total,9,No Aplica,"Es el acceso carnal, con introducción total o parcial del miembro viril, por vía oral, anal o vaginal; o la introducción, por vía vaginal o anal, de objetos, dedos u órganos distintos al miembro viril, a una persona de cualquier sexo.",2019,9,Fiscalía General del Estado - INEC,Denuncias,Paz,ODS 16
4006,06,Chimborazo,0000,Total Nacional,Ecuador,Seguridad interna,Seguridad ciudadana,Denuncias de violaciones,Total,Total,12,No Aplica,"Es el acceso carnal, con introducción total o parcial del miembro viril, por vía oral, anal o vaginal; o la introducción, por vía vaginal o anal, de objetos, dedos u órganos distintos al miembro viril, a una persona de cualquier sexo.",2019,9,Fiscalía General del Estado - INEC,Denuncias,Paz,ODS 16
4006,07,El Oro,0000,Total Nacional,Ecuador,Seguridad interna,Seguridad ciudadana,Denuncias de violaciones,Total,Total,16,No Aplica,"Es el acceso carnal, con introducción total o parcial del miembro viril, por vía oral, anal o vaginal; o la introducción, por vía vaginal o anal, de objetos, dedos u órganos distintos al miembro viril, a una persona de cualquier sexo.",2019,9,Fiscalía General del Estado - INEC,Denuncias,Paz,ODS 16
4006,08,Esmeraldas,0000,Total Nacional,Ecuador,Seguridad interna,Seguridad ciudadana,Denuncias de violaciones,Total,Total,22,No Aplica,"Es el acceso carnal, con introducción total o parcial del miembro viril, por vía oral, anal o vaginal; o la introducción, por vía vaginal o anal, de objetos, dedos u órganos distintos al miembro viril, a una persona de cualquier sexo.",2019,9,Fiscalía General del Estado - INEC,Denuncias,Paz,ODS 16
4006,09,Guayas,0000,Total Nacional,Ecuador,Seguridad interna,Seguridad ciudadana,Denuncias de violaciones,Total,Total,93,No Aplica,"Es el acceso carnal, con introducción total o parcial del miembro viril, por vía oral, anal o vaginal; o la introducción, por vía vaginal o anal, de objetos, dedos u órganos distintos al miembro viril, a una persona de cualquier sexo.",2019,9,Fiscalía General del Estado - INEC,Denuncias,Paz,ODS 16
4006,10,Imbabura,0000,Total Nacional,Ecuador,Seguridad interna,Seguridad ciudadana,Denuncias de violaciones,Total,Total,12,No Aplica,"Es el acceso carnal, con introducción total o parcial del miembro viril, por vía oral, anal o vaginal; o la introducción, por vía vaginal o anal, de objetos, dedos u órganos distintos al miembro viril, a una persona de cualquier sexo.",2019,9,Fiscalía General del Estado - INEC,Denuncias,Paz,ODS 16
4006,11,Loja,0000,Total Nacional,Ecuador,Seguridad interna,Seguridad ciudadana,Denuncias de violaciones,Total,Total,8,No Aplica,"Es el acceso carnal, con introducción total o parcial del miembro viril, por vía oral, anal o vaginal; o la introducción, por vía vaginal o anal, de objetos, dedos u órganos distintos al miembro viril, a una persona de cualquier sexo.",2019,9,Fiscalía General del Estado - INEC,Denuncias,Paz,ODS 16
4006,12,Los Ríos,0000,Total Nacional,Ecuador,Seguridad interna,Seguridad ciudadana,Denuncias de violaciones,Total,Total,20,No Aplica,"Es el acceso carnal, con introducción total o parcial del miembro viril, por vía oral, anal o vaginal; o la introducción, por vía vaginal o anal, de objetos, dedos u órganos distintos al miembro viril, a una persona de cualquier sexo.",2019,9,Fiscalía General del Estado - INEC,Denuncias,Paz,ODS 16
4006,13,Manabí,0000,Total Nacional,Ecuador,Seguridad interna,Seguridad ciudadana,Denuncias de violaciones,Total,Total,39,No Aplica,"Es el acceso carnal, con introducción total o parcial del miembro viril, por vía oral, anal o vaginal; o la introducción, por vía vaginal o anal, de objetos, dedos u órganos distintos al miembro viril, a una persona de cualquier sexo.",2019,9,Fiscalía General del Estado - INEC,Denuncias,Paz,ODS 16
4006,14,Morona Santiago,0000,Total Nacional,Ecuador,Seguridad interna,Seguridad ciudadana,Denuncias de violaciones,Total,Total,18,No Aplica,"Es el acceso carnal, con introducción total o parcial del miembro viril, por vía oral, anal o vaginal; o la introducción, por vía vaginal o anal, de objetos, dedos u órganos distintos al miembro viril, a una persona de cualquier sexo.",2019,9,Fiscalía General del Estado - INEC,Denuncias,Paz,ODS 16
4006,15,Napo,0000,Total Nacional,Ecuador,Seguridad interna,Seguridad ciudadana,Denuncias de violaciones,Total,Total,7,No Aplica,"Es el acceso carnal, con introducción total o parcial del miembro viril, por vía oral, anal o vaginal; o la introducción, por vía vaginal o anal, de objetos, dedos u órganos distintos al miembro viril, a una persona de cualquier sexo.",2019,9,Fiscalía General del Estado - INEC,Denuncias,Paz,ODS 16
4006,16,Pastaza,0000,Total Nacional,Ecuador,Seguridad interna,Seguridad ciudadana,Denuncias de violaciones,Total,Total,13,No Aplica,"Es el acceso carnal, con introducción total o parcial del miembro viril, por vía oral, anal o vaginal; o la introducción, por vía vaginal o anal, de objetos, dedos u órganos distintos al miembro viril, a una persona de cualquier sexo.",2019,9,Fiscalía General del Estado - INEC,Denuncias,Paz,ODS 16
4006,17,Pichincha,0000,Total Nacional,Ecuador,Seguridad interna,Seguridad ciudadana,Denuncias de violaciones,Total,Total,55,No Aplica,"Es el acceso carnal, con introducción total o parcial del miembro viril, por vía oral, anal o vaginal; o la introducción, por vía vaginal o anal, de objetos, dedos u órganos distintos al miembro viril, a una persona de cualquier sexo.",2019,9,Fiscalía General del Estado - INEC,Denuncias,Paz,ODS 16
4006,18,Tungurahua,0000,Total Nacional,Ecuador,Seguridad interna,Seguridad ciudadana,Denuncias de violaciones,Total,Total,13,No Aplica,"Es el acceso carnal, con introducción total o parcial del miembro viril, por vía oral, anal o vaginal; o la introducción, por vía vaginal o anal, de objetos, dedos u órganos distintos al miembro viril, a una persona de cualquier sexo.",2019,9,Fiscalía General del Estado - INEC,Denuncias,Paz,ODS 16
4006,19,Zamora Chinchipe,0000,Total Nacional,Ecuador,Seguridad interna,Seguridad ciudadana,Denuncias de violaciones,Total,Total,8,No Aplica,"Es el acceso carnal, con introducción total o parcial del miembro viril, por vía oral, anal o vaginal; o la introducción, por vía vaginal o anal, de objetos, dedos u órganos distintos al miembro viril, a una persona de cualquier sexo.",2019,9,Fiscalía General del Estado - INEC,Denuncias,Paz,ODS 16
4006,20,Galápagos,0000,Total Nacional,Ecuador,Seguridad interna,Seguridad ciudadana,Denuncias de violaciones,Total,Total,0,No Aplica,"Es el acceso carnal, con introducción total o parcial del miembro viril, por vía oral, anal o vaginal; o la introducción, por vía vaginal o anal, de objetos, dedos u órganos distintos al miembro viril, a una persona de cualquier sexo.",2019,9,Fiscalía General del Estado - INEC,Denuncias,Paz,ODS 16
4006,21,Sucumbios,0000,Total Nacional,Ecuador,Seguridad interna,Seguridad ciudadana,Denuncias de violaciones,Total,Total,11,No Aplica,"Es el acceso carnal, con introducción total o parcial del miembro viril, por vía oral, anal o vaginal; o la introducción, por vía vaginal o anal, de objetos, dedos u órganos distintos al miembro viril, a una persona de cualquier sexo.",2019,9,Fiscalía General del Estado - INEC,Denuncias,Paz,ODS 16
4006,22,Orellana,0000,Total Nacional,Ecuador,Seguridad interna,Seguridad ciudadana,Denuncias de violaciones,Total,Total,11,No Aplica,"Es el acceso carnal, con introducción total o parcial del miembro viril, por vía oral, anal o vaginal; o la introducción, por vía vaginal o anal, de objetos, dedos u órganos distintos al miembro viril, a una persona de cualquier sexo.",2019,9,Fiscalía General del Estado - INEC,Denuncias,Paz,ODS 16
4006,23,Santo Domingo de los Tsáchilas,0000,Total Nacional,Ecuador,Seguridad interna,Seguridad ciudadana,Denuncias de violaciones,Total,Total,16,No Aplica,"Es el acceso carnal, con introducción total o parcial del miembro viril, por vía oral, anal o vaginal; o la introducción, por vía vaginal o anal, de objetos, dedos u órganos distintos al miembro viril, a una persona de cualquier sexo.",2019,9,Fiscalía General del Estado - INEC,Denuncias,Paz,ODS 16
4006,24,Santa Elena,0000,Total Nacional,Ecuador,Seguridad interna,Seguridad ciudadana,Denuncias de violaciones,Total,Total,4,No Aplica,"Es el acceso carnal, con introducción total o parcial del miembro viril, por vía oral, anal o vaginal; o la introducción, por vía vaginal o anal, de objetos, dedos u órganos distintos al miembro viril, a una persona de cualquier sexo.",2019,9,Fiscalía General del Estado - INEC,Denuncias,Paz,ODS 16
4006,00,Total Nacional,0000,Total Nacional,Ecuador,Seguridad interna,Seguridad ciudadana,Denuncias de violaciones,Total,Total,458,No Aplica,"Es el acceso carnal, con introducción total o parcial del miembro viril, por vía oral, anal o vaginal; o la introducción, por vía vaginal o anal, de objetos, dedos u órganos distintos al miembro viril, a una persona de cualquier sexo.",2019,8,Fiscalía General del Estado - INEC,Denuncias,Paz,ODS 16
4006,01,Azuay,0000,Total Nacional,Ecuador,Seguridad interna,Seguridad ciudadana,Denuncias de violaciones,Total,Total,22,No Aplica,"Es el acceso carnal, con introducción total o parcial del miembro viril, por vía oral, anal o vaginal; o la introducción, por vía vaginal o anal, de objetos, dedos u órganos distintos al miembro viril, a una persona de cualquier sexo.",2019,8,Fiscalía General del Estado - INEC,Denuncias,Paz,ODS 16
4006,02,Bolívar,0000,Total Nacional,Ecuador,Seguridad interna,Seguridad ciudadana,Denuncias de violaciones,Total,Total,7,No Aplica,"Es el acceso carnal, con introducción total o parcial del miembro viril, por vía oral, anal o vaginal; o la introducción, por vía vaginal o anal, de objetos, dedos u órganos distintos al miembro viril, a una persona de cualquier sexo.",2019,8,Fiscalía General del Estado - INEC,Denuncias,Paz,ODS 16
4006,03,Cañar,0000,Total Nacional,Ecuador,Seguridad interna,Seguridad ciudadana,Denuncias de violaciones,Total,Total,6,No Aplica,"Es el acceso carnal, con introducción total o parcial del miembro viril, por vía oral, anal o vaginal; o la introducción, por vía vaginal o anal, de objetos, dedos u órganos distintos al miembro viril, a una persona de cualquier sexo.",2019,8,Fiscalía General del Estado - INEC,Denuncias,Paz,ODS 16
4006,04,Carchi,0000,Total Nacional,Ecuador,Seguridad interna,Seguridad ciudadana,Denuncias de violaciones,Total,Total,5,No Aplica,"Es el acceso carnal, con introducción total o parcial del miembro viril, por vía oral, anal o vaginal; o la introducción, por vía vaginal o anal, de objetos, dedos u órganos distintos al miembro viril, a una persona de cualquier sexo.",2019,8,Fiscalía General del Estado - INEC,Denuncias,Paz,ODS 16
4006,05,Cotopaxi,0000,Total Nacional,Ecuador,Seguridad interna,Seguridad ciudadana,Denuncias de violaciones,Total,Total,12,No Aplica,"Es el acceso carnal, con introducción total o parcial del miembro viril, por vía oral, anal o vaginal; o la introducción, por vía vaginal o anal, de objetos, dedos u órganos distintos al miembro viril, a una persona de cualquier sexo.",2019,8,Fiscalía General del Estado - INEC,Denuncias,Paz,ODS 16
4006,06,Chimborazo,0000,Total Nacional,Ecuador,Seguridad interna,Seguridad ciudadana,Denuncias de violaciones,Total,Total,17,No Aplica,"Es el acceso carnal, con introducción total o parcial del miembro viril, por vía oral, anal o vaginal; o la introducción, por vía vaginal o anal, de objetos, dedos u órganos distintos al miembro viril, a una persona de cualquier sexo.",2019,8,Fiscalía General del Estado - INEC,Denuncias,Paz,ODS 16
4006,07,El Oro,0000,Total Nacional,Ecuador,Seguridad interna,Seguridad ciudadana,Denuncias de violaciones,Total,Total,41,No Aplica,"Es el acceso carnal, con introducción total o parcial del miembro viril, por vía oral, anal o vaginal; o la introducción, por vía vaginal o anal, de objetos, dedos u órganos distintos al miembro viril, a una persona de cualquier sexo.",2019,8,Fiscalía General del Estado - INEC,Denuncias,Paz,ODS 16
4006,08,Esmeraldas,0000,Total Nacional,Ecuador,Seguridad interna,Seguridad ciudadana,Denuncias de violaciones,Total,Total,12,No Aplica,"Es el acceso carnal, con introducción total o parcial del miembro viril, por vía oral, anal o vaginal; o la introducción, por vía vaginal o anal, de objetos, dedos u órganos distintos al miembro viril, a una persona de cualquier sexo.",2019,8,Fiscalía General del Estado - INEC,Denuncias,Paz,ODS 16
4006,09,Guayas,0000,Total Nacional,Ecuador,Seguridad interna,Seguridad ciudadana,Denuncias de violaciones,Total,Total,80,No Aplica,"Es el acceso carnal, con introducción total o parcial del miembro viril, por vía oral, anal o vaginal; o la introducción, por vía vaginal o anal, de objetos, dedos u órganos distintos al miembro viril, a una persona de cualquier sexo.",2019,8,Fiscalía General del Estado - INEC,Denuncias,Paz,ODS 16
4006,10,Imbabura,0000,Total Nacional,Ecuador,Seguridad interna,Seguridad ciudadana,Denuncias de violaciones,Total,Total,20,No Aplica,"Es el acceso carnal, con introducción total o parcial del miembro viril, por vía oral, anal o vaginal; o la introducción, por vía vaginal o anal, de objetos, dedos u órganos distintos al miembro viril, a una persona de cualquier sexo.",2019,8,Fiscalía General del Estado - INEC,Denuncias,Paz,ODS 16
4006,11,Loja,0000,Total Nacional,Ecuador,Seguridad interna,Seguridad ciudadana,Denuncias de violaciones,Total,Total,20,No Aplica,"Es el acceso carnal, con introducción total o parcial del miembro viril, por vía oral, anal o vaginal; o la introducción, por vía vaginal o anal, de objetos, dedos u órganos distintos al miembro viril, a una persona de cualquier sexo.",2019,8,Fiscalía General del Estado - INEC,Denuncias,Paz,ODS 16
4006,12,Los Ríos,0000,Total Nacional,Ecuador,Seguridad interna,Seguridad ciudadana,Denuncias de violaciones,Total,Total,21,No Aplica,"Es el acceso carnal, con introducción total o parcial del miembro viril, por vía oral, anal o vaginal; o la introducción, por vía vaginal o anal, de objetos, dedos u órganos distintos al miembro viril, a una persona de cualquier sexo.",2019,8,Fiscalía General del Estado - INEC,Denuncias,Paz,ODS 16
4006,13,Manabí,0000,Total Nacional,Ecuador,Seguridad interna,Seguridad ciudadana,Denuncias de violaciones,Total,Total,35,No Aplica,"Es el acceso carnal, con introducción total o parcial del miembro viril, por vía oral, anal o vaginal; o la introducción, por vía vaginal o anal, de objetos, dedos u órganos distintos al miembro viril, a una persona de cualquier sexo.",2019,8,Fiscalía General del Estado - INEC,Denuncias,Paz,ODS 16
4006,14,Morona Santiago,0000,Total Nacional,Ecuador,Seguridad interna,Seguridad ciudadana,Denuncias de violaciones,Total,Total,21,No Aplica,"Es el acceso carnal, con introducción total o parcial del miembro viril, por vía oral, anal o vaginal; o la introducción, por vía vaginal o anal, de objetos, dedos u órganos distintos al miembro viril, a una persona de cualquier sexo.",2019,8,Fiscalía General del Estado - INEC,Denuncias,Paz,ODS 16
4006,15,Napo,0000,Total Nacional,Ecuador,Seguridad interna,Seguridad ciudadana,Denuncias de violaciones,Total,Total,10,No Aplica,"Es el acceso carnal, con introducción total o parcial del miembro viril, por vía oral, anal o vaginal; o la introducción, por vía vaginal o anal, de objetos, dedos u órganos distintos al miembro viril, a una persona de cualquier sexo.",2019,8,Fiscalía General del Estado - INEC,Denuncias,Paz,ODS 16
4006,16,Pastaza,0000,Total Nacional,Ecuador,Seguridad interna,Seguridad ciudadana,Denuncias de violaciones,Total,Total,8,No Aplica,"Es el acceso carnal, con introducción total o parcial del miembro viril, por vía oral, anal o vaginal; o la introducción, por vía vaginal o anal, de objetos, dedos u órganos distintos al miembro viril, a una persona de cualquier sexo.",2019,8,Fiscalía General del Estado - INEC,Denuncias,Paz,ODS 16
4006,17,Pichincha,0000,Total Nacional,Ecuador,Seguridad interna,Seguridad ciudadana,Denuncias de violaciones,Total,Total,63,No Aplica,"Es el acceso carnal, con introducción total o parcial del miembro viril, por vía oral, anal o vaginal; o la introducción, por vía vaginal o anal, de objetos, dedos u órganos distintos al miembro viril, a una persona de cualquier sexo.",2019,8,Fiscalía General del Estado - INEC,Denuncias,Paz,ODS 16
4006,18,Tungurahua,0000,Total Nacional,Ecuador,Seguridad interna,Seguridad ciudadana,Denuncias de violaciones,Total,Total,15,No Aplica,"Es el acceso carnal, con introducción total o parcial del miembro viril, por vía oral, anal o vaginal; o la introducción, por vía vaginal o anal, de objetos, dedos u órganos distintos al miembro viril, a una persona de cualquier sexo.",2019,8,Fiscalía General del Estado - INEC,Denuncias,Paz,ODS 16
4006,19,Zamora Chinchipe,0000,Total Nacional,Ecuador,Seguridad interna,Seguridad ciudadana,Denuncias de violaciones,Total,Total,3,No Aplica,"Es el acceso carnal, con introducción total o parcial del miembro viril, por vía oral, anal o vaginal; o la introducción, por vía vaginal o anal, de objetos, dedos u órganos distintos al miembro viril, a una persona de cualquier sexo.",2019,8,Fiscalía General del Estado - INEC,Denuncias,Paz,ODS 16
4006,20,Galápagos,0000,Total Nacional,Ecuador,Seguridad interna,Seguridad ciudadana,Denuncias de violaciones,Total,Total,2,No Aplica,"Es el acceso carnal, con introducción total o parcial del miembro viril, por vía oral, anal o vaginal; o la introducción, por vía vaginal o anal, de objetos, dedos u órganos distintos al miembro viril, a una persona de cualquier sexo.",2019,8,Fiscalía General del Estado - INEC,Denuncias,Paz,ODS 16
4006,21,Sucumbios,0000,Total Nacional,Ecuador,Seguridad interna,Seguridad ciudadana,Denuncias de violaciones,Total,Total,16,No Aplica,"Es el acceso carnal, con introducción total o parcial del miembro viril, por vía oral, anal o vaginal; o la introducción, por vía vaginal o anal, de objetos, dedos u órganos distintos al miembro viril, a una persona de cualquier sexo.",2019,8,Fiscalía General del Estado - INEC,Denuncias,Paz,ODS 16
4006,22,Orellana,0000,Total Nacional,Ecuador,Seguridad interna,Seguridad ciudadana,Denuncias de violaciones,Total,Total,4,No Aplica,"Es el acceso carnal, con introducción total o parcial del miembro viril, por vía oral, anal o vaginal; o la introducción, por vía vaginal o anal, de objetos, dedos u órganos distintos al miembro viril, a una persona de cualquier sexo.",2019,8,Fiscalía General del Estado - INEC,Denuncias,Paz,ODS 16
4006,23,Santo Domingo de los Tsáchilas,0000,Total Nacional,Ecuador,Seguridad interna,Seguridad ciudadana,Denuncias de violaciones,Total,Total,14,No Aplica,"Es el acceso carnal, con introducción total o parcial del miembro viril, por vía oral, anal o vaginal; o la introducción, por vía vaginal o anal, de objetos, dedos u órganos distintos al miembro viril, a una persona de cualquier sexo.",2019,8,Fiscalía General del Estado - INEC,Denuncias,Paz,ODS 16
4006,24,Santa Elena,0000,Total Nacional,Ecuador,Seguridad interna,Seguridad ciudadana,Denuncias de violaciones,Total,Total,4,No Aplica,"Es el acceso carnal, con introducción total o parcial del miembro viril, por vía oral, anal o vaginal; o la introducción, por vía vaginal o anal, de objetos, dedos u órganos distintos al miembro viril, a una persona de cualquier sexo.",2019,8,Fiscalía General del Estado - INEC,Denuncias,Paz,ODS 16
4006,00,Total Nacional,0000,Total Nacional,Ecuador,Seguridad interna,Seguridad ciudadana,Denuncias de violaciones,Total,Total,467,No Aplica,"Es el acceso carnal, con introducción total o parcial del miembro viril, por vía oral, anal o vaginal; o la introducción, por vía vaginal o anal, de objetos, dedos u órganos distintos al miembro viril, a una persona de cualquier sexo.",2019,7,Fiscalía General del Estado - INEC,Denuncias,Paz,ODS 16
4006,01,Azuay,0000,Total Nacional,Ecuador,Seguridad interna,Seguridad ciudadana,Denuncias de violaciones,Total,Total,22,No Aplica,"Es el acceso carnal, con introducción total o parcial del miembro viril, por vía oral, anal o vaginal; o la introducción, por vía vaginal o anal, de objetos, dedos u órganos distintos al miembro viril, a una persona de cualquier sexo.",2019,7,Fiscalía General del Estado - INEC,Denuncias,Paz,ODS 16
4006,02,Bolívar,0000,Total Nacional,Ecuador,Seguridad interna,Seguridad ciudadana,Denuncias de violaciones,Total,Total,9,No Aplica,"Es el acceso carnal, con introducción total o parcial del miembro viril, por vía oral, anal o vaginal; o la introducción, por vía vaginal o anal, de objetos, dedos u órganos distintos al miembro viril, a una persona de cualquier sexo.",2019,7,Fiscalía General del Estado - INEC,Denuncias,Paz,ODS 16
4006,03,Cañar,0000,Total Nacional,Ecuador,Seguridad interna,Seguridad ciudadana,Denuncias de violaciones,Total,Total,5,No Aplica,"Es el acceso carnal, con introducción total o parcial del miembro viril, por vía oral, anal o vaginal; o la introducción, por vía vaginal o anal, de objetos, dedos u órganos distintos al miembro viril, a una persona de cualquier sexo.",2019,7,Fiscalía General del Estado - INEC,Denuncias,Paz,ODS 16
4006,04,Carchi,0000,Total Nacional,Ecuador,Seguridad interna,Seguridad ciudadana,Denuncias de violaciones,Total,Total,1,No Aplica,"Es el acceso carnal, con introducción total o parcial del miembro viril, por vía oral, anal o vaginal; o la introducción, por vía vaginal o anal, de objetos, dedos u órganos distintos al miembro viril, a una persona de cualquier sexo.",2019,7,Fiscalía General del Estado - INEC,Denuncias,Paz,ODS 16
4006,05,Cotopaxi,0000,Total Nacional,Ecuador,Seguridad interna,Seguridad ciudadana,Denuncias de violaciones,Total,Total,14,No Aplica,"Es el acceso carnal, con introducción total o parcial del miembro viril, por vía oral, anal o vaginal; o la introducción, por vía vaginal o anal, de objetos, dedos u órganos distintos al miembro viril, a una persona de cualquier sexo.",2019,7,Fiscalía General del Estado - INEC,Denuncias,Paz,ODS 16
4006,06,Chimborazo,0000,Total Nacional,Ecuador,Seguridad interna,Seguridad ciudadana,Denuncias de violaciones,Total,Total,16,No Aplica,"Es el acceso carnal, con introducción total o parcial del miembro viril, por vía oral, anal o vaginal; o la introducción, por vía vaginal o anal, de objetos, dedos u órganos distintos al miembro viril, a una persona de cualquier sexo.",2019,7,Fiscalía General del Estado - INEC,Denuncias,Paz,ODS 16
4006,07,El Oro,0000,Total Nacional,Ecuador,Seguridad interna,Seguridad ciudadana,Denuncias de violaciones,Total,Total,29,No Aplica,"Es el acceso carnal, con introducción total o parcial del miembro viril, por vía oral, anal o vaginal; o la introducción, por vía vaginal o anal, de objetos, dedos u órganos distintos al miembro viril, a una persona de cualquier sexo.",2019,7,Fiscalía General del Estado - INEC,Denuncias,Paz,ODS 16
4006,08,Esmeraldas,0000,Total Nacional,Ecuador,Seguridad interna,Seguridad ciudadana,Denuncias de violaciones,Total,Total,19,No Aplica,"Es el acceso carnal, con introducción total o parcial del miembro viril, por vía oral, anal o vaginal; o la introducción, por vía vaginal o anal, de objetos, dedos u órganos distintos al miembro viril, a una persona de cualquier sexo.",2019,7,Fiscalía General del Estado - INEC,Denuncias,Paz,ODS 16
4006,09,Guayas,0000,Total Nacional,Ecuador,Seguridad interna,Seguridad ciudadana,Denuncias de violaciones,Total,Total,96,No Aplica,"Es el acceso carnal, con introducción total o parcial del miembro viril, por vía oral, anal o vaginal; o la introducción, por vía vaginal o anal, de objetos, dedos u órganos distintos al miembro viril, a una persona de cualquier sexo.",2019,7,Fiscalía General del Estado - INEC,Denuncias,Paz,ODS 16
4006,10,Imbabura,0000,Total Nacional,Ecuador,Seguridad interna,Seguridad ciudadana,Denuncias de violaciones,Total,Total,14,No Aplica,"Es el acceso carnal, con introducción total o parcial del miembro viril, por vía oral, anal o vaginal; o la introducción, por vía vaginal o anal, de objetos, dedos u órganos distintos al miembro viril, a una persona de cualquier sexo.",2019,7,Fiscalía General del Estado - INEC,Denuncias,Paz,ODS 16
4006,11,Loja,0000,Total Nacional,Ecuador,Seguridad interna,Seguridad ciudadana,Denuncias de violaciones,Total,Total,20,No Aplica,"Es el acceso carnal, con introducción total o parcial del miembro viril, por vía oral, anal o vaginal; o la introducción, por vía vaginal o anal, de objetos, dedos u órganos distintos al miembro viril, a una persona de cualquier sexo.",2019,7,Fiscalía General del Estado - INEC,Denuncias,Paz,ODS 16
4006,12,Los Ríos,0000,Total Nacional,Ecuador,Seguridad interna,Seguridad ciudadana,Denuncias de violaciones,Total,Total,17,No Aplica,"Es el acceso carnal, con introducción total o parcial del miembro viril, por vía oral, anal o vaginal; o la introducción, por vía vaginal o anal, de objetos, dedos u órganos distintos al miembro viril, a una persona de cualquier sexo.",2019,7,Fiscalía General del Estado - INEC,Denuncias,Paz,ODS 16
4006,13,Manabí,0000,Total Nacional,Ecuador,Seguridad interna,Seguridad ciudadana,Denuncias de violaciones,Total,Total,28,No Aplica,"Es el acceso carnal, con introducción total o parcial del miembro viril, por vía oral, anal o vaginal; o la introducción, por vía vaginal o anal, de objetos, dedos u órganos distintos al miembro viril, a una persona de cualquier sexo.",2019,7,Fiscalía General del Estado - INEC,Denuncias,Paz,ODS 16
4006,14,Morona Santiago,0000,Total Nacional,Ecuador,Seguridad interna,Seguridad ciudadana,Denuncias de violaciones,Total,Total,26,No Aplica,"Es el acceso carnal, con introducción total o parcial del miembro viril, por vía oral, anal o vaginal; o la introducción, por vía vaginal o anal, de objetos, dedos u órganos distintos al miembro viril, a una persona de cualquier sexo.",2019,7,Fiscalía General del Estado - INEC,Denuncias,Paz,ODS 16
4006,15,Napo,0000,Total Nacional,Ecuador,Seguridad interna,Seguridad ciudadana,Denuncias de violaciones,Total,Total,7,No Aplica,"Es el acceso carnal, con introducción total o parcial del miembro viril, por vía oral, anal o vaginal; o la introducción, por vía vaginal o anal, de objetos, dedos u órganos distintos al miembro viril, a una persona de cualquier sexo.",2019,7,Fiscalía General del Estado - INEC,Denuncias,Paz,ODS 16
4006,16,Pastaza,0000,Total Nacional,Ecuador,Seguridad interna,Seguridad ciudadana,Denuncias de violaciones,Total,Total,12,No Aplica,"Es el acceso carnal, con introducción total o parcial del miembro viril, por vía oral, anal o vaginal; o la introducción, por vía vaginal o anal, de objetos, dedos u órganos distintos al miembro viril, a una persona de cualquier sexo.",2019,7,Fiscalía General del Estado - INEC,Denuncias,Paz,ODS 16
4006,17,Pichincha,0000,Total Nacional,Ecuador,Seguridad interna,Seguridad ciudadana,Denuncias de violaciones,Total,Total,68,No Aplica,"Es el acceso carnal, con introducción total o parcial del miembro viril, por vía oral, anal o vaginal; o la introducción, por vía vaginal o anal, de objetos, dedos u órganos distintos al miembro viril, a una persona de cualquier sexo.",2019,7,Fiscalía General del Estado - INEC,Denuncias,Paz,ODS 16
4006,18,Tungurahua,0000,Total Nacional,Ecuador,Seguridad interna,Seguridad ciudadana,Denuncias de violaciones,Total,Total,15,No Aplica,"Es el acceso carnal, con introducción total o parcial del miembro viril, por vía oral, anal o vaginal; o la introducción, por vía vaginal o anal, de objetos, dedos u órganos distintos al miembro viril, a una persona de cualquier sexo.",2019,7,Fiscalía General del Estado - INEC,Denuncias,Paz,ODS 16
4006,19,Zamora Chinchipe,0000,Total Nacional,Ecuador,Seguridad interna,Seguridad ciudadana,Denuncias de violaciones,Total,Total,5,No Aplica,"Es el acceso carnal, con introducción total o parcial del miembro viril, por vía oral, anal o vaginal; o la introducción, por vía vaginal o anal, de objetos, dedos u órganos distintos al miembro viril, a una persona de cualquier sexo.",2019,7,Fiscalía General del Estado - INEC,Denuncias,Paz,ODS 16
4006,20,Galápagos,0000,Total Nacional,Ecuador,Seguridad interna,Seguridad ciudadana,Denuncias de violaciones,Total,Total,0,No Aplica,"Es el acceso carnal, con introducción total o parcial del miembro viril, por vía oral, anal o vaginal; o la introducción, por vía vaginal o anal, de objetos, dedos u órganos distintos al miembro viril, a una persona de cualquier sexo.",2019,7,Fiscalía General del Estado - INEC,Denuncias,Paz,ODS 16
4006,21,Sucumbios,0000,Total Nacional,Ecuador,Seguridad interna,Seguridad ciudadana,Denuncias de violaciones,Total,Total,14,No Aplica,"Es el acceso carnal, con introducción total o parcial del miembro viril, por vía oral, anal o vaginal; o la introducción, por vía vaginal o anal, de objetos, dedos u órganos distintos al miembro viril, a una persona de cualquier sexo.",2019,7,Fiscalía General del Estado - INEC,Denuncias,Paz,ODS 16
4006,22,Orellana,0000,Total Nacional,Ecuador,Seguridad interna,Seguridad ciudadana,Denuncias de violaciones,Total,Total,8,No Aplica,"Es el acceso carnal, con introducción total o parcial del miembro viril, por vía oral, anal o vaginal; o la introducción, por vía vaginal o anal, de objetos, dedos u órganos distintos al miembro viril, a una persona de cualquier sexo.",2019,7,Fiscalía General del Estado - INEC,Denuncias,Paz,ODS 16
4006,23,Santo Domingo de los Tsáchilas,0000,Total Nacional,Ecuador,Seguridad interna,Seguridad ciudadana,Denuncias de violaciones,Total,Total,12,No Aplica,"Es el acceso carnal, con introducción total o parcial del miembro viril, por vía oral, anal o vaginal; o la introducción, por vía vaginal o anal, de objetos, dedos u órganos distintos al miembro viril, a una persona de cualquier sexo.",2019,7,Fiscalía General del Estado - INEC,Denuncias,Paz,ODS 16
4006,24,Santa Elena,0000,Total Nacional,Ecuador,Seguridad interna,Seguridad ciudadana,Denuncias de violaciones,Total,Total,10,No Aplica,"Es el acceso carnal, con introducción total o parcial del miembro viril, por vía oral, anal o vaginal; o la introducción, por vía vaginal o anal, de objetos, dedos u órganos distintos al miembro viril, a una persona de cualquier sexo.",2019,7,Fiscalía General del Estado - INEC,Denuncias,Paz,ODS 16
4006,00,Total Nacional,0000,Total Nacional,Ecuador,Seguridad interna,Seguridad ciudadana,Denuncias de violaciones,Total,Total,497,No Aplica,"Es el acceso carnal, con introducción total o parcial del miembro viril, por vía oral, anal o vaginal; o la introducción, por vía vaginal o anal, de objetos, dedos u órganos distintos al miembro viril, a una persona de cualquier sexo.",2019,6,Fiscalía General del Estado - INEC,Denuncias,Paz,ODS 16
4006,01,Azuay,0000,Total Nacional,Ecuador,Seguridad interna,Seguridad ciudadana,Denuncias de violaciones,Total,Total,32,No Aplica,"Es el acceso carnal, con introducción total o parcial del miembro viril, por vía oral, anal o vaginal; o la introducción, por vía vaginal o anal, de objetos, dedos u órganos distintos al miembro viril, a una persona de cualquier sexo.",2019,6,Fiscalía General del Estado - INEC,Denuncias,Paz,ODS 16
4006,02,Bolívar,0000,Total Nacional,Ecuador,Seguridad interna,Seguridad ciudadana,Denuncias de violaciones,Total,Total,10,No Aplica,"Es el acceso carnal, con introducción total o parcial del miembro viril, por vía oral, anal o vaginal; o la introducción, por vía vaginal o anal, de objetos, dedos u órganos distintos al miembro viril, a una persona de cualquier sexo.",2019,6,Fiscalía General del Estado - INEC,Denuncias,Paz,ODS 16
4006,03,Cañar,0000,Total Nacional,Ecuador,Seguridad interna,Seguridad ciudadana,Denuncias de violaciones,Total,Total,10,No Aplica,"Es el acceso carnal, con introducción total o parcial del miembro viril, por vía oral, anal o vaginal; o la introducción, por vía vaginal o anal, de objetos, dedos u órganos distintos al miembro viril, a una persona de cualquier sexo.",2019,6,Fiscalía General del Estado - INEC,Denuncias,Paz,ODS 16
4006,04,Carchi,0000,Total Nacional,Ecuador,Seguridad interna,Seguridad ciudadana,Denuncias de violaciones,Total,Total,6,No Aplica,"Es el acceso carnal, con introducción total o parcial del miembro viril, por vía oral, anal o vaginal; o la introducción, por vía vaginal o anal, de objetos, dedos u órganos distintos al miembro viril, a una persona de cualquier sexo.",2019,6,Fiscalía General del Estado - INEC,Denuncias,Paz,ODS 16
4006,05,Cotopaxi,0000,Total Nacional,Ecuador,Seguridad interna,Seguridad ciudadana,Denuncias de violaciones,Total,Total,20,No Aplica,"Es el acceso carnal, con introducción total o parcial del miembro viril, por vía oral, anal o vaginal; o la introducción, por vía vaginal o anal, de objetos, dedos u órganos distintos al miembro viril, a una persona de cualquier sexo.",2019,6,Fiscalía General del Estado - INEC,Denuncias,Paz,ODS 16
4006,06,Chimborazo,0000,Total Nacional,Ecuador,Seguridad interna,Seguridad ciudadana,Denuncias de violaciones,Total,Total,18,No Aplica,"Es el acceso carnal, con introducción total o parcial del miembro viril, por vía oral, anal o vaginal; o la introducción, por vía vaginal o anal, de objetos, dedos u órganos distintos al miembro viril, a una persona de cualquier sexo.",2019,6,Fiscalía General del Estado - INEC,Denuncias,Paz,ODS 16
4006,07,El Oro,0000,Total Nacional,Ecuador,Seguridad interna,Seguridad ciudadana,Denuncias de violaciones,Total,Total,35,No Aplica,"Es el acceso carnal, con introducción total o parcial del miembro viril, por vía oral, anal o vaginal; o la introducción, por vía vaginal o anal, de objetos, dedos u órganos distintos al miembro viril, a una persona de cualquier sexo.",2019,6,Fiscalía General del Estado - INEC,Denuncias,Paz,ODS 16
4006,08,Esmeraldas,0000,Total Nacional,Ecuador,Seguridad interna,Seguridad ciudadana,Denuncias de violaciones,Total,Total,19,No Aplica,"Es el acceso carnal, con introducción total o parcial del miembro viril, por vía oral, anal o vaginal; o la introducción, por vía vaginal o anal, de objetos, dedos u órganos distintos al miembro viril, a una persona de cualquier sexo.",2019,6,Fiscalía General del Estado - INEC,Denuncias,Paz,ODS 16
4006,09,Guayas,0000,Total Nacional,Ecuador,Seguridad interna,Seguridad ciudadana,Denuncias de violaciones,Total,Total,88,No Aplica,"Es el acceso carnal, con introducción total o parcial del miembro viril, por vía oral, anal o vaginal; o la introducción, por vía vaginal o anal, de objetos, dedos u órganos distintos al miembro viril, a una persona de cualquier sexo.",2019,6,Fiscalía General del Estado - INEC,Denuncias,Paz,ODS 16
4006,10,Imbabura,0000,Total Nacional,Ecuador,Seguridad interna,Seguridad ciudadana,Denuncias de violaciones,Total,Total,11,No Aplica,"Es el acceso carnal, con introducción total o parcial del miembro viril, por vía oral, anal o vaginal; o la introducción, por vía vaginal o anal, de objetos, dedos u órganos distintos al miembro viril, a una persona de cualquier sexo.",2019,6,Fiscalía General del Estado - INEC,Denuncias,Paz,ODS 16
4006,11,Loja,0000,Total Nacional,Ecuador,Seguridad interna,Seguridad ciudadana,Denuncias de violaciones,Total,Total,12,No Aplica,"Es el acceso carnal, con introducción total o parcial del miembro viril, por vía oral, anal o vaginal; o la introducción, por vía vaginal o anal, de objetos, dedos u órganos distintos al miembro viril, a una persona de cualquier sexo.",2019,6,Fiscalía General del Estado - INEC,Denuncias,Paz,ODS 16
4006,12,Los Ríos,0000,Total Nacional,Ecuador,Seguridad interna,Seguridad ciudadana,Denuncias de violaciones,Total,Total,16,No Aplica,"Es el acceso carnal, con introducción total o parcial del miembro viril, por vía oral, anal o vaginal; o la introducción, por vía vaginal o anal, de objetos, dedos u órganos distintos al miembro viril, a una persona de cualquier sexo.",2019,6,Fiscalía General del Estado - INEC,Denuncias,Paz,ODS 16
4006,13,Manabí,0000,Total Nacional,Ecuador,Seguridad interna,Seguridad ciudadana,Denuncias de violaciones,Total,Total,33,No Aplica,"Es el acceso carnal, con introducción total o parcial del miembro viril, por vía oral, anal o vaginal; o la introducción, por vía vaginal o anal, de objetos, dedos u órganos distintos al miembro viril, a una persona de cualquier sexo.",2019,6,Fiscalía General del Estado - INEC,Denuncias,Paz,ODS 16
4006,14,Morona Santiago,0000,Total Nacional,Ecuador,Seguridad interna,Seguridad ciudadana,Denuncias de violaciones,Total,Total,18,No Aplica,"Es el acceso carnal, con introducción total o parcial del miembro viril, por vía oral, anal o vaginal; o la introducción, por vía vaginal o anal, de objetos, dedos u órganos distintos al miembro viril, a una persona de cualquier sexo.",2019,6,Fiscalía General del Estado - INEC,Denuncias,Paz,ODS 16
4006,15,Napo,0000,Total Nacional,Ecuador,Seguridad interna,Seguridad ciudadana,Denuncias de violaciones,Total,Total,2,No Aplica,"Es el acceso carnal, con introducción total o parcial del miembro viril, por vía oral, anal o vaginal; o la introducción, por vía vaginal o anal, de objetos, dedos u órganos distintos al miembro viril, a una persona de cualquier sexo.",2019,6,Fiscalía General del Estado - INEC,Denuncias,Paz,ODS 16
4006,16,Pastaza,0000,Total Nacional,Ecuador,Seguridad interna,Seguridad ciudadana,Denuncias de violaciones,Total,Total,8,No Aplica,"Es el acceso carnal, con introducción total o parcial del miembro viril, por vía oral, anal o vaginal; o la introducción, por vía vaginal o anal, de objetos, dedos u órganos distintos al miembro viril, a una persona de cualquier sexo.",2019,6,Fiscalía General del Estado - INEC,Denuncias,Paz,ODS 16
4006,17,Pichincha,0000,Total Nacional,Ecuador,Seguridad interna,Seguridad ciudadana,Denuncias de violaciones,Total,Total,88,No Aplica,"Es el acceso carnal, con introducción total o parcial del miembro viril, por vía oral, anal o vaginal; o la introducción, por vía vaginal o anal, de objetos, dedos u órganos distintos al miembro viril, a una persona de cualquier sexo.",2019,6,Fiscalía General del Estado - INEC,Denuncias,Paz,ODS 16
4006,18,Tungurahua,0000,Total Nacional,Ecuador,Seguridad interna,Seguridad ciudadana,Denuncias de violaciones,Total,Total,9,No Aplica,"Es el acceso carnal, con introducción total o parcial del miembro viril, por vía oral, anal o vaginal; o la introducción, por vía vaginal o anal, de objetos, dedos u órganos distintos al miembro viril, a una persona de cualquier sexo.",2019,6,Fiscalía General del Estado - INEC,Denuncias,Paz,ODS 16
4006,19,Zamora Chinchipe,0000,Total Nacional,Ecuador,Seguridad interna,Seguridad ciudadana,Denuncias de violaciones,Total,Total,4,No Aplica,"Es el acceso carnal, con introducción total o parcial del miembro viril, por vía oral, anal o vaginal; o la introducción, por vía vaginal o anal, de objetos, dedos u órganos distintos al miembro viril, a una persona de cualquier sexo.",2019,6,Fiscalía General del Estado - INEC,Denuncias,Paz,ODS 16
4006,20,Galápagos,0000,Total Nacional,Ecuador,Seguridad interna,Seguridad ciudadana,Denuncias de violaciones,Total,Total,2,No Aplica,"Es el acceso carnal, con introducción total o parcial del miembro viril, por vía oral, anal o vaginal; o la introducción, por vía vaginal o anal, de objetos, dedos u órganos distintos al miembro viril, a una persona de cualquier sexo.",2019,6,Fiscalía General del Estado - INEC,Denuncias,Paz,ODS 16
4006,21,Sucumbios,0000,Total Nacional,Ecuador,Seguridad interna,Seguridad ciudadana,Denuncias de violaciones,Total,Total,17,No Aplica,"Es el acceso carnal, con introducción total o parcial del miembro viril, por vía oral, anal o vaginal; o la introducción, por vía vaginal o anal, de objetos, dedos u órganos distintos al miembro viril, a una persona de cualquier sexo.",2019,6,Fiscalía General del Estado - INEC,Denuncias,Paz,ODS 16
4006,22,Orellana,0000,Total Nacional,Ecuador,Seguridad interna,Seguridad ciudadana,Denuncias de violaciones,Total,Total,4,No Aplica,"Es el acceso carnal, con introducción total o parcial del miembro viril, por vía oral, anal o vaginal; o la introducción, por vía vaginal o anal, de objetos, dedos u órganos distintos al miembro viril, a una persona de cualquier sexo.",2019,6,Fiscalía General del Estado - INEC,Denuncias,Paz,ODS 16
4006,23,Santo Domingo de los Tsáchilas,0000,Total Nacional,Ecuador,Seguridad interna,Seguridad ciudadana,Denuncias de violaciones,Total,Total,28,No Aplica,"Es el acceso carnal, con introducción total o parcial del miembro viril, por vía oral, anal o vaginal; o la introducción, por vía vaginal o anal, de objetos, dedos u órganos distintos al miembro viril, a una persona de cualquier sexo.",2019,6,Fiscalía General del Estado - INEC,Denuncias,Paz,ODS 16
4006,24,Santa Elena,0000,Total Nacional,Ecuador,Seguridad interna,Seguridad ciudadana,Denuncias de violaciones,Total,Total,7,No Aplica,"Es el acceso carnal, con introducción total o parcial del miembro viril, por vía oral, anal o vaginal; o la introducción, por vía vaginal o anal, de objetos, dedos u órganos distintos al miembro viril, a una persona de cualquier sexo.",2019,6,Fiscalía General del Estado - INEC,Denuncias,Paz,ODS 16
4006,00,Total Nacional,0000,Total Nacional,Ecuador,Seguridad interna,Seguridad ciudadana,Denuncias de violaciones,Total,Total,504,No Aplica,"Es el acceso carnal, con introducción total o parcial del miembro viril, por vía oral, anal o vaginal; o la introducción, por vía vaginal o anal, de objetos, dedos u órganos distintos al miembro viril, a una persona de cualquier sexo.",2019,5,Fiscalía General del Estado - INEC,Denuncias,Paz,ODS 16
4006,01,Azuay,0000,Total Nacional,Ecuador,Seguridad interna,Seguridad ciudadana,Denuncias de violaciones,Total,Total,35,No Aplica,"Es el acceso carnal, con introducción total o parcial del miembro viril, por vía oral, anal o vaginal; o la introducción, por vía vaginal o anal, de objetos, dedos u órganos distintos al miembro viril, a una persona de cualquier sexo.",2019,5,Fiscalía General del Estado - INEC,Denuncias,Paz,ODS 16
4006,02,Bolívar,0000,Total Nacional,Ecuador,Seguridad interna,Seguridad ciudadana,Denuncias de violaciones,Total,Total,3,No Aplica,"Es el acceso carnal, con introducción total o parcial del miembro viril, por vía oral, anal o vaginal; o la introducción, por vía vaginal o anal, de objetos, dedos u órganos distintos al miembro viril, a una persona de cualquier sexo.",2019,5,Fiscalía General del Estado - INEC,Denuncias,Paz,ODS 16
4006,03,Cañar,0000,Total Nacional,Ecuador,Seguridad interna,Seguridad ciudadana,Denuncias de violaciones,Total,Total,5,No Aplica,"Es el acceso carnal, con introducción total o parcial del miembro viril, por vía oral, anal o vaginal; o la introducción, por vía vaginal o anal, de objetos, dedos u órganos distintos al miembro viril, a una persona de cualquier sexo.",2019,5,Fiscalía General del Estado - INEC,Denuncias,Paz,ODS 16
4006,04,Carchi,0000,Total Nacional,Ecuador,Seguridad interna,Seguridad ciudadana,Denuncias de violaciones,Total,Total,6,No Aplica,"Es el acceso carnal, con introducción total o parcial del miembro viril, por vía oral, anal o vaginal; o la introducción, por vía vaginal o anal, de objetos, dedos u órganos distintos al miembro viril, a una persona de cualquier sexo.",2019,5,Fiscalía General del Estado - INEC,Denuncias,Paz,ODS 16
4006,05,Cotopaxi,0000,Total Nacional,Ecuador,Seguridad interna,Seguridad ciudadana,Denuncias de violaciones,Total,Total,11,No Aplica,"Es el acceso carnal, con introducción total o parcial del miembro viril, por vía oral, anal o vaginal; o la introducción, por vía vaginal o anal, de objetos, dedos u órganos distintos al miembro viril, a una persona de cualquier sexo.",2019,5,Fiscalía General del Estado - INEC,Denuncias,Paz,ODS 16
4006,06,Chimborazo,0000,Total Nacional,Ecuador,Seguridad interna,Seguridad ciudadana,Denuncias de violaciones,Total,Total,17,No Aplica,"Es el acceso carnal, con introducción total o parcial del miembro viril, por vía oral, anal o vaginal; o la introducción, por vía vaginal o anal, de objetos, dedos u órganos distintos al miembro viril, a una persona de cualquier sexo.",2019,5,Fiscalía General del Estado - INEC,Denuncias,Paz,ODS 16
4006,07,El Oro,0000,Total Nacional,Ecuador,Seguridad interna,Seguridad ciudadana,Denuncias de violaciones,Total,Total,33,No Aplica,"Es el acceso carnal, con introducción total o parcial del miembro viril, por vía oral, anal o vaginal; o la introducción, por vía vaginal o anal, de objetos, dedos u órganos distintos al miembro viril, a una persona de cualquier sexo.",2019,5,Fiscalía General del Estado - INEC,Denuncias,Paz,ODS 16
4006,08,Esmeraldas,0000,Total Nacional,Ecuador,Seguridad interna,Seguridad ciudadana,Denuncias de violaciones,Total,Total,32,No Aplica,"Es el acceso carnal, con introducción total o parcial del miembro viril, por vía oral, anal o vaginal; o la introducción, por vía vaginal o anal, de objetos, dedos u órganos distintos al miembro viril, a una persona de cualquier sexo.",2019,5,Fiscalía General del Estado - INEC,Denuncias,Paz,ODS 16
4006,09,Guayas,0000,Total Nacional,Ecuador,Seguridad interna,Seguridad ciudadana,Denuncias de violaciones,Total,Total,94,No Aplica,"Es el acceso carnal, con introducción total o parcial del miembro viril, por vía oral, anal o vaginal; o la introducción, por vía vaginal o anal, de objetos, dedos u órganos distintos al miembro viril, a una persona de cualquier sexo.",2019,5,Fiscalía General del Estado - INEC,Denuncias,Paz,ODS 16
4006,10,Imbabura,0000,Total Nacional,Ecuador,Seguridad interna,Seguridad ciudadana,Denuncias de violaciones,Total,Total,6,No Aplica,"Es el acceso carnal, con introducción total o parcial del miembro viril, por vía oral, anal o vaginal; o la introducción, por vía vaginal o anal, de objetos, dedos u órganos distintos al miembro viril, a una persona de cualquier sexo.",2019,5,Fiscalía General del Estado - INEC,Denuncias,Paz,ODS 16
4006,11,Loja,0000,Total Nacional,Ecuador,Seguridad interna,Seguridad ciudadana,Denuncias de violaciones,Total,Total,21,No Aplica,"Es el acceso carnal, con introducción total o parcial del miembro viril, por vía oral, anal o vaginal; o la introducción, por vía vaginal o anal, de objetos, dedos u órganos distintos al miembro viril, a una persona de cualquier sexo.",2019,5,Fiscalía General del Estado - INEC,Denuncias,Paz,ODS 16
4006,12,Los Ríos,0000,Total Nacional,Ecuador,Seguridad interna,Seguridad ciudadana,Denuncias de violaciones,Total,Total,18,No Aplica,"Es el acceso carnal, con introducción total o parcial del miembro viril, por vía oral, anal o vaginal; o la introducción, por vía vaginal o anal, de objetos, dedos u órganos distintos al miembro viril, a una persona de cualquier sexo.",2019,5,Fiscalía General del Estado - INEC,Denuncias,Paz,ODS 16
4006,13,Manabí,0000,Total Nacional,Ecuador,Seguridad interna,Seguridad ciudadana,Denuncias de violaciones,Total,Total,38,No Aplica,"Es el acceso carnal, con introducción total o parcial del miembro viril, por vía oral, anal o vaginal; o la introducción, por vía vaginal o anal, de objetos, dedos u órganos distintos al miembro viril, a una persona de cualquier sexo.",2019,5,Fiscalía General del Estado - INEC,Denuncias,Paz,ODS 16
4006,14,Morona Santiago,0000,Total Nacional,Ecuador,Seguridad interna,Seguridad ciudadana,Denuncias de violaciones,Total,Total,25,No Aplica,"Es el acceso carnal, con introducción total o parcial del miembro viril, por vía oral, anal o vaginal; o la introducción, por vía vaginal o anal, de objetos, dedos u órganos distintos al miembro viril, a una persona de cualquier sexo.",2019,5,Fiscalía General del Estado - INEC,Denuncias,Paz,ODS 16
4006,15,Napo,0000,Total Nacional,Ecuador,Seguridad interna,Seguridad ciudadana,Denuncias de violaciones,Total,Total,4,No Aplica,"Es el acceso carnal, con introducción total o parcial del miembro viril, por vía oral, anal o vaginal; o la introducción, por vía vaginal o anal, de objetos, dedos u órganos distintos al miembro viril, a una persona de cualquier sexo.",2019,5,Fiscalía General del Estado - INEC,Denuncias,Paz,ODS 16
4006,16,Pastaza,0000,Total Nacional,Ecuador,Seguridad interna,Seguridad ciudadana,Denuncias de violaciones,Total,Total,7,No Aplica,"Es el acceso carnal, con introducción total o parcial del miembro viril, por vía oral, anal o vaginal; o la introducción, por vía vaginal o anal, de objetos, dedos u órganos distintos al miembro viril, a una persona de cualquier sexo.",2019,5,Fiscalía General del Estado - INEC,Denuncias,Paz,ODS 16
4006,17,Pichincha,0000,Total Nacional,Ecuador,Seguridad interna,Seguridad ciudadana,Denuncias de violaciones,Total,Total,85,No Aplica,"Es el acceso carnal, con introducción total o parcial del miembro viril, por vía oral, anal o vaginal; o la introducción, por vía vaginal o anal, de objetos, dedos u órganos distintos al miembro viril, a una persona de cualquier sexo.",2019,5,Fiscalía General del Estado - INEC,Denuncias,Paz,ODS 16
4006,18,Tungurahua,0000,Total Nacional,Ecuador,Seguridad interna,Seguridad ciudadana,Denuncias de violaciones,Total,Total,11,No Aplica,"Es el acceso carnal, con introducción total o parcial del miembro viril, por vía oral, anal o vaginal; o la introducción, por vía vaginal o anal, de objetos, dedos u órganos distintos al miembro viril, a una persona de cualquier sexo.",2019,5,Fiscalía General del Estado - INEC,Denuncias,Paz,ODS 16
4006,19,Zamora Chinchipe,0000,Total Nacional,Ecuador,Seguridad interna,Seguridad ciudadana,Denuncias de violaciones,Total,Total,6,No Aplica,"Es el acceso carnal, con introducción total o parcial del miembro viril, por vía oral, anal o vaginal; o la introducción, por vía vaginal o anal, de objetos, dedos u órganos distintos al miembro viril, a una persona de cualquier sexo.",2019,5,Fiscalía General del Estado - INEC,Denuncias,Paz,ODS 16
4006,20,Galápagos,0000,Total Nacional,Ecuador,Seguridad interna,Seguridad ciudadana,Denuncias de violaciones,Total,Total,4,No Aplica,"Es el acceso carnal, con introducción total o parcial del miembro viril, por vía oral, anal o vaginal; o la introducción, por vía vaginal o anal, de objetos, dedos u órganos distintos al miembro viril, a una persona de cualquier sexo.",2019,5,Fiscalía General del Estado - INEC,Denuncias,Paz,ODS 16
4006,21,Sucumbios,0000,Total Nacional,Ecuador,Seguridad interna,Seguridad ciudadana,Denuncias de violaciones,Total,Total,14,No Aplica,"Es el acceso carnal, con introducción total o parcial del miembro viril, por vía oral, anal o vaginal; o la introducción, por vía vaginal o anal, de objetos, dedos u órganos distintos al miembro viril, a una persona de cualquier sexo.",2019,5,Fiscalía General del Estado - INEC,Denuncias,Paz,ODS 16
4006,22,Orellana,0000,Total Nacional,Ecuador,Seguridad interna,Seguridad ciudadana,Denuncias de violaciones,Total,Total,3,No Aplica,"Es el acceso carnal, con introducción total o parcial del miembro viril, por vía oral, anal o vaginal; o la introducción, por vía vaginal o anal, de objetos, dedos u órganos distintos al miembro viril, a una persona de cualquier sexo.",2019,5,Fiscalía General del Estado - INEC,Denuncias,Paz,ODS 16
4006,23,Santo Domingo de los Tsáchilas,0000,Total Nacional,Ecuador,Seguridad interna,Seguridad ciudadana,Denuncias de violaciones,Total,Total,18,No Aplica,"Es el acceso carnal, con introducción total o parcial del miembro viril, por vía oral, anal o vaginal; o la introducción, por vía vaginal o anal, de objetos, dedos u órganos distintos al miembro viril, a una persona de cualquier sexo.",2019,5,Fiscalía General del Estado - INEC,Denuncias,Paz,ODS 16
4006,24,Santa Elena,0000,Total Nacional,Ecuador,Seguridad interna,Seguridad ciudadana,Denuncias de violaciones,Total,Total,8,No Aplica,"Es el acceso carnal, con introducción total o parcial del miembro viril, por vía oral, anal o vaginal; o la introducción, por vía vaginal o anal, de objetos, dedos u órganos distintos al miembro viril, a una persona de cualquier sexo.",2019,5,Fiscalía General del Estado - INEC,Denuncias,Paz,ODS 16
4006,00,Total Nacional,0000,Total Nacional,Ecuador,Seguridad interna,Seguridad ciudadana,Denuncias de violaciones,Total,Total,449,No Aplica,"Es el acceso carnal, con introducción total o parcial del miembro viril, por vía oral, anal o vaginal; o la introducción, por vía vaginal o anal, de objetos, dedos u órganos distintos al miembro viril, a una persona de cualquier sexo.",2019,4,Fiscalía General del Estado - INEC,Denuncias,Paz,ODS 16
4006,01,Azuay,0000,Total Nacional,Ecuador,Seguridad interna,Seguridad ciudadana,Denuncias de violaciones,Total,Total,29,No Aplica,"Es el acceso carnal, con introducción total o parcial del miembro viril, por vía oral, anal o vaginal; o la introducción, por vía vaginal o anal, de objetos, dedos u órganos distintos al miembro viril, a una persona de cualquier sexo.",2019,4,Fiscalía General del Estado - INEC,Denuncias,Paz,ODS 16
4006,02,Bolívar,0000,Total Nacional,Ecuador,Seguridad interna,Seguridad ciudadana,Denuncias de violaciones,Total,Total,2,No Aplica,"Es el acceso carnal, con introducción total o parcial del miembro viril, por vía oral, anal o vaginal; o la introducción, por vía vaginal o anal, de objetos, dedos u órganos distintos al miembro viril, a una persona de cualquier sexo.",2019,4,Fiscalía General del Estado - INEC,Denuncias,Paz,ODS 16
4006,03,Cañar,0000,Total Nacional,Ecuador,Seguridad interna,Seguridad ciudadana,Denuncias de violaciones,Total,Total,8,No Aplica,"Es el acceso carnal, con introducción total o parcial del miembro viril, por vía oral, anal o vaginal; o la introducción, por vía vaginal o anal, de objetos, dedos u órganos distintos al miembro viril, a una persona de cualquier sexo.",2019,4,Fiscalía General del Estado - INEC,Denuncias,Paz,ODS 16
4006,04,Carchi,0000,Total Nacional,Ecuador,Seguridad interna,Seguridad ciudadana,Denuncias de violaciones,Total,Total,4,No Aplica,"Es el acceso carnal, con introducción total o parcial del miembro viril, por vía oral, anal o vaginal; o la introducción, por vía vaginal o anal, de objetos, dedos u órganos distintos al miembro viril, a una persona de cualquier sexo.",2019,4,Fiscalía General del Estado - INEC,Denuncias,Paz,ODS 16
4006,05,Cotopaxi,0000,Total Nacional,Ecuador,Seguridad interna,Seguridad ciudadana,Denuncias de violaciones,Total,Total,12,No Aplica,"Es el acceso carnal, con introducción total o parcial del miembro viril, por vía oral, anal o vaginal; o la introducción, por vía vaginal o anal, de objetos, dedos u órganos distintos al miembro viril, a una persona de cualquier sexo.",2019,4,Fiscalía General del Estado - INEC,Denuncias,Paz,ODS 16
4006,06,Chimborazo,0000,Total Nacional,Ecuador,Seguridad interna,Seguridad ciudadana,Denuncias de violaciones,Total,Total,8,No Aplica,"Es el acceso carnal, con introducción total o parcial del miembro viril, por vía oral, anal o vaginal; o la introducción, por vía vaginal o anal, de objetos, dedos u órganos distintos al miembro viril, a una persona de cualquier sexo.",2019,4,Fiscalía General del Estado - INEC,Denuncias,Paz,ODS 16
4006,07,El Oro,0000,Total Nacional,Ecuador,Seguridad interna,Seguridad ciudadana,Denuncias de violaciones,Total,Total,32,No Aplica,"Es el acceso carnal, con introducción total o parcial del miembro viril, por vía oral, anal o vaginal; o la introducción, por vía vaginal o anal, de objetos, dedos u órganos distintos al miembro viril, a una persona de cualquier sexo.",2019,4,Fiscalía General del Estado - INEC,Denuncias,Paz,ODS 16
4006,08,Esmeraldas,0000,Total Nacional,Ecuador,Seguridad interna,Seguridad ciudadana,Denuncias de violaciones,Total,Total,15,No Aplica,"Es el acceso carnal, con introducción total o parcial del miembro viril, por vía oral, anal o vaginal; o la introducción, por vía vaginal o anal, de objetos, dedos u órganos distintos al miembro viril, a una persona de cualquier sexo.",2019,4,Fiscalía General del Estado - INEC,Denuncias,Paz,ODS 16
4006,09,Guayas,0000,Total Nacional,Ecuador,Seguridad interna,Seguridad ciudadana,Denuncias de violaciones,Total,Total,80,No Aplica,"Es el acceso carnal, con introducción total o parcial del miembro viril, por vía oral, anal o vaginal; o la introducción, por vía vaginal o anal, de objetos, dedos u órganos distintos al miembro viril, a una persona de cualquier sexo.",2019,4,Fiscalía General del Estado - INEC,Denuncias,Paz,ODS 16
4006,10,Imbabura,0000,Total Nacional,Ecuador,Seguridad interna,Seguridad ciudadana,Denuncias de violaciones,Total,Total,10,No Aplica,"Es el acceso carnal, con introducción total o parcial del miembro viril, por vía oral, anal o vaginal; o la introducción, por vía vaginal o anal, de objetos, dedos u órganos distintos al miembro viril, a una persona de cualquier sexo.",2019,4,Fiscalía General del Estado - INEC,Denuncias,Paz,ODS 16
4006,11,Loja,0000,Total Nacional,Ecuador,Seguridad interna,Seguridad ciudadana,Denuncias de violaciones,Total,Total,25,No Aplica,"Es el acceso carnal, con introducción total o parcial del miembro viril, por vía oral, anal o vaginal; o la introducción, por vía vaginal o anal, de objetos, dedos u órganos distintos al miembro viril, a una persona de cualquier sexo.",2019,4,Fiscalía General del Estado - INEC,Denuncias,Paz,ODS 16
4006,12,Los Ríos,0000,Total Nacional,Ecuador,Seguridad interna,Seguridad ciudadana,Denuncias de violaciones,Total,Total,13,No Aplica,"Es el acceso carnal, con introducción total o parcial del miembro viril, por vía oral, anal o vaginal; o la introducción, por vía vaginal o anal, de objetos, dedos u órganos distintos al miembro viril, a una persona de cualquier sexo.",2019,4,Fiscalía General del Estado - INEC,Denuncias,Paz,ODS 16
4006,13,Manabí,0000,Total Nacional,Ecuador,Seguridad interna,Seguridad ciudadana,Denuncias de violaciones,Total,Total,33,No Aplica,"Es el acceso carnal, con introducción total o parcial del miembro viril, por vía oral, anal o vaginal; o la introducción, por vía vaginal o anal, de objetos, dedos u órganos distintos al miembro viril, a una persona de cualquier sexo.",2019,4,Fiscalía General del Estado - INEC,Denuncias,Paz,ODS 16
4006,14,Morona Santiago,0000,Total Nacional,Ecuador,Seguridad interna,Seguridad ciudadana,Denuncias de violaciones,Total,Total,29,No Aplica,"Es el acceso carnal, con introducción total o parcial del miembro viril, por vía oral, anal o vaginal; o la introducción, por vía vaginal o anal, de objetos, dedos u órganos distintos al miembro viril, a una persona de cualquier sexo.",2019,4,Fiscalía General del Estado - INEC,Denuncias,Paz,ODS 16
4006,15,Napo,0000,Total Nacional,Ecuador,Seguridad interna,Seguridad ciudadana,Denuncias de violaciones,Total,Total,7,No Aplica,"Es el acceso carnal, con introducción total o parcial del miembro viril, por vía oral, anal o vaginal; o la introducción, por vía vaginal o anal, de objetos, dedos u órganos distintos al miembro viril, a una persona de cualquier sexo.",2019,4,Fiscalía General del Estado - INEC,Denuncias,Paz,ODS 16
4006,16,Pastaza,0000,Total Nacional,Ecuador,Seguridad interna,Seguridad ciudadana,Denuncias de violaciones,Total,Total,15,No Aplica,"Es el acceso carnal, con introducción total o parcial del miembro viril, por vía oral, anal o vaginal; o la introducción, por vía vaginal o anal, de objetos, dedos u órganos distintos al miembro viril, a una persona de cualquier sexo.",2019,4,Fiscalía General del Estado - INEC,Denuncias,Paz,ODS 16
4006,17,Pichincha,0000,Total Nacional,Ecuador,Seguridad interna,Seguridad ciudadana,Denuncias de violaciones,Total,Total,64,No Aplica,"Es el acceso carnal, con introducción total o parcial del miembro viril, por vía oral, anal o vaginal; o la introducción, por vía vaginal o anal, de objetos, dedos u órganos distintos al miembro viril, a una persona de cualquier sexo.",2019,4,Fiscalía General del Estado - INEC,Denuncias,Paz,ODS 16
4006,18,Tungurahua,0000,Total Nacional,Ecuador,Seguridad interna,Seguridad ciudadana,Denuncias de violaciones,Total,Total,9,No Aplica,"Es el acceso carnal, con introducción total o parcial del miembro viril, por vía oral, anal o vaginal; o la introducción, por vía vaginal o anal, de objetos, dedos u órganos distintos al miembro viril, a una persona de cualquier sexo.",2019,4,Fiscalía General del Estado - INEC,Denuncias,Paz,ODS 16
4006,19,Zamora Chinchipe,0000,Total Nacional,Ecuador,Seguridad interna,Seguridad ciudadana,Denuncias de violaciones,Total,Total,4,No Aplica,"Es el acceso carnal, con introducción total o parcial del miembro viril, por vía oral, anal o vaginal; o la introducción, por vía vaginal o anal, de objetos, dedos u órganos distintos al miembro viril, a una persona de cualquier sexo.",2019,4,Fiscalía General del Estado - INEC,Denuncias,Paz,ODS 16
4006,20,Galápagos,0000,Total Nacional,Ecuador,Seguridad interna,Seguridad ciudadana,Denuncias de violaciones,Total,Total,3,No Aplica,"Es el acceso carnal, con introducción total o parcial del miembro viril, por vía oral, anal o vaginal; o la introducción, por vía vaginal o anal, de objetos, dedos u órganos distintos al miembro viril, a una persona de cualquier sexo.",2019,4,Fiscalía General del Estado - INEC,Denuncias,Paz,ODS 16
4006,21,Sucumbios,0000,Total Nacional,Ecuador,Seguridad interna,Seguridad ciudadana,Denuncias de violaciones,Total,Total,12,No Aplica,"Es el acceso carnal, con introducción total o parcial del miembro viril, por vía oral, anal o vaginal; o la introducción, por vía vaginal o anal, de objetos, dedos u órganos distintos al miembro viril, a una persona de cualquier sexo.",2019,4,Fiscalía General del Estado - INEC,Denuncias,Paz,ODS 16
4006,22,Orellana,0000,Total Nacional,Ecuador,Seguridad interna,Seguridad ciudadana,Denuncias de violaciones,Total,Total,7,No Aplica,"Es el acceso carnal, con introducción total o parcial del miembro viril, por vía oral, anal o vaginal; o la introducción, por vía vaginal o anal, de objetos, dedos u órganos distintos al miembro viril, a una persona de cualquier sexo.",2019,4,Fiscalía General del Estado - INEC,Denuncias,Paz,ODS 16
4006,23,Santo Domingo de los Tsáchilas,0000,Total Nacional,Ecuador,Seguridad interna,Seguridad ciudadana,Denuncias de violaciones,Total,Total,21,No Aplica,"Es el acceso carnal, con introducción total o parcial del miembro viril, por vía oral, anal o vaginal; o la introducción, por vía vaginal o anal, de objetos, dedos u órganos distintos al miembro viril, a una persona de cualquier sexo.",2019,4,Fiscalía General del Estado - INEC,Denuncias,Paz,ODS 16
4006,24,Santa Elena,0000,Total Nacional,Ecuador,Seguridad interna,Seguridad ciudadana,Denuncias de violaciones,Total,Total,7,No Aplica,"Es el acceso carnal, con introducción total o parcial del miembro viril, por vía oral, anal o vaginal; o la introducción, por vía vaginal o anal, de objetos, dedos u órganos distintos al miembro viril, a una persona de cualquier sexo.",2019,4,Fiscalía General del Estado - INEC,Denuncias,Paz,ODS 16
4006,00,Total Nacional,0000,Total Nacional,Ecuador,Seguridad interna,Seguridad ciudadana,Denuncias de violaciones,Total,Total,464,No Aplica,"Es el acceso carnal, con introducción total o parcial del miembro viril, por vía oral, anal o vaginal; o la introducción, por vía vaginal o anal, de objetos, dedos u órganos distintos al miembro viril, a una persona de cualquier sexo.",2019,3,Fiscalía General del Estado - INEC,Denuncias,Paz,ODS 16
4006,01,Azuay,0000,Total Nacional,Ecuador,Seguridad interna,Seguridad ciudadana,Denuncias de violaciones,Total,Total,39,No Aplica,"Es el acceso carnal, con introducción total o parcial del miembro viril, por vía oral, anal o vaginal; o la introducción, por vía vaginal o anal, de objetos, dedos u órganos distintos al miembro viril, a una persona de cualquier sexo.",2019,3,Fiscalía General del Estado - INEC,Denuncias,Paz,ODS 16
4006,02,Bolívar,0000,Total Nacional,Ecuador,Seguridad interna,Seguridad ciudadana,Denuncias de violaciones,Total,Total,8,No Aplica,"Es el acceso carnal, con introducción total o parcial del miembro viril, por vía oral, anal o vaginal; o la introducción, por vía vaginal o anal, de objetos, dedos u órganos distintos al miembro viril, a una persona de cualquier sexo.",2019,3,Fiscalía General del Estado - INEC,Denuncias,Paz,ODS 16
4006,03,Cañar,0000,Total Nacional,Ecuador,Seguridad interna,Seguridad ciudadana,Denuncias de violaciones,Total,Total,9,No Aplica,"Es el acceso carnal, con introducción total o parcial del miembro viril, por vía oral, anal o vaginal; o la introducción, por vía vaginal o anal, de objetos, dedos u órganos distintos al miembro viril, a una persona de cualquier sexo.",2019,3,Fiscalía General del Estado - INEC,Denuncias,Paz,ODS 16
4006,04,Carchi,0000,Total Nacional,Ecuador,Seguridad interna,Seguridad ciudadana,Denuncias de violaciones,Total,Total,3,No Aplica,"Es el acceso carnal, con introducción total o parcial del miembro viril, por vía oral, anal o vaginal; o la introducción, por vía vaginal o anal, de objetos, dedos u órganos distintos al miembro viril, a una persona de cualquier sexo.",2019,3,Fiscalía General del Estado - INEC,Denuncias,Paz,ODS 16
4006,05,Cotopaxi,0000,Total Nacional,Ecuador,Seguridad interna,Seguridad ciudadana,Denuncias de violaciones,Total,Total,16,No Aplica,"Es el acceso carnal, con introducción total o parcial del miembro viril, por vía oral, anal o vaginal; o la introducción, por vía vaginal o anal, de objetos, dedos u órganos distintos al miembro viril, a una persona de cualquier sexo.",2019,3,Fiscalía General del Estado - INEC,Denuncias,Paz,ODS 16
4006,06,Chimborazo,0000,Total Nacional,Ecuador,Seguridad interna,Seguridad ciudadana,Denuncias de violaciones,Total,Total,17,No Aplica,"Es el acceso carnal, con introducción total o parcial del miembro viril, por vía oral, anal o vaginal; o la introducción, por vía vaginal o anal, de objetos, dedos u órganos distintos al miembro viril, a una persona de cualquier sexo.",2019,3,Fiscalía General del Estado - INEC,Denuncias,Paz,ODS 16
4006,07,El Oro,0000,Total Nacional,Ecuador,Seguridad interna,Seguridad ciudadana,Denuncias de violaciones,Total,Total,20,No Aplica,"Es el acceso carnal, con introducción total o parcial del miembro viril, por vía oral, anal o vaginal; o la introducción, por vía vaginal o anal, de objetos, dedos u órganos distintos al miembro viril, a una persona de cualquier sexo.",2019,3,Fiscalía General del Estado - INEC,Denuncias,Paz,ODS 16
4006,08,Esmeraldas,0000,Total Nacional,Ecuador,Seguridad interna,Seguridad ciudadana,Denuncias de violaciones,Total,Total,19,No Aplica,"Es el acceso carnal, con introducción total o parcial del miembro viril, por vía oral, anal o vaginal; o la introducción, por vía vaginal o anal, de objetos, dedos u órganos distintos al miembro viril, a una persona de cualquier sexo.",2019,3,Fiscalía General del Estado - INEC,Denuncias,Paz,ODS 16
4006,09,Guayas,0000,Total Nacional,Ecuador,Seguridad interna,Seguridad ciudadana,Denuncias de violaciones,Total,Total,75,No Aplica,"Es el acceso carnal, con introducción total o parcial del miembro viril, por vía oral, anal o vaginal; o la introducción, por vía vaginal o anal, de objetos, dedos u órganos distintos al miembro viril, a una persona de cualquier sexo.",2019,3,Fiscalía General del Estado - INEC,Denuncias,Paz,ODS 16
4006,10,Imbabura,0000,Total Nacional,Ecuador,Seguridad interna,Seguridad ciudadana,Denuncias de violaciones,Total,Total,13,No Aplica,"Es el acceso carnal, con introducción total o parcial del miembro viril, por vía oral, anal o vaginal; o la introducción, por vía vaginal o anal, de objetos, dedos u órganos distintos al miembro viril, a una persona de cualquier sexo.",2019,3,Fiscalía General del Estado - INEC,Denuncias,Paz,ODS 16
4006,11,Loja,0000,Total Nacional,Ecuador,Seguridad interna,Seguridad ciudadana,Denuncias de violaciones,Total,Total,13,No Aplica,"Es el acceso carnal, con introducción total o parcial del miembro viril, por vía oral, anal o vaginal; o la introducción, por vía vaginal o anal, de objetos, dedos u órganos distintos al miembro viril, a una persona de cualquier sexo.",2019,3,Fiscalía General del Estado - INEC,Denuncias,Paz,ODS 16
4006,12,Los Ríos,0000,Total Nacional,Ecuador,Seguridad interna,Seguridad ciudadana,Denuncias de violaciones,Total,Total,18,No Aplica,"Es el acceso carnal, con introducción total o parcial del miembro viril, por vía oral, anal o vaginal; o la introducción, por vía vaginal o anal, de objetos, dedos u órganos distintos al miembro viril, a una persona de cualquier sexo.",2019,3,Fiscalía General del Estado - INEC,Denuncias,Paz,ODS 16
4006,13,Manabí,0000,Total Nacional,Ecuador,Seguridad interna,Seguridad ciudadana,Denuncias de violaciones,Total,Total,27,No Aplica,"Es el acceso carnal, con introducción total o parcial del miembro viril, por vía oral, anal o vaginal; o la introducción, por vía vaginal o anal, de objetos, dedos u órganos distintos al miembro viril, a una persona de cualquier sexo.",2019,3,Fiscalía General del Estado - INEC,Denuncias,Paz,ODS 16
4006,14,Morona Santiago,0000,Total Nacional,Ecuador,Seguridad interna,Seguridad ciudadana,Denuncias de violaciones,Total,Total,15,No Aplica,"Es el acceso carnal, con introducción total o parcial del miembro viril, por vía oral, anal o vaginal; o la introducción, por vía vaginal o anal, de objetos, dedos u órganos distintos al miembro viril, a una persona de cualquier sexo.",2019,3,Fiscalía General del Estado - INEC,Denuncias,Paz,ODS 16
4006,15,Napo,0000,Total Nacional,Ecuador,Seguridad interna,Seguridad ciudadana,Denuncias de violaciones,Total,Total,7,No Aplica,"Es el acceso carnal, con introducción total o parcial del miembro viril, por vía oral, anal o vaginal; o la introducción, por vía vaginal o anal, de objetos, dedos u órganos distintos al miembro viril, a una persona de cualquier sexo.",2019,3,Fiscalía General del Estado - INEC,Denuncias,Paz,ODS 16
4006,16,Pastaza,0000,Total Nacional,Ecuador,Seguridad interna,Seguridad ciudadana,Denuncias de violaciones,Total,Total,8,No Aplica,"Es el acceso carnal, con introducción total o parcial del miembro viril, por vía oral, anal o vaginal; o la introducción, por vía vaginal o anal, de objetos, dedos u órganos distintos al miembro viril, a una persona de cualquier sexo.",2019,3,Fiscalía General del Estado - INEC,Denuncias,Paz,ODS 16
4006,17,Pichincha,0000,Total Nacional,Ecuador,Seguridad interna,Seguridad ciudadana,Denuncias de violaciones,Total,Total,80,No Aplica,"Es el acceso carnal, con introducción total o parcial del miembro viril, por vía oral, anal o vaginal; o la introducción, por vía vaginal o anal, de objetos, dedos u órganos distintos al miembro viril, a una persona de cualquier sexo.",2019,3,Fiscalía General del Estado - INEC,Denuncias,Paz,ODS 16
4006,18,Tungurahua,0000,Total Nacional,Ecuador,Seguridad interna,Seguridad ciudadana,Denuncias de violaciones,Total,Total,20,No Aplica,"Es el acceso carnal, con introducción total o parcial del miembro viril, por vía oral, anal o vaginal; o la introducción, por vía vaginal o anal, de objetos, dedos u órganos distintos al miembro viril, a una persona de cualquier sexo.",2019,3,Fiscalía General del Estado - INEC,Denuncias,Paz,ODS 16
4006,19,Zamora Chinchipe,0000,Total Nacional,Ecuador,Seguridad interna,Seguridad ciudadana,Denuncias de violaciones,Total,Total,6,No Aplica,"Es el acceso carnal, con introducción total o parcial del miembro viril, por vía oral, anal o vaginal; o la introducción, por vía vaginal o anal, de objetos, dedos u órganos distintos al miembro viril, a una persona de cualquier sexo.",2019,3,Fiscalía General del Estado - INEC,Denuncias,Paz,ODS 16
4006,20,Galápagos,0000,Total Nacional,Ecuador,Seguridad interna,Seguridad ciudadana,Denuncias de violaciones,Total,Total,2,No Aplica,"Es el acceso carnal, con introducción total o parcial del miembro viril, por vía oral, anal o vaginal; o la introducción, por vía vaginal o anal, de objetos, dedos u órganos distintos al miembro viril, a una persona de cualquier sexo.",2019,3,Fiscalía General del Estado - INEC,Denuncias,Paz,ODS 16
4006,21,Sucumbios,0000,Total Nacional,Ecuador,Seguridad interna,Seguridad ciudadana,Denuncias de violaciones,Total,Total,15,No Aplica,"Es el acceso carnal, con introducción total o parcial del miembro viril, por vía oral, anal o vaginal; o la introducción, por vía vaginal o anal, de objetos, dedos u órganos distintos al miembro viril, a una persona de cualquier sexo.",2019,3,Fiscalía General del Estado - INEC,Denuncias,Paz,ODS 16
4006,22,Orellana,0000,Total Nacional,Ecuador,Seguridad interna,Seguridad ciudadana,Denuncias de violaciones,Total,Total,6,No Aplica,"Es el acceso carnal, con introducción total o parcial del miembro viril, por vía oral, anal o vaginal; o la introducción, por vía vaginal o anal, de objetos, dedos u órganos distintos al miembro viril, a una persona de cualquier sexo.",2019,3,Fiscalía General del Estado - INEC,Denuncias,Paz,ODS 16
4006,23,Santo Domingo de los Tsáchilas,0000,Total Nacional,Ecuador,Seguridad interna,Seguridad ciudadana,Denuncias de violaciones,Total,Total,18,No Aplica,"Es el acceso carnal, con introducción total o parcial del miembro viril, por vía oral, anal o vaginal; o la introducción, por vía vaginal o anal, de objetos, dedos u órganos distintos al miembro viril, a una persona de cualquier sexo.",2019,3,Fiscalía General del Estado - INEC,Denuncias,Paz,ODS 16
4006,24,Santa Elena,0000,Total Nacional,Ecuador,Seguridad interna,Seguridad ciudadana,Denuncias de violaciones,Total,Total,10,No Aplica,"Es el acceso carnal, con introducción total o parcial del miembro viril, por vía oral, anal o vaginal; o la introducción, por vía vaginal o anal, de objetos, dedos u órganos distintos al miembro viril, a una persona de cualquier sexo.",2019,3,Fiscalía General del Estado - INEC,Denuncias,Paz,ODS 16
4006,00,Total Nacional,0000,Total Nacional,Ecuador,Seguridad interna,Seguridad ciudadana,Denuncias de violaciones,Total,Total,419,No Aplica,"Es el acceso carnal, con introducción total o parcial del miembro viril, por vía oral, anal o vaginal; o la introducción, por vía vaginal o anal, de objetos, dedos u órganos distintos al miembro viril, a una persona de cualquier sexo.",2019,2,Fiscalía General del Estado - INEC,Denuncias,Paz,ODS 16
4006,01,Azuay,0000,Total Nacional,Ecuador,Seguridad interna,Seguridad ciudadana,Denuncias de violaciones,Total,Total,26,No Aplica,"Es el acceso carnal, con introducción total o parcial del miembro viril, por vía oral, anal o vaginal; o la introducción, por vía vaginal o anal, de objetos, dedos u órganos distintos al miembro viril, a una persona de cualquier sexo.",2019,2,Fiscalía General del Estado - INEC,Denuncias,Paz,ODS 16
4006,02,Bolívar,0000,Total Nacional,Ecuador,Seguridad interna,Seguridad ciudadana,Denuncias de violaciones,Total,Total,9,No Aplica,"Es el acceso carnal, con introducción total o parcial del miembro viril, por vía oral, anal o vaginal; o la introducción, por vía vaginal o anal, de objetos, dedos u órganos distintos al miembro viril, a una persona de cualquier sexo.",2019,2,Fiscalía General del Estado - INEC,Denuncias,Paz,ODS 16
4006,03,Cañar,0000,Total Nacional,Ecuador,Seguridad interna,Seguridad ciudadana,Denuncias de violaciones,Total,Total,6,No Aplica,"Es el acceso carnal, con introducción total o parcial del miembro viril, por vía oral, anal o vaginal; o la introducción, por vía vaginal o anal, de objetos, dedos u órganos distintos al miembro viril, a una persona de cualquier sexo.",2019,2,Fiscalía General del Estado - INEC,Denuncias,Paz,ODS 16
4006,04,Carchi,0000,Total Nacional,Ecuador,Seguridad interna,Seguridad ciudadana,Denuncias de violaciones,Total,Total,1,No Aplica,"Es el acceso carnal, con introducción total o parcial del miembro viril, por vía oral, anal o vaginal; o la introducción, por vía vaginal o anal, de objetos, dedos u órganos distintos al miembro viril, a una persona de cualquier sexo.",2019,2,Fiscalía General del Estado - INEC,Denuncias,Paz,ODS 16
4006,05,Cotopaxi,0000,Total Nacional,Ecuador,Seguridad interna,Seguridad ciudadana,Denuncias de violaciones,Total,Total,16,No Aplica,"Es el acceso carnal, con introducción total o parcial del miembro viril, por vía oral, anal o vaginal; o la introducción, por vía vaginal o anal, de objetos, dedos u órganos distintos al miembro viril, a una persona de cualquier sexo.",2019,2,Fiscalía General del Estado - INEC,Denuncias,Paz,ODS 16
4006,06,Chimborazo,0000,Total Nacional,Ecuador,Seguridad interna,Seguridad ciudadana,Denuncias de violaciones,Total,Total,14,No Aplica,"Es el acceso carnal, con introducción total o parcial del miembro viril, por vía oral, anal o vaginal; o la introducción, por vía vaginal o anal, de objetos, dedos u órganos distintos al miembro viril, a una persona de cualquier sexo.",2019,2,Fiscalía General del Estado - INEC,Denuncias,Paz,ODS 16
4006,07,El Oro,0000,Total Nacional,Ecuador,Seguridad interna,Seguridad ciudadana,Denuncias de violaciones,Total,Total,15,No Aplica,"Es el acceso carnal, con introducción total o parcial del miembro viril, por vía oral, anal o vaginal; o la introducción, por vía vaginal o anal, de objetos, dedos u órganos distintos al miembro viril, a una persona de cualquier sexo.",2019,2,Fiscalía General del Estado - INEC,Denuncias,Paz,ODS 16
4006,08,Esmeraldas,0000,Total Nacional,Ecuador,Seguridad interna,Seguridad ciudadana,Denuncias de violaciones,Total,Total,20,No Aplica,"Es el acceso carnal, con introducción total o parcial del miembro viril, por vía oral, anal o vaginal; o la introducción, por vía vaginal o anal, de objetos, dedos u órganos distintos al miembro viril, a una persona de cualquier sexo.",2019,2,Fiscalía General del Estado - INEC,Denuncias,Paz,ODS 16
4006,09,Guayas,0000,Total Nacional,Ecuador,Seguridad interna,Seguridad ciudadana,Denuncias de violaciones,Total,Total,60,No Aplica,"Es el acceso carnal, con introducción total o parcial del miembro viril, por vía oral, anal o vaginal; o la introducción, por vía vaginal o anal, de objetos, dedos u órganos distintos al miembro viril, a una persona de cualquier sexo.",2019,2,Fiscalía General del Estado - INEC,Denuncias,Paz,ODS 16
4006,10,Imbabura,0000,Total Nacional,Ecuador,Seguridad interna,Seguridad ciudadana,Denuncias de violaciones,Total,Total,11,No Aplica,"Es el acceso carnal, con introducción total o parcial del miembro viril, por vía oral, anal o vaginal; o la introducción, por vía vaginal o anal, de objetos, dedos u órganos distintos al miembro viril, a una persona de cualquier sexo.",2019,2,Fiscalía General del Estado - INEC,Denuncias,Paz,ODS 16
4006,11,Loja,0000,Total Nacional,Ecuador,Seguridad interna,Seguridad ciudadana,Denuncias de violaciones,Total,Total,20,No Aplica,"Es el acceso carnal, con introducción total o parcial del miembro viril, por vía oral, anal o vaginal; o la introducción, por vía vaginal o anal, de objetos, dedos u órganos distintos al miembro viril, a una persona de cualquier sexo.",2019,2,Fiscalía General del Estado - INEC,Denuncias,Paz,ODS 16
4006,12,Los Ríos,0000,Total Nacional,Ecuador,Seguridad interna,Seguridad ciudadana,Denuncias de violaciones,Total,Total,19,No Aplica,"Es el acceso carnal, con introducción total o parcial del miembro viril, por vía oral, anal o vaginal; o la introducción, por vía vaginal o anal, de objetos, dedos u órganos distintos al miembro viril, a una persona de cualquier sexo.",2019,2,Fiscalía General del Estado - INEC,Denuncias,Paz,ODS 16
4006,13,Manabí,0000,Total Nacional,Ecuador,Seguridad interna,Seguridad ciudadana,Denuncias de violaciones,Total,Total,29,No Aplica,"Es el acceso carnal, con introducción total o parcial del miembro viril, por vía oral, anal o vaginal; o la introducción, por vía vaginal o anal, de objetos, dedos u órganos distintos al miembro viril, a una persona de cualquier sexo.",2019,2,Fiscalía General del Estado - INEC,Denuncias,Paz,ODS 16
4006,14,Morona Santiago,0000,Total Nacional,Ecuador,Seguridad interna,Seguridad ciudadana,Denuncias de violaciones,Total,Total,21,No Aplica,"Es el acceso carnal, con introducción total o parcial del miembro viril, por vía oral, anal o vaginal; o la introducción, por vía vaginal o anal, de objetos, dedos u órganos distintos al miembro viril, a una persona de cualquier sexo.",2019,2,Fiscalía General del Estado - INEC,Denuncias,Paz,ODS 16
4006,15,Napo,0000,Total Nacional,Ecuador,Seguridad interna,Seguridad ciudadana,Denuncias de violaciones,Total,Total,3,No Aplica,"Es el acceso carnal, con introducción total o parcial del miembro viril, por vía oral, anal o vaginal; o la introducción, por vía vaginal o anal, de objetos, dedos u órganos distintos al miembro viril, a una persona de cualquier sexo.",2019,2,Fiscalía General del Estado - INEC,Denuncias,Paz,ODS 16
4006,16,Pastaza,0000,Total Nacional,Ecuador,Seguridad interna,Seguridad ciudadana,Denuncias de violaciones,Total,Total,8,No Aplica,"Es el acceso carnal, con introducción total o parcial del miembro viril, por vía oral, anal o vaginal; o la introducción, por vía vaginal o anal, de objetos, dedos u órganos distintos al miembro viril, a una persona de cualquier sexo.",2019,2,Fiscalía General del Estado - INEC,Denuncias,Paz,ODS 16
4006,17,Pichincha,0000,Total Nacional,Ecuador,Seguridad interna,Seguridad ciudadana,Denuncias de violaciones,Total,Total,74,No Aplica,"Es el acceso carnal, con introducción total o parcial del miembro viril, por vía oral, anal o vaginal; o la introducción, por vía vaginal o anal, de objetos, dedos u órganos distintos al miembro viril, a una persona de cualquier sexo.",2019,2,Fiscalía General del Estado - INEC,Denuncias,Paz,ODS 16
4006,18,Tungurahua,0000,Total Nacional,Ecuador,Seguridad interna,Seguridad ciudadana,Denuncias de violaciones,Total,Total,19,No Aplica,"Es el acceso carnal, con introducción total o parcial del miembro viril, por vía oral, anal o vaginal; o la introducción, por vía vaginal o anal, de objetos, dedos u órganos distintos al miembro viril, a una persona de cualquier sexo.",2019,2,Fiscalía General del Estado - INEC,Denuncias,Paz,ODS 16
4006,19,Zamora Chinchipe,0000,Total Nacional,Ecuador,Seguridad interna,Seguridad ciudadana,Denuncias de violaciones,Total,Total,12,No Aplica,"Es el acceso carnal, con introducción total o parcial del miembro viril, por vía oral, anal o vaginal; o la introducción, por vía vaginal o anal, de objetos, dedos u órganos distintos al miembro viril, a una persona de cualquier sexo.",2019,2,Fiscalía General del Estado - INEC,Denuncias,Paz,ODS 16
4006,20,Galápagos,0000,Total Nacional,Ecuador,Seguridad interna,Seguridad ciudadana,Denuncias de violaciones,Total,Total,0,No Aplica,"Es el acceso carnal, con introducción total o parcial del miembro viril, por vía oral, anal o vaginal; o la introducción, por vía vaginal o anal, de objetos, dedos u órganos distintos al miembro viril, a una persona de cualquier sexo.",2019,2,Fiscalía General del Estado - INEC,Denuncias,Paz,ODS 16
4006,21,Sucumbios,0000,Total Nacional,Ecuador,Seguridad interna,Seguridad ciudadana,Denuncias de violaciones,Total,Total,7,No Aplica,"Es el acceso carnal, con introducción total o parcial del miembro viril, por vía oral, anal o vaginal; o la introducción, por vía vaginal o anal, de objetos, dedos u órganos distintos al miembro viril, a una persona de cualquier sexo.",2019,2,Fiscalía General del Estado - INEC,Denuncias,Paz,ODS 16
4006,22,Orellana,0000,Total Nacional,Ecuador,Seguridad interna,Seguridad ciudadana,Denuncias de violaciones,Total,Total,6,No Aplica,"Es el acceso carnal, con introducción total o parcial del miembro viril, por vía oral, anal o vaginal; o la introducción, por vía vaginal o anal, de objetos, dedos u órganos distintos al miembro viril, a una persona de cualquier sexo.",2019,2,Fiscalía General del Estado - INEC,Denuncias,Paz,ODS 16
4006,23,Santo Domingo de los Tsáchilas,0000,Total Nacional,Ecuador,Seguridad interna,Seguridad ciudadana,Denuncias de violaciones,Total,Total,12,No Aplica,"Es el acceso carnal, con introducción total o parcial del miembro viril, por vía oral, anal o vaginal; o la introducción, por vía vaginal o anal, de objetos, dedos u órganos distintos al miembro viril, a una persona de cualquier sexo.",2019,2,Fiscalía General del Estado - INEC,Denuncias,Paz,ODS 16
4006,24,Santa Elena,0000,Total Nacional,Ecuador,Seguridad interna,Seguridad ciudadana,Denuncias de violaciones,Total,Total,11,No Aplica,"Es el acceso carnal, con introducción total o parcial del miembro viril, por vía oral, anal o vaginal; o la introducción, por vía vaginal o anal, de objetos, dedos u órganos distintos al miembro viril, a una persona de cualquier sexo.",2019,2,Fiscalía General del Estado - INEC,Denuncias,Paz,ODS 16
4006,00,Total Nacional,0000,Total Nacional,Ecuador,Seguridad interna,Seguridad ciudadana,Denuncias de violaciones,Total,Total,469,No Aplica,"Es el acceso carnal, con introducción total o parcial del miembro viril, por vía oral, anal o vaginal; o la introducción, por vía vaginal o anal, de objetos, dedos u órganos distintos al miembro viril, a una persona de cualquier sexo.",2019,1,Fiscalía General del Estado - INEC,Denuncias,Paz,ODS 16
4006,01,Azuay,0000,Total Nacional,Ecuador,Seguridad interna,Seguridad ciudadana,Denuncias de violaciones,Total,Total,36,No Aplica,"Es el acceso carnal, con introducción total o parcial del miembro viril, por vía oral, anal o vaginal; o la introducción, por vía vaginal o anal, de objetos, dedos u órganos distintos al miembro viril, a una persona de cualquier sexo.",2019,1,Fiscalía General del Estado - INEC,Denuncias,Paz,ODS 16
4006,02,Bolívar,0000,Total Nacional,Ecuador,Seguridad interna,Seguridad ciudadana,Denuncias de violaciones,Total,Total,4,No Aplica,"Es el acceso carnal, con introducción total o parcial del miembro viril, por vía oral, anal o vaginal; o la introducción, por vía vaginal o anal, de objetos, dedos u órganos distintos al miembro viril, a una persona de cualquier sexo.",2019,1,Fiscalía General del Estado - INEC,Denuncias,Paz,ODS 16
4006,03,Cañar,0000,Total Nacional,Ecuador,Seguridad interna,Seguridad ciudadana,Denuncias de violaciones,Total,Total,5,No Aplica,"Es el acceso carnal, con introducción total o parcial del miembro viril, por vía oral, anal o vaginal; o la introducción, por vía vaginal o anal, de objetos, dedos u órganos distintos al miembro viril, a una persona de cualquier sexo.",2019,1,Fiscalía General del Estado - INEC,Denuncias,Paz,ODS 16
4006,04,Carchi,0000,Total Nacional,Ecuador,Seguridad interna,Seguridad ciudadana,Denuncias de violaciones,Total,Total,1,No Aplica,"Es el acceso carnal, con introducción total o parcial del miembro viril, por vía oral, anal o vaginal; o la introducción, por vía vaginal o anal, de objetos, dedos u órganos distintos al miembro viril, a una persona de cualquier sexo.",2019,1,Fiscalía General del Estado - INEC,Denuncias,Paz,ODS 16
4006,05,Cotopaxi,0000,Total Nacional,Ecuador,Seguridad interna,Seguridad ciudadana,Denuncias de violaciones,Total,Total,7,No Aplica,"Es el acceso carnal, con introducción total o parcial del miembro viril, por vía oral, anal o vaginal; o la introducción, por vía vaginal o anal, de objetos, dedos u órganos distintos al miembro viril, a una persona de cualquier sexo.",2019,1,Fiscalía General del Estado - INEC,Denuncias,Paz,ODS 16
4006,06,Chimborazo,0000,Total Nacional,Ecuador,Seguridad interna,Seguridad ciudadana,Denuncias de violaciones,Total,Total,19,No Aplica,"Es el acceso carnal, con introducción total o parcial del miembro viril, por vía oral, anal o vaginal; o la introducción, por vía vaginal o anal, de objetos, dedos u órganos distintos al miembro viril, a una persona de cualquier sexo.",2019,1,Fiscalía General del Estado - INEC,Denuncias,Paz,ODS 16
4006,07,El Oro,0000,Total Nacional,Ecuador,Seguridad interna,Seguridad ciudadana,Denuncias de violaciones,Total,Total,20,No Aplica,"Es el acceso carnal, con introducción total o parcial del miembro viril, por vía oral, anal o vaginal; o la introducción, por vía vaginal o anal, de objetos, dedos u órganos distintos al miembro viril, a una persona de cualquier sexo.",2019,1,Fiscalía General del Estado - INEC,Denuncias,Paz,ODS 16
4006,08,Esmeraldas,0000,Total Nacional,Ecuador,Seguridad interna,Seguridad ciudadana,Denuncias de violaciones,Total,Total,21,No Aplica,"Es el acceso carnal, con introducción total o parcial del miembro viril, por vía oral, anal o vaginal; o la introducción, por vía vaginal o anal, de objetos, dedos u órganos distintos al miembro viril, a una persona de cualquier sexo.",2019,1,Fiscalía General del Estado - INEC,Denuncias,Paz,ODS 16
4006,09,Guayas,0000,Total Nacional,Ecuador,Seguridad interna,Seguridad ciudadana,Denuncias de violaciones,Total,Total,74,No Aplica,"Es el acceso carnal, con introducción total o parcial del miembro viril, por vía oral, anal o vaginal; o la introducción, por vía vaginal o anal, de objetos, dedos u órganos distintos al miembro viril, a una persona de cualquier sexo.",2019,1,Fiscalía General del Estado - INEC,Denuncias,Paz,ODS 16
4006,10,Imbabura,0000,Total Nacional,Ecuador,Seguridad interna,Seguridad ciudadana,Denuncias de violaciones,Total,Total,16,No Aplica,"Es el acceso carnal, con introducción total o parcial del miembro viril, por vía oral, anal o vaginal; o la introducción, por vía vaginal o anal, de objetos, dedos u órganos distintos al miembro viril, a una persona de cualquier sexo.",2019,1,Fiscalía General del Estado - INEC,Denuncias,Paz,ODS 16
4006,11,Loja,0000,Total Nacional,Ecuador,Seguridad interna,Seguridad ciudadana,Denuncias de violaciones,Total,Total,25,No Aplica,"Es el acceso carnal, con introducción total o parcial del miembro viril, por vía oral, anal o vaginal; o la introducción, por vía vaginal o anal, de objetos, dedos u órganos distintos al miembro viril, a una persona de cualquier sexo.",2019,1,Fiscalía General del Estado - INEC,Denuncias,Paz,ODS 16
4006,12,Los Ríos,0000,Total Nacional,Ecuador,Seguridad interna,Seguridad ciudadana,Denuncias de violaciones,Total,Total,15,No Aplica,"Es el acceso carnal, con introducción total o parcial del miembro viril, por vía oral, anal o vaginal; o la introducción, por vía vaginal o anal, de objetos, dedos u órganos distintos al miembro viril, a una persona de cualquier sexo.",2019,1,Fiscalía General del Estado - INEC,Denuncias,Paz,ODS 16
4006,13,Manabí,0000,Total Nacional,Ecuador,Seguridad interna,Seguridad ciudadana,Denuncias de violaciones,Total,Total,35,No Aplica,"Es el acceso carnal, con introducción total o parcial del miembro viril, por vía oral, anal o vaginal; o la introducción, por vía vaginal o anal, de objetos, dedos u órganos distintos al miembro viril, a una persona de cualquier sexo.",2019,1,Fiscalía General del Estado - INEC,Denuncias,Paz,ODS 16
4006,14,Morona Santiago,0000,Total Nacional,Ecuador,Seguridad interna,Seguridad ciudadana,Denuncias de violaciones,Total,Total,27,No Aplica,"Es el acceso carnal, con introducción total o parcial del miembro viril, por vía oral, anal o vaginal; o la introducción, por vía vaginal o anal, de objetos, dedos u órganos distintos al miembro viril, a una persona de cualquier sexo.",2019,1,Fiscalía General del Estado - INEC,Denuncias,Paz,ODS 16
4006,15,Napo,0000,Total Nacional,Ecuador,Seguridad interna,Seguridad ciudadana,Denuncias de violaciones,Total,Total,7,No Aplica,"Es el acceso carnal, con introducción total o parcial del miembro viril, por vía oral, anal o vaginal; o la introducción, por vía vaginal o anal, de objetos, dedos u órganos distintos al miembro viril, a una persona de cualquier sexo.",2019,1,Fiscalía General del Estado - INEC,Denuncias,Paz,ODS 16
4006,16,Pastaza,0000,Total Nacional,Ecuador,Seguridad interna,Seguridad ciudadana,Denuncias de violaciones,Total,Total,6,No Aplica,"Es el acceso carnal, con introducción total o parcial del miembro viril, por vía oral, anal o vaginal; o la introducción, por vía vaginal o anal, de objetos, dedos u órganos distintos al miembro viril, a una persona de cualquier sexo.",2019,1,Fiscalía General del Estado - INEC,Denuncias,Paz,ODS 16
4006,17,Pichincha,0000,Total Nacional,Ecuador,Seguridad interna,Seguridad ciudadana,Denuncias de violaciones,Total,Total,83,No Aplica,"Es el acceso carnal, con introducción total o parcial del miembro viril, por vía oral, anal o vaginal; o la introducción, por vía vaginal o anal, de objetos, dedos u órganos distintos al miembro viril, a una persona de cualquier sexo.",2019,1,Fiscalía General del Estado - INEC,Denuncias,Paz,ODS 16
4006,18,Tungurahua,0000,Total Nacional,Ecuador,Seguridad interna,Seguridad ciudadana,Denuncias de violaciones,Total,Total,11,No Aplica,"Es el acceso carnal, con introducción total o parcial del miembro viril, por vía oral, anal o vaginal; o la introducción, por vía vaginal o anal, de objetos, dedos u órganos distintos al miembro viril, a una persona de cualquier sexo.",2019,1,Fiscalía General del Estado - INEC,Denuncias,Paz,ODS 16
4006,19,Zamora Chinchipe,0000,Total Nacional,Ecuador,Seguridad interna,Seguridad ciudadana,Denuncias de violaciones,Total,Total,5,No Aplica,"Es el acceso carnal, con introducción total o parcial del miembro viril, por vía oral, anal o vaginal; o la introducción, por vía vaginal o anal, de objetos, dedos u órganos distintos al miembro viril, a una persona de cualquier sexo.",2019,1,Fiscalía General del Estado - INEC,Denuncias,Paz,ODS 16
4006,20,Galápagos,0000,Total Nacional,Ecuador,Seguridad interna,Seguridad ciudadana,Denuncias de violaciones,Total,Total,1,No Aplica,"Es el acceso carnal, con introducción total o parcial del miembro viril, por vía oral, anal o vaginal; o la introducción, por vía vaginal o anal, de objetos, dedos u órganos distintos al miembro viril, a una persona de cualquier sexo.",2019,1,Fiscalía General del Estado - INEC,Denuncias,Paz,ODS 16
4006,21,Sucumbios,0000,Total Nacional,Ecuador,Seguridad interna,Seguridad ciudadana,Denuncias de violaciones,Total,Total,10,No Aplica,"Es el acceso carnal, con introducción total o parcial del miembro viril, por vía oral, anal o vaginal; o la introducción, por vía vaginal o anal, de objetos, dedos u órganos distintos al miembro viril, a una persona de cualquier sexo.",2019,1,Fiscalía General del Estado - INEC,Denuncias,Paz,ODS 16
4006,22,Orellana,0000,Total Nacional,Ecuador,Seguridad interna,Seguridad ciudadana,Denuncias de violaciones,Total,Total,17,No Aplica,"Es el acceso carnal, con introducción total o parcial del miembro viril, por vía oral, anal o vaginal; o la introducción, por vía vaginal o anal, de objetos, dedos u órganos distintos al miembro viril, a una persona de cualquier sexo.",2019,1,Fiscalía General del Estado - INEC,Denuncias,Paz,ODS 16
4006,23,Santo Domingo de los Tsáchilas,0000,Total Nacional,Ecuador,Seguridad interna,Seguridad ciudadana,Denuncias de violaciones,Total,Total,15,No Aplica,"Es el acceso carnal, con introducción total o parcial del miembro viril, por vía oral, anal o vaginal; o la introducción, por vía vaginal o anal, de objetos, dedos u órganos distintos al miembro viril, a una persona de cualquier sexo.",2019,1,Fiscalía General del Estado - INEC,Denuncias,Paz,ODS 16
4006,24,Santa Elena,0000,Total Nacional,Ecuador,Seguridad interna,Seguridad ciudadana,Denuncias de violaciones,Total,Total,9,No Aplica,"Es el acceso carnal, con introducción total o parcial del miembro viril, por vía oral, anal o vaginal; o la introducción, por vía vaginal o anal, de objetos, dedos u órganos distintos al miembro viril, a una persona de cualquier sexo.",2019,1,Fiscalía General del Estado - INEC,Denuncias,Paz,ODS 16
4006,00,Total Nacional,0000,Total Nacional,Ecuador,Seguridad interna,Seguridad ciudadana,Denuncias de violaciones,Total,Total,454,No Aplica,"Es el acceso carnal, con introducción total o parcial del miembro viril, por vía oral, anal o vaginal; o la introducción, por vía vaginal o anal, de objetos, dedos u órganos distintos al miembro viril, a una persona de cualquier sexo.",2018,12,Fiscalía General del Estado - INEC,Denuncias,Paz,ODS 16
4006,01,Azuay,0000,Total Nacional,Ecuador,Seguridad interna,Seguridad ciudadana,Denuncias de violaciones,Total,Total,41,No Aplica,"Es el acceso carnal, con introducción total o parcial del miembro viril, por vía oral, anal o vaginal; o la introducción, por vía vaginal o anal, de objetos, dedos u órganos distintos al miembro viril, a una persona de cualquier sexo.",2018,12,Fiscalía General del Estado - INEC,Denuncias,Paz,ODS 16
4006,02,Bolívar,0000,Total Nacional,Ecuador,Seguridad interna,Seguridad ciudadana,Denuncias de violaciones,Total,Total,3,No Aplica,"Es el acceso carnal, con introducción total o parcial del miembro viril, por vía oral, anal o vaginal; o la introducción, por vía vaginal o anal, de objetos, dedos u órganos distintos al miembro viril, a una persona de cualquier sexo.",2018,12,Fiscalía General del Estado - INEC,Denuncias,Paz,ODS 16
4006,03,Cañar,0000,Total Nacional,Ecuador,Seguridad interna,Seguridad ciudadana,Denuncias de violaciones,Total,Total,4,No Aplica,"Es el acceso carnal, con introducción total o parcial del miembro viril, por vía oral, anal o vaginal; o la introducción, por vía vaginal o anal, de objetos, dedos u órganos distintos al miembro viril, a una persona de cualquier sexo.",2018,12,Fiscalía General del Estado - INEC,Denuncias,Paz,ODS 16
4006,04,Carchi,0000,Total Nacional,Ecuador,Seguridad interna,Seguridad ciudadana,Denuncias de violaciones,Total,Total,7,No Aplica,"Es el acceso carnal, con introducción total o parcial del miembro viril, por vía oral, anal o vaginal; o la introducción, por vía vaginal o anal, de objetos, dedos u órganos distintos al miembro viril, a una persona de cualquier sexo.",2018,12,Fiscalía General del Estado - INEC,Denuncias,Paz,ODS 16
4006,05,Cotopaxi,0000,Total Nacional,Ecuador,Seguridad interna,Seguridad ciudadana,Denuncias de violaciones,Total,Total,15,No Aplica,"Es el acceso carnal, con introducción total o parcial del miembro viril, por vía oral, anal o vaginal; o la introducción, por vía vaginal o anal, de objetos, dedos u órganos distintos al miembro viril, a una persona de cualquier sexo.",2018,12,Fiscalía General del Estado - INEC,Denuncias,Paz,ODS 16
4006,06,Chimborazo,0000,Total Nacional,Ecuador,Seguridad interna,Seguridad ciudadana,Denuncias de violaciones,Total,Total,16,No Aplica,"Es el acceso carnal, con introducción total o parcial del miembro viril, por vía oral, anal o vaginal; o la introducción, por vía vaginal o anal, de objetos, dedos u órganos distintos al miembro viril, a una persona de cualquier sexo.",2018,12,Fiscalía General del Estado - INEC,Denuncias,Paz,ODS 16
4006,07,El Oro,0000,Total Nacional,Ecuador,Seguridad interna,Seguridad ciudadana,Denuncias de violaciones,Total,Total,20,No Aplica,"Es el acceso carnal, con introducción total o parcial del miembro viril, por vía oral, anal o vaginal; o la introducción, por vía vaginal o anal, de objetos, dedos u órganos distintos al miembro viril, a una persona de cualquier sexo.",2018,12,Fiscalía General del Estado - INEC,Denuncias,Paz,ODS 16
4006,08,Esmeraldas,0000,Total Nacional,Ecuador,Seguridad interna,Seguridad ciudadana,Denuncias de violaciones,Total,Total,25,No Aplica,"Es el acceso carnal, con introducción total o parcial del miembro viril, por vía oral, anal o vaginal; o la introducción, por vía vaginal o anal, de objetos, dedos u órganos distintos al miembro viril, a una persona de cualquier sexo.",2018,12,Fiscalía General del Estado - INEC,Denuncias,Paz,ODS 16
4006,09,Guayas,0000,Total Nacional,Ecuador,Seguridad interna,Seguridad ciudadana,Denuncias de violaciones,Total,Total,89,No Aplica,"Es el acceso carnal, con introducción total o parcial del miembro viril, por vía oral, anal o vaginal; o la introducción, por vía vaginal o anal, de objetos, dedos u órganos distintos al miembro viril, a una persona de cualquier sexo.",2018,12,Fiscalía General del Estado - INEC,Denuncias,Paz,ODS 16
4006,10,Imbabura,0000,Total Nacional,Ecuador,Seguridad interna,Seguridad ciudadana,Denuncias de violaciones,Total,Total,20,No Aplica,"Es el acceso carnal, con introducción total o parcial del miembro viril, por vía oral, anal o vaginal; o la introducción, por vía vaginal o anal, de objetos, dedos u órganos distintos al miembro viril, a una persona de cualquier sexo.",2018,12,Fiscalía General del Estado - INEC,Denuncias,Paz,ODS 16
4006,11,Loja,0000,Total Nacional,Ecuador,Seguridad interna,Seguridad ciudadana,Denuncias de violaciones,Total,Total,17,No Aplica,"Es el acceso carnal, con introducción total o parcial del miembro viril, por vía oral, anal o vaginal; o la introducción, por vía vaginal o anal, de objetos, dedos u órganos distintos al miembro viril, a una persona de cualquier sexo.",2018,12,Fiscalía General del Estado - INEC,Denuncias,Paz,ODS 16
4006,12,Los Ríos,0000,Total Nacional,Ecuador,Seguridad interna,Seguridad ciudadana,Denuncias de violaciones,Total,Total,13,No Aplica,"Es el acceso carnal, con introducción total o parcial del miembro viril, por vía oral, anal o vaginal; o la introducción, por vía vaginal o anal, de objetos, dedos u órganos distintos al miembro viril, a una persona de cualquier sexo.",2018,12,Fiscalía General del Estado - INEC,Denuncias,Paz,ODS 16
4006,13,Manabí,0000,Total Nacional,Ecuador,Seguridad interna,Seguridad ciudadana,Denuncias de violaciones,Total,Total,22,No Aplica,"Es el acceso carnal, con introducción total o parcial del miembro viril, por vía oral, anal o vaginal; o la introducción, por vía vaginal o anal, de objetos, dedos u órganos distintos al miembro viril, a una persona de cualquier sexo.",2018,12,Fiscalía General del Estado - INEC,Denuncias,Paz,ODS 16
4006,14,Morona Santiago,0000,Total Nacional,Ecuador,Seguridad interna,Seguridad ciudadana,Denuncias de violaciones,Total,Total,11,No Aplica,"Es el acceso carnal, con introducción total o parcial del miembro viril, por vía oral, anal o vaginal; o la introducción, por vía vaginal o anal, de objetos, dedos u órganos distintos al miembro viril, a una persona de cualquier sexo.",2018,12,Fiscalía General del Estado - INEC,Denuncias,Paz,ODS 16
4006,15,Napo,0000,Total Nacional,Ecuador,Seguridad interna,Seguridad ciudadana,Denuncias de violaciones,Total,Total,3,No Aplica,"Es el acceso carnal, con introducción total o parcial del miembro viril, por vía oral, anal o vaginal; o la introducción, por vía vaginal o anal, de objetos, dedos u órganos distintos al miembro viril, a una persona de cualquier sexo.",2018,12,Fiscalía General del Estado - INEC,Denuncias,Paz,ODS 16
4006,16,Pastaza,0000,Total Nacional,Ecuador,Seguridad interna,Seguridad ciudadana,Denuncias de violaciones,Total,Total,7,No Aplica,"Es el acceso carnal, con introducción total o parcial del miembro viril, por vía oral, anal o vaginal; o la introducción, por vía vaginal o anal, de objetos, dedos u órganos distintos al miembro viril, a una persona de cualquier sexo.",2018,12,Fiscalía General del Estado - INEC,Denuncias,Paz,ODS 16
4006,17,Pichincha,0000,Total Nacional,Ecuador,Seguridad interna,Seguridad ciudadana,Denuncias de violaciones,Total,Total,70,No Aplica,"Es el acceso carnal, con introducción total o parcial del miembro viril, por vía oral, anal o vaginal; o la introducción, por vía vaginal o anal, de objetos, dedos u órganos distintos al miembro viril, a una persona de cualquier sexo.",2018,12,Fiscalía General del Estado - INEC,Denuncias,Paz,ODS 16
4006,18,Tungurahua,0000,Total Nacional,Ecuador,Seguridad interna,Seguridad ciudadana,Denuncias de violaciones,Total,Total,10,No Aplica,"Es el acceso carnal, con introducción total o parcial del miembro viril, por vía oral, anal o vaginal; o la introducción, por vía vaginal o anal, de objetos, dedos u órganos distintos al miembro viril, a una persona de cualquier sexo.",2018,12,Fiscalía General del Estado - INEC,Denuncias,Paz,ODS 16
4006,19,Zamora Chinchipe,0000,Total Nacional,Ecuador,Seguridad interna,Seguridad ciudadana,Denuncias de violaciones,Total,Total,11,No Aplica,"Es el acceso carnal, con introducción total o parcial del miembro viril, por vía oral, anal o vaginal; o la introducción, por vía vaginal o anal, de objetos, dedos u órganos distintos al miembro viril, a una persona de cualquier sexo.",2018,12,Fiscalía General del Estado - INEC,Denuncias,Paz,ODS 16
4006,20,Galápagos,0000,Total Nacional,Ecuador,Seguridad interna,Seguridad ciudadana,Denuncias de violaciones,Total,Total,0,No Aplica,"Es el acceso carnal, con introducción total o parcial del miembro viril, por vía oral, anal o vaginal; o la introducción, por vía vaginal o anal, de objetos, dedos u órganos distintos al miembro viril, a una persona de cualquier sexo.",2018,12,Fiscalía General del Estado - INEC,Denuncias,Paz,ODS 16
4006,21,Sucumbios,0000,Total Nacional,Ecuador,Seguridad interna,Seguridad ciudadana,Denuncias de violaciones,Total,Total,12,No Aplica,"Es el acceso carnal, con introducción total o parcial del miembro viril, por vía oral, anal o vaginal; o la introducción, por vía vaginal o anal, de objetos, dedos u órganos distintos al miembro viril, a una persona de cualquier sexo.",2018,12,Fiscalía General del Estado - INEC,Denuncias,Paz,ODS 16
4006,22,Orellana,0000,Total Nacional,Ecuador,Seguridad interna,Seguridad ciudadana,Denuncias de violaciones,Total,Total,5,No Aplica,"Es el acceso carnal, con introducción total o parcial del miembro viril, por vía oral, anal o vaginal; o la introducción, por vía vaginal o anal, de objetos, dedos u órganos distintos al miembro viril, a una persona de cualquier sexo.",2018,12,Fiscalía General del Estado - INEC,Denuncias,Paz,ODS 16
4006,23,Santo Domingo de los Tsáchilas,0000,Total Nacional,Ecuador,Seguridad interna,Seguridad ciudadana,Denuncias de violaciones,Total,Total,19,No Aplica,"Es el acceso carnal, con introducción total o parcial del miembro viril, por vía oral, anal o vaginal; o la introducción, por vía vaginal o anal, de objetos, dedos u órganos distintos al miembro viril, a una persona de cualquier sexo.",2018,12,Fiscalía General del Estado - INEC,Denuncias,Paz,ODS 16
4006,24,Santa Elena,0000,Total Nacional,Ecuador,Seguridad interna,Seguridad ciudadana,Denuncias de violaciones,Total,Total,14,No Aplica,"Es el acceso carnal, con introducción total o parcial del miembro viril, por vía oral, anal o vaginal; o la introducción, por vía vaginal o anal, de objetos, dedos u órganos distintos al miembro viril, a una persona de cualquier sexo.",2018,12,Fiscalía General del Estado - INEC,Denuncias,Paz,ODS 16
4006,00,Total Nacional,0000,Total Nacional,Ecuador,Seguridad interna,Seguridad ciudadana,Denuncias de violaciones,Total,Total,462,No Aplica,"Es el acceso carnal, con introducción total o parcial del miembro viril, por vía oral, anal o vaginal; o la introducción, por vía vaginal o anal, de objetos, dedos u órganos distintos al miembro viril, a una persona de cualquier sexo.",2018,11,Fiscalía General del Estado - INEC,Denuncias,Paz,ODS 16
4006,01,Azuay,0000,Total Nacional,Ecuador,Seguridad interna,Seguridad ciudadana,Denuncias de violaciones,Total,Total,36,No Aplica,"Es el acceso carnal, con introducción total o parcial del miembro viril, por vía oral, anal o vaginal; o la introducción, por vía vaginal o anal, de objetos, dedos u órganos distintos al miembro viril, a una persona de cualquier sexo.",2018,11,Fiscalía General del Estado - INEC,Denuncias,Paz,ODS 16
4006,02,Bolívar,0000,Total Nacional,Ecuador,Seguridad interna,Seguridad ciudadana,Denuncias de violaciones,Total,Total,2,No Aplica,"Es el acceso carnal, con introducción total o parcial del miembro viril, por vía oral, anal o vaginal; o la introducción, por vía vaginal o anal, de objetos, dedos u órganos distintos al miembro viril, a una persona de cualquier sexo.",2018,11,Fiscalía General del Estado - INEC,Denuncias,Paz,ODS 16
4006,03,Cañar,0000,Total Nacional,Ecuador,Seguridad interna,Seguridad ciudadana,Denuncias de violaciones,Total,Total,7,No Aplica,"Es el acceso carnal, con introducción total o parcial del miembro viril, por vía oral, anal o vaginal; o la introducción, por vía vaginal o anal, de objetos, dedos u órganos distintos al miembro viril, a una persona de cualquier sexo.",2018,11,Fiscalía General del Estado - INEC,Denuncias,Paz,ODS 16
4006,04,Carchi,0000,Total Nacional,Ecuador,Seguridad interna,Seguridad ciudadana,Denuncias de violaciones,Total,Total,1,No Aplica,"Es el acceso carnal, con introducción total o parcial del miembro viril, por vía oral, anal o vaginal; o la introducción, por vía vaginal o anal, de objetos, dedos u órganos distintos al miembro viril, a una persona de cualquier sexo.",2018,11,Fiscalía General del Estado - INEC,Denuncias,Paz,ODS 16
4006,05,Cotopaxi,0000,Total Nacional,Ecuador,Seguridad interna,Seguridad ciudadana,Denuncias de violaciones,Total,Total,7,No Aplica,"Es el acceso carnal, con introducción total o parcial del miembro viril, por vía oral, anal o vaginal; o la introducción, por vía vaginal o anal, de objetos, dedos u órganos distintos al miembro viril, a una persona de cualquier sexo.",2018,11,Fiscalía General del Estado - INEC,Denuncias,Paz,ODS 16
4006,06,Chimborazo,0000,Total Nacional,Ecuador,Seguridad interna,Seguridad ciudadana,Denuncias de violaciones,Total,Total,18,No Aplica,"Es el acceso carnal, con introducción total o parcial del miembro viril, por vía oral, anal o vaginal; o la introducción, por vía vaginal o anal, de objetos, dedos u órganos distintos al miembro viril, a una persona de cualquier sexo.",2018,11,Fiscalía General del Estado - INEC,Denuncias,Paz,ODS 16
4006,07,El Oro,0000,Total Nacional,Ecuador,Seguridad interna,Seguridad ciudadana,Denuncias de violaciones,Total,Total,30,No Aplica,"Es el acceso carnal, con introducción total o parcial del miembro viril, por vía oral, anal o vaginal; o la introducción, por vía vaginal o anal, de objetos, dedos u órganos distintos al miembro viril, a una persona de cualquier sexo.",2018,11,Fiscalía General del Estado - INEC,Denuncias,Paz,ODS 16
4006,08,Esmeraldas,0000,Total Nacional,Ecuador,Seguridad interna,Seguridad ciudadana,Denuncias de violaciones,Total,Total,12,No Aplica,"Es el acceso carnal, con introducción total o parcial del miembro viril, por vía oral, anal o vaginal; o la introducción, por vía vaginal o anal, de objetos, dedos u órganos distintos al miembro viril, a una persona de cualquier sexo.",2018,11,Fiscalía General del Estado - INEC,Denuncias,Paz,ODS 16
4006,09,Guayas,0000,Total Nacional,Ecuador,Seguridad interna,Seguridad ciudadana,Denuncias de violaciones,Total,Total,97,No Aplica,"Es el acceso carnal, con introducción total o parcial del miembro viril, por vía oral, anal o vaginal; o la introducción, por vía vaginal o anal, de objetos, dedos u órganos distintos al miembro viril, a una persona de cualquier sexo.",2018,11,Fiscalía General del Estado - INEC,Denuncias,Paz,ODS 16
4006,10,Imbabura,0000,Total Nacional,Ecuador,Seguridad interna,Seguridad ciudadana,Denuncias de violaciones,Total,Total,13,No Aplica,"Es el acceso carnal, con introducción total o parcial del miembro viril, por vía oral, anal o vaginal; o la introducción, por vía vaginal o anal, de objetos, dedos u órganos distintos al miembro viril, a una persona de cualquier sexo.",2018,11,Fiscalía General del Estado - INEC,Denuncias,Paz,ODS 16
4006,11,Loja,0000,Total Nacional,Ecuador,Seguridad interna,Seguridad ciudadana,Denuncias de violaciones,Total,Total,19,No Aplica,"Es el acceso carnal, con introducción total o parcial del miembro viril, por vía oral, anal o vaginal; o la introducción, por vía vaginal o anal, de objetos, dedos u órganos distintos al miembro viril, a una persona de cualquier sexo.",2018,11,Fiscalía General del Estado - INEC,Denuncias,Paz,ODS 16
4006,12,Los Ríos,0000,Total Nacional,Ecuador,Seguridad interna,Seguridad ciudadana,Denuncias de violaciones,Total,Total,19,No Aplica,"Es el acceso carnal, con introducción total o parcial del miembro viril, por vía oral, anal o vaginal; o la introducción, por vía vaginal o anal, de objetos, dedos u órganos distintos al miembro viril, a una persona de cualquier sexo.",2018,11,Fiscalía General del Estado - INEC,Denuncias,Paz,ODS 16
4006,13,Manabí,0000,Total Nacional,Ecuador,Seguridad interna,Seguridad ciudadana,Denuncias de violaciones,Total,Total,35,No Aplica,"Es el acceso carnal, con introducción total o parcial del miembro viril, por vía oral, anal o vaginal; o la introducción, por vía vaginal o anal, de objetos, dedos u órganos distintos al miembro viril, a una persona de cualquier sexo.",2018,11,Fiscalía General del Estado - INEC,Denuncias,Paz,ODS 16
4006,14,Morona Santiago,0000,Total Nacional,Ecuador,Seguridad interna,Seguridad ciudadana,Denuncias de violaciones,Total,Total,18,No Aplica,"Es el acceso carnal, con introducción total o parcial del miembro viril, por vía oral, anal o vaginal; o la introducción, por vía vaginal o anal, de objetos, dedos u órganos distintos al miembro viril, a una persona de cualquier sexo.",2018,11,Fiscalía General del Estado - INEC,Denuncias,Paz,ODS 16
4006,15,Napo,0000,Total Nacional,Ecuador,Seguridad interna,Seguridad ciudadana,Denuncias de violaciones,Total,Total,5,No Aplica,"Es el acceso carnal, con introducción total o parcial del miembro viril, por vía oral, anal o vaginal; o la introducción, por vía vaginal o anal, de objetos, dedos u órganos distintos al miembro viril, a una persona de cualquier sexo.",2018,11,Fiscalía General del Estado - INEC,Denuncias,Paz,ODS 16
4006,16,Pastaza,0000,Total Nacional,Ecuador,Seguridad interna,Seguridad ciudadana,Denuncias de violaciones,Total,Total,4,No Aplica,"Es el acceso carnal, con introducción total o parcial del miembro viril, por vía oral, anal o vaginal; o la introducción, por vía vaginal o anal, de objetos, dedos u órganos distintos al miembro viril, a una persona de cualquier sexo.",2018,11,Fiscalía General del Estado - INEC,Denuncias,Paz,ODS 16
4006,17,Pichincha,0000,Total Nacional,Ecuador,Seguridad interna,Seguridad ciudadana,Denuncias de violaciones,Total,Total,69,No Aplica,"Es el acceso carnal, con introducción total o parcial del miembro viril, por vía oral, anal o vaginal; o la introducción, por vía vaginal o anal, de objetos, dedos u órganos distintos al miembro viril, a una persona de cualquier sexo.",2018,11,Fiscalía General del Estado - INEC,Denuncias,Paz,ODS 16
4006,18,Tungurahua,0000,Total Nacional,Ecuador,Seguridad interna,Seguridad ciudadana,Denuncias de violaciones,Total,Total,16,No Aplica,"Es el acceso carnal, con introducción total o parcial del miembro viril, por vía oral, anal o vaginal; o la introducción, por vía vaginal o anal, de objetos, dedos u órganos distintos al miembro viril, a una persona de cualquier sexo.",2018,11,Fiscalía General del Estado - INEC,Denuncias,Paz,ODS 16
4006,19,Zamora Chinchipe,0000,Total Nacional,Ecuador,Seguridad interna,Seguridad ciudadana,Denuncias de violaciones,Total,Total,11,No Aplica,"Es el acceso carnal, con introducción total o parcial del miembro viril, por vía oral, anal o vaginal; o la introducción, por vía vaginal o anal, de objetos, dedos u órganos distintos al miembro viril, a una persona de cualquier sexo.",2018,11,Fiscalía General del Estado - INEC,Denuncias,Paz,ODS 16
4006,20,Galápagos,0000,Total Nacional,Ecuador,Seguridad interna,Seguridad ciudadana,Denuncias de violaciones,Total,Total,2,No Aplica,"Es el acceso carnal, con introducción total o parcial del miembro viril, por vía oral, anal o vaginal; o la introducción, por vía vaginal o anal, de objetos, dedos u órganos distintos al miembro viril, a una persona de cualquier sexo.",2018,11,Fiscalía General del Estado - INEC,Denuncias,Paz,ODS 16
4006,21,Sucumbios,0000,Total Nacional,Ecuador,Seguridad interna,Seguridad ciudadana,Denuncias de violaciones,Total,Total,12,No Aplica,"Es el acceso carnal, con introducción total o parcial del miembro viril, por vía oral, anal o vaginal; o la introducción, por vía vaginal o anal, de objetos, dedos u órganos distintos al miembro viril, a una persona de cualquier sexo.",2018,11,Fiscalía General del Estado - INEC,Denuncias,Paz,ODS 16
4006,22,Orellana,0000,Total Nacional,Ecuador,Seguridad interna,Seguridad ciudadana,Denuncias de violaciones,Total,Total,6,No Aplica,"Es el acceso carnal, con introducción total o parcial del miembro viril, por vía oral, anal o vaginal; o la introducción, por vía vaginal o anal, de objetos, dedos u órganos distintos al miembro viril, a una persona de cualquier sexo.",2018,11,Fiscalía General del Estado - INEC,Denuncias,Paz,ODS 16
4006,23,Santo Domingo de los Tsáchilas,0000,Total Nacional,Ecuador,Seguridad interna,Seguridad ciudadana,Denuncias de violaciones,Total,Total,18,No Aplica,"Es el acceso carnal, con introducción total o parcial del miembro viril, por vía oral, anal o vaginal; o la introducción, por vía vaginal o anal, de objetos, dedos u órganos distintos al miembro viril, a una persona de cualquier sexo.",2018,11,Fiscalía General del Estado - INEC,Denuncias,Paz,ODS 16
4006,24,Santa Elena,0000,Total Nacional,Ecuador,Seguridad interna,Seguridad ciudadana,Denuncias de violaciones,Total,Total,5,No Aplica,"Es el acceso carnal, con introducción total o parcial del miembro viril, por vía oral, anal o vaginal; o la introducción, por vía vaginal o anal, de objetos, dedos u órganos distintos al miembro viril, a una persona de cualquier sexo.",2018,11,Fiscalía General del Estado - INEC,Denuncias,Paz,ODS 16
4006,00,Total Nacional,0000,Total Nacional,Ecuador,Seguridad interna,Seguridad ciudadana,Denuncias de violaciones,Total,Total,483,No Aplica,"Es el acceso carnal, con introducción total o parcial del miembro viril, por vía oral, anal o vaginal; o la introducción, por vía vaginal o anal, de objetos, dedos u órganos distintos al miembro viril, a una persona de cualquier sexo.",2018,10,Fiscalía General del Estado - INEC,Denuncias,Paz,ODS 16
4006,01,Azuay,0000,Total Nacional,Ecuador,Seguridad interna,Seguridad ciudadana,Denuncias de violaciones,Total,Total,24,No Aplica,"Es el acceso carnal, con introducción total o parcial del miembro viril, por vía oral, anal o vaginal; o la introducción, por vía vaginal o anal, de objetos, dedos u órganos distintos al miembro viril, a una persona de cualquier sexo.",2018,10,Fiscalía General del Estado - INEC,Denuncias,Paz,ODS 16
4006,02,Bolívar,0000,Total Nacional,Ecuador,Seguridad interna,Seguridad ciudadana,Denuncias de violaciones,Total,Total,5,No Aplica,"Es el acceso carnal, con introducción total o parcial del miembro viril, por vía oral, anal o vaginal; o la introducción, por vía vaginal o anal, de objetos, dedos u órganos distintos al miembro viril, a una persona de cualquier sexo.",2018,10,Fiscalía General del Estado - INEC,Denuncias,Paz,ODS 16
4006,03,Cañar,0000,Total Nacional,Ecuador,Seguridad interna,Seguridad ciudadana,Denuncias de violaciones,Total,Total,13,No Aplica,"Es el acceso carnal, con introducción total o parcial del miembro viril, por vía oral, anal o vaginal; o la introducción, por vía vaginal o anal, de objetos, dedos u órganos distintos al miembro viril, a una persona de cualquier sexo.",2018,10,Fiscalía General del Estado - INEC,Denuncias,Paz,ODS 16
4006,04,Carchi,0000,Total Nacional,Ecuador,Seguridad interna,Seguridad ciudadana,Denuncias de violaciones,Total,Total,3,No Aplica,"Es el acceso carnal, con introducción total o parcial del miembro viril, por vía oral, anal o vaginal; o la introducción, por vía vaginal o anal, de objetos, dedos u órganos distintos al miembro viril, a una persona de cualquier sexo.",2018,10,Fiscalía General del Estado - INEC,Denuncias,Paz,ODS 16
4006,05,Cotopaxi,0000,Total Nacional,Ecuador,Seguridad interna,Seguridad ciudadana,Denuncias de violaciones,Total,Total,16,No Aplica,"Es el acceso carnal, con introducción total o parcial del miembro viril, por vía oral, anal o vaginal; o la introducción, por vía vaginal o anal, de objetos, dedos u órganos distintos al miembro viril, a una persona de cualquier sexo.",2018,10,Fiscalía General del Estado - INEC,Denuncias,Paz,ODS 16
4006,06,Chimborazo,0000,Total Nacional,Ecuador,Seguridad interna,Seguridad ciudadana,Denuncias de violaciones,Total,Total,15,No Aplica,"Es el acceso carnal, con introducción total o parcial del miembro viril, por vía oral, anal o vaginal; o la introducción, por vía vaginal o anal, de objetos, dedos u órganos distintos al miembro viril, a una persona de cualquier sexo.",2018,10,Fiscalía General del Estado - INEC,Denuncias,Paz,ODS 16
4006,07,El Oro,0000,Total Nacional,Ecuador,Seguridad interna,Seguridad ciudadana,Denuncias de violaciones,Total,Total,26,No Aplica,"Es el acceso carnal, con introducción total o parcial del miembro viril, por vía oral, anal o vaginal; o la introducción, por vía vaginal o anal, de objetos, dedos u órganos distintos al miembro viril, a una persona de cualquier sexo.",2018,10,Fiscalía General del Estado - INEC,Denuncias,Paz,ODS 16
4006,08,Esmeraldas,0000,Total Nacional,Ecuador,Seguridad interna,Seguridad ciudadana,Denuncias de violaciones,Total,Total,27,No Aplica,"Es el acceso carnal, con introducción total o parcial del miembro viril, por vía oral, anal o vaginal; o la introducción, por vía vaginal o anal, de objetos, dedos u órganos distintos al miembro viril, a una persona de cualquier sexo.",2018,10,Fiscalía General del Estado - INEC,Denuncias,Paz,ODS 16
4006,09,Guayas,0000,Total Nacional,Ecuador,Seguridad interna,Seguridad ciudadana,Denuncias de violaciones,Total,Total,79,No Aplica,"Es el acceso carnal, con introducción total o parcial del miembro viril, por vía oral, anal o vaginal; o la introducción, por vía vaginal o anal, de objetos, dedos u órganos distintos al miembro viril, a una persona de cualquier sexo.",2018,10,Fiscalía General del Estado - INEC,Denuncias,Paz,ODS 16
4006,10,Imbabura,0000,Total Nacional,Ecuador,Seguridad interna,Seguridad ciudadana,Denuncias de violaciones,Total,Total,17,No Aplica,"Es el acceso carnal, con introducción total o parcial del miembro viril, por vía oral, anal o vaginal; o la introducción, por vía vaginal o anal, de objetos, dedos u órganos distintos al miembro viril, a una persona de cualquier sexo.",2018,10,Fiscalía General del Estado - INEC,Denuncias,Paz,ODS 16
4006,11,Loja,0000,Total Nacional,Ecuador,Seguridad interna,Seguridad ciudadana,Denuncias de violaciones,Total,Total,7,No Aplica,"Es el acceso carnal, con introducción total o parcial del miembro viril, por vía oral, anal o vaginal; o la introducción, por vía vaginal o anal, de objetos, dedos u órganos distintos al miembro viril, a una persona de cualquier sexo.",2018,10,Fiscalía General del Estado - INEC,Denuncias,Paz,ODS 16
4006,12,Los Ríos,0000,Total Nacional,Ecuador,Seguridad interna,Seguridad ciudadana,Denuncias de violaciones,Total,Total,16,No Aplica,"Es el acceso carnal, con introducción total o parcial del miembro viril, por vía oral, anal o vaginal; o la introducción, por vía vaginal o anal, de objetos, dedos u órganos distintos al miembro viril, a una persona de cualquier sexo.",2018,10,Fiscalía General del Estado - INEC,Denuncias,Paz,ODS 16
4006,13,Manabí,0000,Total Nacional,Ecuador,Seguridad interna,Seguridad ciudadana,Denuncias de violaciones,Total,Total,43,No Aplica,"Es el acceso carnal, con introducción total o parcial del miembro viril, por vía oral, anal o vaginal; o la introducción, por vía vaginal o anal, de objetos, dedos u órganos distintos al miembro viril, a una persona de cualquier sexo.",2018,10,Fiscalía General del Estado - INEC,Denuncias,Paz,ODS 16
4006,14,Morona Santiago,0000,Total Nacional,Ecuador,Seguridad interna,Seguridad ciudadana,Denuncias de violaciones,Total,Total,28,No Aplica,"Es el acceso carnal, con introducción total o parcial del miembro viril, por vía oral, anal o vaginal; o la introducción, por vía vaginal o anal, de objetos, dedos u órganos distintos al miembro viril, a una persona de cualquier sexo.",2018,10,Fiscalía General del Estado - INEC,Denuncias,Paz,ODS 16
4006,15,Napo,0000,Total Nacional,Ecuador,Seguridad interna,Seguridad ciudadana,Denuncias de violaciones,Total,Total,4,No Aplica,"Es el acceso carnal, con introducción total o parcial del miembro viril, por vía oral, anal o vaginal; o la introducción, por vía vaginal o anal, de objetos, dedos u órganos distintos al miembro viril, a una persona de cualquier sexo.",2018,10,Fiscalía General del Estado - INEC,Denuncias,Paz,ODS 16
4006,16,Pastaza,0000,Total Nacional,Ecuador,Seguridad interna,Seguridad ciudadana,Denuncias de violaciones,Total,Total,8,No Aplica,"Es el acceso carnal, con introducción total o parcial del miembro viril, por vía oral, anal o vaginal; o la introducción, por vía vaginal o anal, de objetos, dedos u órganos distintos al miembro viril, a una persona de cualquier sexo.",2018,10,Fiscalía General del Estado - INEC,Denuncias,Paz,ODS 16
4006,17,Pichincha,0000,Total Nacional,Ecuador,Seguridad interna,Seguridad ciudadana,Denuncias de violaciones,Total,Total,92,No Aplica,"Es el acceso carnal, con introducción total o parcial del miembro viril, por vía oral, anal o vaginal; o la introducción, por vía vaginal o anal, de objetos, dedos u órganos distintos al miembro viril, a una persona de cualquier sexo.",2018,10,Fiscalía General del Estado - INEC,Denuncias,Paz,ODS 16
4006,18,Tungurahua,0000,Total Nacional,Ecuador,Seguridad interna,Seguridad ciudadana,Denuncias de violaciones,Total,Total,12,No Aplica,"Es el acceso carnal, con introducción total o parcial del miembro viril, por vía oral, anal o vaginal; o la introducción, por vía vaginal o anal, de objetos, dedos u órganos distintos al miembro viril, a una persona de cualquier sexo.",2018,10,Fiscalía General del Estado - INEC,Denuncias,Paz,ODS 16
4006,19,Zamora Chinchipe,0000,Total Nacional,Ecuador,Seguridad interna,Seguridad ciudadana,Denuncias de violaciones,Total,Total,10,No Aplica,"Es el acceso carnal, con introducción total o parcial del miembro viril, por vía oral, anal o vaginal; o la introducción, por vía vaginal o anal, de objetos, dedos u órganos distintos al miembro viril, a una persona de cualquier sexo.",2018,10,Fiscalía General del Estado - INEC,Denuncias,Paz,ODS 16
4006,20,Galápagos,0000,Total Nacional,Ecuador,Seguridad interna,Seguridad ciudadana,Denuncias de violaciones,Total,Total,1,No Aplica,"Es el acceso carnal, con introducción total o parcial del miembro viril, por vía oral, anal o vaginal; o la introducción, por vía vaginal o anal, de objetos, dedos u órganos distintos al miembro viril, a una persona de cualquier sexo.",2018,10,Fiscalía General del Estado - INEC,Denuncias,Paz,ODS 16
4006,21,Sucumbios,0000,Total Nacional,Ecuador,Seguridad interna,Seguridad ciudadana,Denuncias de violaciones,Total,Total,6,No Aplica,"Es el acceso carnal, con introducción total o parcial del miembro viril, por vía oral, anal o vaginal; o la introducción, por vía vaginal o anal, de objetos, dedos u órganos distintos al miembro viril, a una persona de cualquier sexo.",2018,10,Fiscalía General del Estado - INEC,Denuncias,Paz,ODS 16
4006,22,Orellana,0000,Total Nacional,Ecuador,Seguridad interna,Seguridad ciudadana,Denuncias de violaciones,Total,Total,6,No Aplica,"Es el acceso carnal, con introducción total o parcial del miembro viril, por vía oral, anal o vaginal; o la introducción, por vía vaginal o anal, de objetos, dedos u órganos distintos al miembro viril, a una persona de cualquier sexo.",2018,10,Fiscalía General del Estado - INEC,Denuncias,Paz,ODS 16
4006,23,Santo Domingo de los Tsáchilas,0000,Total Nacional,Ecuador,Seguridad interna,Seguridad ciudadana,Denuncias de violaciones,Total,Total,20,No Aplica,"Es el acceso carnal, con introducción total o parcial del miembro viril, por vía oral, anal o vaginal; o la introducción, por vía vaginal o anal, de objetos, dedos u órganos distintos al miembro viril, a una persona de cualquier sexo.",2018,10,Fiscalía General del Estado - INEC,Denuncias,Paz,ODS 16
4006,24,Santa Elena,0000,Total Nacional,Ecuador,Seguridad interna,Seguridad ciudadana,Denuncias de violaciones,Total,Total,5,No Aplica,"Es el acceso carnal, con introducción total o parcial del miembro viril, por vía oral, anal o vaginal; o la introducción, por vía vaginal o anal, de objetos, dedos u órganos distintos al miembro viril, a una persona de cualquier sexo.",2018,10,Fiscalía General del Estado - INEC,Denuncias,Paz,ODS 16
4006,00,Total Nacional,0000,Total Nacional,Ecuador,Seguridad interna,Seguridad ciudadana,Denuncias de violaciones,Total,Total,440,No Aplica,"Es el acceso carnal, con introducción total o parcial del miembro viril, por vía oral, anal o vaginal; o la introducción, por vía vaginal o anal, de objetos, dedos u órganos distintos al miembro viril, a una persona de cualquier sexo.",2018,9,Fiscalía General del Estado - INEC,Denuncias,Paz,ODS 16
4006,01,Azuay,0000,Total Nacional,Ecuador,Seguridad interna,Seguridad ciudadana,Denuncias de violaciones,Total,Total,30,No Aplica,"Es el acceso carnal, con introducción total o parcial del miembro viril, por vía oral, anal o vaginal; o la introducción, por vía vaginal o anal, de objetos, dedos u órganos distintos al miembro viril, a una persona de cualquier sexo.",2018,9,Fiscalía General del Estado - INEC,Denuncias,Paz,ODS 16
4006,02,Bolívar,0000,Total Nacional,Ecuador,Seguridad interna,Seguridad ciudadana,Denuncias de violaciones,Total,Total,6,No Aplica,"Es el acceso carnal, con introducción total o parcial del miembro viril, por vía oral, anal o vaginal; o la introducción, por vía vaginal o anal, de objetos, dedos u órganos distintos al miembro viril, a una persona de cualquier sexo.",2018,9,Fiscalía General del Estado - INEC,Denuncias,Paz,ODS 16
4006,03,Cañar,0000,Total Nacional,Ecuador,Seguridad interna,Seguridad ciudadana,Denuncias de violaciones,Total,Total,9,No Aplica,"Es el acceso carnal, con introducción total o parcial del miembro viril, por vía oral, anal o vaginal; o la introducción, por vía vaginal o anal, de objetos, dedos u órganos distintos al miembro viril, a una persona de cualquier sexo.",2018,9,Fiscalía General del Estado - INEC,Denuncias,Paz,ODS 16
4006,04,Carchi,0000,Total Nacional,Ecuador,Seguridad interna,Seguridad ciudadana,Denuncias de violaciones,Total,Total,1,No Aplica,"Es el acceso carnal, con introducción total o parcial del miembro viril, por vía oral, anal o vaginal; o la introducción, por vía vaginal o anal, de objetos, dedos u órganos distintos al miembro viril, a una persona de cualquier sexo.",2018,9,Fiscalía General del Estado - INEC,Denuncias,Paz,ODS 16
4006,05,Cotopaxi,0000,Total Nacional,Ecuador,Seguridad interna,Seguridad ciudadana,Denuncias de violaciones,Total,Total,15,No Aplica,"Es el acceso carnal, con introducción total o parcial del miembro viril, por vía oral, anal o vaginal; o la introducción, por vía vaginal o anal, de objetos, dedos u órganos distintos al miembro viril, a una persona de cualquier sexo.",2018,9,Fiscalía General del Estado - INEC,Denuncias,Paz,ODS 16
4006,06,Chimborazo,0000,Total Nacional,Ecuador,Seguridad interna,Seguridad ciudadana,Denuncias de violaciones,Total,Total,14,No Aplica,"Es el acceso carnal, con introducción total o parcial del miembro viril, por vía oral, anal o vaginal; o la introducción, por vía vaginal o anal, de objetos, dedos u órganos distintos al miembro viril, a una persona de cualquier sexo.",2018,9,Fiscalía General del Estado - INEC,Denuncias,Paz,ODS 16
4006,07,El Oro,0000,Total Nacional,Ecuador,Seguridad interna,Seguridad ciudadana,Denuncias de violaciones,Total,Total,23,No Aplica,"Es el acceso carnal, con introducción total o parcial del miembro viril, por vía oral, anal o vaginal; o la introducción, por vía vaginal o anal, de objetos, dedos u órganos distintos al miembro viril, a una persona de cualquier sexo.",2018,9,Fiscalía General del Estado - INEC,Denuncias,Paz,ODS 16
4006,08,Esmeraldas,0000,Total Nacional,Ecuador,Seguridad interna,Seguridad ciudadana,Denuncias de violaciones,Total,Total,27,No Aplica,"Es el acceso carnal, con introducción total o parcial del miembro viril, por vía oral, anal o vaginal; o la introducción, por vía vaginal o anal, de objetos, dedos u órganos distintos al miembro viril, a una persona de cualquier sexo.",2018,9,Fiscalía General del Estado - INEC,Denuncias,Paz,ODS 16
4006,09,Guayas,0000,Total Nacional,Ecuador,Seguridad interna,Seguridad ciudadana,Denuncias de violaciones,Total,Total,94,No Aplica,"Es el acceso carnal, con introducción total o parcial del miembro viril, por vía oral, anal o vaginal; o la introducción, por vía vaginal o anal, de objetos, dedos u órganos distintos al miembro viril, a una persona de cualquier sexo.",2018,9,Fiscalía General del Estado - INEC,Denuncias,Paz,ODS 16
4006,10,Imbabura,0000,Total Nacional,Ecuador,Seguridad interna,Seguridad ciudadana,Denuncias de violaciones,Total,Total,12,No Aplica,"Es el acceso carnal, con introducción total o parcial del miembro viril, por vía oral, anal o vaginal; o la introducción, por vía vaginal o anal, de objetos, dedos u órganos distintos al miembro viril, a una persona de cualquier sexo.",2018,9,Fiscalía General del Estado - INEC,Denuncias,Paz,ODS 16
4006,11,Loja,0000,Total Nacional,Ecuador,Seguridad interna,Seguridad ciudadana,Denuncias de violaciones,Total,Total,12,No Aplica,"Es el acceso carnal, con introducción total o parcial del miembro viril, por vía oral, anal o vaginal; o la introducción, por vía vaginal o anal, de objetos, dedos u órganos distintos al miembro viril, a una persona de cualquier sexo.",2018,9,Fiscalía General del Estado - INEC,Denuncias,Paz,ODS 16
4006,12,Los Ríos,0000,Total Nacional,Ecuador,Seguridad interna,Seguridad ciudadana,Denuncias de violaciones,Total,Total,15,No Aplica,"Es el acceso carnal, con introducción total o parcial del miembro viril, por vía oral, anal o vaginal; o la introducción, por vía vaginal o anal, de objetos, dedos u órganos distintos al miembro viril, a una persona de cualquier sexo.",2018,9,Fiscalía General del Estado - INEC,Denuncias,Paz,ODS 16
4006,13,Manabí,0000,Total Nacional,Ecuador,Seguridad interna,Seguridad ciudadana,Denuncias de violaciones,Total,Total,46,No Aplica,"Es el acceso carnal, con introducción total o parcial del miembro viril, por vía oral, anal o vaginal; o la introducción, por vía vaginal o anal, de objetos, dedos u órganos distintos al miembro viril, a una persona de cualquier sexo.",2018,9,Fiscalía General del Estado - INEC,Denuncias,Paz,ODS 16
4006,14,Morona Santiago,0000,Total Nacional,Ecuador,Seguridad interna,Seguridad ciudadana,Denuncias de violaciones,Total,Total,14,No Aplica,"Es el acceso carnal, con introducción total o parcial del miembro viril, por vía oral, anal o vaginal; o la introducción, por vía vaginal o anal, de objetos, dedos u órganos distintos al miembro viril, a una persona de cualquier sexo.",2018,9,Fiscalía General del Estado - INEC,Denuncias,Paz,ODS 16
4006,15,Napo,0000,Total Nacional,Ecuador,Seguridad interna,Seguridad ciudadana,Denuncias de violaciones,Total,Total,5,No Aplica,"Es el acceso carnal, con introducción total o parcial del miembro viril, por vía oral, anal o vaginal; o la introducción, por vía vaginal o anal, de objetos, dedos u órganos distintos al miembro viril, a una persona de cualquier sexo.",2018,9,Fiscalía General del Estado - INEC,Denuncias,Paz,ODS 16
4006,16,Pastaza,0000,Total Nacional,Ecuador,Seguridad interna,Seguridad ciudadana,Denuncias de violaciones,Total,Total,5,No Aplica,"Es el acceso carnal, con introducción total o parcial del miembro viril, por vía oral, anal o vaginal; o la introducción, por vía vaginal o anal, de objetos, dedos u órganos distintos al miembro viril, a una persona de cualquier sexo.",2018,9,Fiscalía General del Estado - INEC,Denuncias,Paz,ODS 16
4006,17,Pichincha,0000,Total Nacional,Ecuador,Seguridad interna,Seguridad ciudadana,Denuncias de violaciones,Total,Total,57,No Aplica,"Es el acceso carnal, con introducción total o parcial del miembro viril, por vía oral, anal o vaginal; o la introducción, por vía vaginal o anal, de objetos, dedos u órganos distintos al miembro viril, a una persona de cualquier sexo.",2018,9,Fiscalía General del Estado - INEC,Denuncias,Paz,ODS 16
4006,18,Tungurahua,0000,Total Nacional,Ecuador,Seguridad interna,Seguridad ciudadana,Denuncias de violaciones,Total,Total,15,No Aplica,"Es el acceso carnal, con introducción total o parcial del miembro viril, por vía oral, anal o vaginal; o la introducción, por vía vaginal o anal, de objetos, dedos u órganos distintos al miembro viril, a una persona de cualquier sexo.",2018,9,Fiscalía General del Estado - INEC,Denuncias,Paz,ODS 16
4006,19,Zamora Chinchipe,0000,Total Nacional,Ecuador,Seguridad interna,Seguridad ciudadana,Denuncias de violaciones,Total,Total,3,No Aplica,"Es el acceso carnal, con introducción total o parcial del miembro viril, por vía oral, anal o vaginal; o la introducción, por vía vaginal o anal, de objetos, dedos u órganos distintos al miembro viril, a una persona de cualquier sexo.",2018,9,Fiscalía General del Estado - INEC,Denuncias,Paz,ODS 16
4006,20,Galápagos,0000,Total Nacional,Ecuador,Seguridad interna,Seguridad ciudadana,Denuncias de violaciones,Total,Total,2,No Aplica,"Es el acceso carnal, con introducción total o parcial del miembro viril, por vía oral, anal o vaginal; o la introducción, por vía vaginal o anal, de objetos, dedos u órganos distintos al miembro viril, a una persona de cualquier sexo.",2018,9,Fiscalía General del Estado - INEC,Denuncias,Paz,ODS 16
4006,21,Sucumbios,0000,Total Nacional,Ecuador,Seguridad interna,Seguridad ciudadana,Denuncias de violaciones,Total,Total,13,No Aplica,"Es el acceso carnal, con introducción total o parcial del miembro viril, por vía oral, anal o vaginal; o la introducción, por vía vaginal o anal, de objetos, dedos u órganos distintos al miembro viril, a una persona de cualquier sexo.",2018,9,Fiscalía General del Estado - INEC,Denuncias,Paz,ODS 16
4006,22,Orellana,0000,Total Nacional,Ecuador,Seguridad interna,Seguridad ciudadana,Denuncias de violaciones,Total,Total,5,No Aplica,"Es el acceso carnal, con introducción total o parcial del miembro viril, por vía oral, anal o vaginal; o la introducción, por vía vaginal o anal, de objetos, dedos u órganos distintos al miembro viril, a una persona de cualquier sexo.",2018,9,Fiscalía General del Estado - INEC,Denuncias,Paz,ODS 16
4006,23,Santo Domingo de los Tsáchilas,0000,Total Nacional,Ecuador,Seguridad interna,Seguridad ciudadana,Denuncias de violaciones,Total,Total,11,No Aplica,"Es el acceso carnal, con introducción total o parcial del miembro viril, por vía oral, anal o vaginal; o la introducción, por vía vaginal o anal, de objetos, dedos u órganos distintos al miembro viril, a una persona de cualquier sexo.",2018,9,Fiscalía General del Estado - INEC,Denuncias,Paz,ODS 16
4006,24,Santa Elena,0000,Total Nacional,Ecuador,Seguridad interna,Seguridad ciudadana,Denuncias de violaciones,Total,Total,6,No Aplica,"Es el acceso carnal, con introducción total o parcial del miembro viril, por vía oral, anal o vaginal; o la introducción, por vía vaginal o anal, de objetos, dedos u órganos distintos al miembro viril, a una persona de cualquier sexo.",2018,9,Fiscalía General del Estado - INEC,Denuncias,Paz,ODS 16
4006,00,Total Nacional,0000,Total Nacional,Ecuador,Seguridad interna,Seguridad ciudadana,Denuncias de violaciones,Total,Total,474,No Aplica,"Es el acceso carnal, con introducción total o parcial del miembro viril, por vía oral, anal o vaginal; o la introducción, por vía vaginal o anal, de objetos, dedos u órganos distintos al miembro viril, a una persona de cualquier sexo.",2018,8,Fiscalía General del Estado - INEC,Denuncias,Paz,ODS 16
4006,01,Azuay,0000,Total Nacional,Ecuador,Seguridad interna,Seguridad ciudadana,Denuncias de violaciones,Total,Total,25,No Aplica,"Es el acceso carnal, con introducción total o parcial del miembro viril, por vía oral, anal o vaginal; o la introducción, por vía vaginal o anal, de objetos, dedos u órganos distintos al miembro viril, a una persona de cualquier sexo.",2018,8,Fiscalía General del Estado - INEC,Denuncias,Paz,ODS 16
4006,02,Bolívar,0000,Total Nacional,Ecuador,Seguridad interna,Seguridad ciudadana,Denuncias de violaciones,Total,Total,3,No Aplica,"Es el acceso carnal, con introducción total o parcial del miembro viril, por vía oral, anal o vaginal; o la introducción, por vía vaginal o anal, de objetos, dedos u órganos distintos al miembro viril, a una persona de cualquier sexo.",2018,8,Fiscalía General del Estado - INEC,Denuncias,Paz,ODS 16
4006,03,Cañar,0000,Total Nacional,Ecuador,Seguridad interna,Seguridad ciudadana,Denuncias de violaciones,Total,Total,7,No Aplica,"Es el acceso carnal, con introducción total o parcial del miembro viril, por vía oral, anal o vaginal; o la introducción, por vía vaginal o anal, de objetos, dedos u órganos distintos al miembro viril, a una persona de cualquier sexo.",2018,8,Fiscalía General del Estado - INEC,Denuncias,Paz,ODS 16
4006,04,Carchi,0000,Total Nacional,Ecuador,Seguridad interna,Seguridad ciudadana,Denuncias de violaciones,Total,Total,1,No Aplica,"Es el acceso carnal, con introducción total o parcial del miembro viril, por vía oral, anal o vaginal; o la introducción, por vía vaginal o anal, de objetos, dedos u órganos distintos al miembro viril, a una persona de cualquier sexo.",2018,8,Fiscalía General del Estado - INEC,Denuncias,Paz,ODS 16
4006,05,Cotopaxi,0000,Total Nacional,Ecuador,Seguridad interna,Seguridad ciudadana,Denuncias de violaciones,Total,Total,11,No Aplica,"Es el acceso carnal, con introducción total o parcial del miembro viril, por vía oral, anal o vaginal; o la introducción, por vía vaginal o anal, de objetos, dedos u órganos distintos al miembro viril, a una persona de cualquier sexo.",2018,8,Fiscalía General del Estado - INEC,Denuncias,Paz,ODS 16
4006,06,Chimborazo,0000,Total Nacional,Ecuador,Seguridad interna,Seguridad ciudadana,Denuncias de violaciones,Total,Total,10,No Aplica,"Es el acceso carnal, con introducción total o parcial del miembro viril, por vía oral, anal o vaginal; o la introducción, por vía vaginal o anal, de objetos, dedos u órganos distintos al miembro viril, a una persona de cualquier sexo.",2018,8,Fiscalía General del Estado - INEC,Denuncias,Paz,ODS 16
4006,07,El Oro,0000,Total Nacional,Ecuador,Seguridad interna,Seguridad ciudadana,Denuncias de violaciones,Total,Total,30,No Aplica,"Es el acceso carnal, con introducción total o parcial del miembro viril, por vía oral, anal o vaginal; o la introducción, por vía vaginal o anal, de objetos, dedos u órganos distintos al miembro viril, a una persona de cualquier sexo.",2018,8,Fiscalía General del Estado - INEC,Denuncias,Paz,ODS 16
4006,08,Esmeraldas,0000,Total Nacional,Ecuador,Seguridad interna,Seguridad ciudadana,Denuncias de violaciones,Total,Total,17,No Aplica,"Es el acceso carnal, con introducción total o parcial del miembro viril, por vía oral, anal o vaginal; o la introducción, por vía vaginal o anal, de objetos, dedos u órganos distintos al miembro viril, a una persona de cualquier sexo.",2018,8,Fiscalía General del Estado - INEC,Denuncias,Paz,ODS 16
4006,09,Guayas,0000,Total Nacional,Ecuador,Seguridad interna,Seguridad ciudadana,Denuncias de violaciones,Total,Total,97,No Aplica,"Es el acceso carnal, con introducción total o parcial del miembro viril, por vía oral, anal o vaginal; o la introducción, por vía vaginal o anal, de objetos, dedos u órganos distintos al miembro viril, a una persona de cualquier sexo.",2018,8,Fiscalía General del Estado - INEC,Denuncias,Paz,ODS 16
4006,10,Imbabura,0000,Total Nacional,Ecuador,Seguridad interna,Seguridad ciudadana,Denuncias de violaciones,Total,Total,16,No Aplica,"Es el acceso carnal, con introducción total o parcial del miembro viril, por vía oral, anal o vaginal; o la introducción, por vía vaginal o anal, de objetos, dedos u órganos distintos al miembro viril, a una persona de cualquier sexo.",2018,8,Fiscalía General del Estado - INEC,Denuncias,Paz,ODS 16
4006,11,Loja,0000,Total Nacional,Ecuador,Seguridad interna,Seguridad ciudadana,Denuncias de violaciones,Total,Total,15,No Aplica,"Es el acceso carnal, con introducción total o parcial del miembro viril, por vía oral, anal o vaginal; o la introducción, por vía vaginal o anal, de objetos, dedos u órganos distintos al miembro viril, a una persona de cualquier sexo.",2018,8,Fiscalía General del Estado - INEC,Denuncias,Paz,ODS 16
4006,12,Los Ríos,0000,Total Nacional,Ecuador,Seguridad interna,Seguridad ciudadana,Denuncias de violaciones,Total,Total,14,No Aplica,"Es el acceso carnal, con introducción total o parcial del miembro viril, por vía oral, anal o vaginal; o la introducción, por vía vaginal o anal, de objetos, dedos u órganos distintos al miembro viril, a una persona de cualquier sexo.",2018,8,Fiscalía General del Estado - INEC,Denuncias,Paz,ODS 16
4006,13,Manabí,0000,Total Nacional,Ecuador,Seguridad interna,Seguridad ciudadana,Denuncias de violaciones,Total,Total,43,No Aplica,"Es el acceso carnal, con introducción total o parcial del miembro viril, por vía oral, anal o vaginal; o la introducción, por vía vaginal o anal, de objetos, dedos u órganos distintos al miembro viril, a una persona de cualquier sexo.",2018,8,Fiscalía General del Estado - INEC,Denuncias,Paz,ODS 16
4006,14,Morona Santiago,0000,Total Nacional,Ecuador,Seguridad interna,Seguridad ciudadana,Denuncias de violaciones,Total,Total,16,No Aplica,"Es el acceso carnal, con introducción total o parcial del miembro viril, por vía oral, anal o vaginal; o la introducción, por vía vaginal o anal, de objetos, dedos u órganos distintos al miembro viril, a una persona de cualquier sexo.",2018,8,Fiscalía General del Estado - INEC,Denuncias,Paz,ODS 16
4006,15,Napo,0000,Total Nacional,Ecuador,Seguridad interna,Seguridad ciudadana,Denuncias de violaciones,Total,Total,5,No Aplica,"Es el acceso carnal, con introducción total o parcial del miembro viril, por vía oral, anal o vaginal; o la introducción, por vía vaginal o anal, de objetos, dedos u órganos distintos al miembro viril, a una persona de cualquier sexo.",2018,8,Fiscalía General del Estado - INEC,Denuncias,Paz,ODS 16
4006,16,Pastaza,0000,Total Nacional,Ecuador,Seguridad interna,Seguridad ciudadana,Denuncias de violaciones,Total,Total,7,No Aplica,"Es el acceso carnal, con introducción total o parcial del miembro viril, por vía oral, anal o vaginal; o la introducción, por vía vaginal o anal, de objetos, dedos u órganos distintos al miembro viril, a una persona de cualquier sexo.",2018,8,Fiscalía General del Estado - INEC,Denuncias,Paz,ODS 16
4006,17,Pichincha,0000,Total Nacional,Ecuador,Seguridad interna,Seguridad ciudadana,Denuncias de violaciones,Total,Total,73,No Aplica,"Es el acceso carnal, con introducción total o parcial del miembro viril, por vía oral, anal o vaginal; o la introducción, por vía vaginal o anal, de objetos, dedos u órganos distintos al miembro viril, a una persona de cualquier sexo.",2018,8,Fiscalía General del Estado - INEC,Denuncias,Paz,ODS 16
4006,18,Tungurahua,0000,Total Nacional,Ecuador,Seguridad interna,Seguridad ciudadana,Denuncias de violaciones,Total,Total,10,No Aplica,"Es el acceso carnal, con introducción total o parcial del miembro viril, por vía oral, anal o vaginal; o la introducción, por vía vaginal o anal, de objetos, dedos u órganos distintos al miembro viril, a una persona de cualquier sexo.",2018,8,Fiscalía General del Estado - INEC,Denuncias,Paz,ODS 16
4006,19,Zamora Chinchipe,0000,Total Nacional,Ecuador,Seguridad interna,Seguridad ciudadana,Denuncias de violaciones,Total,Total,7,No Aplica,"Es el acceso carnal, con introducción total o parcial del miembro viril, por vía oral, anal o vaginal; o la introducción, por vía vaginal o anal, de objetos, dedos u órganos distintos al miembro viril, a una persona de cualquier sexo.",2018,8,Fiscalía General del Estado - INEC,Denuncias,Paz,ODS 16
4006,20,Galápagos,0000,Total Nacional,Ecuador,Seguridad interna,Seguridad ciudadana,Denuncias de violaciones,Total,Total,2,No Aplica,"Es el acceso carnal, con introducción total o parcial del miembro viril, por vía oral, anal o vaginal; o la introducción, por vía vaginal o anal, de objetos, dedos u órganos distintos al miembro viril, a una persona de cualquier sexo.",2018,8,Fiscalía General del Estado - INEC,Denuncias,Paz,ODS 16
4006,21,Sucumbios,0000,Total Nacional,Ecuador,Seguridad interna,Seguridad ciudadana,Denuncias de violaciones,Total,Total,24,No Aplica,"Es el acceso carnal, con introducción total o parcial del miembro viril, por vía oral, anal o vaginal; o la introducción, por vía vaginal o anal, de objetos, dedos u órganos distintos al miembro viril, a una persona de cualquier sexo.",2018,8,Fiscalía General del Estado - INEC,Denuncias,Paz,ODS 16
4006,22,Orellana,0000,Total Nacional,Ecuador,Seguridad interna,Seguridad ciudadana,Denuncias de violaciones,Total,Total,9,No Aplica,"Es el acceso carnal, con introducción total o parcial del miembro viril, por vía oral, anal o vaginal; o la introducción, por vía vaginal o anal, de objetos, dedos u órganos distintos al miembro viril, a una persona de cualquier sexo.",2018,8,Fiscalía General del Estado - INEC,Denuncias,Paz,ODS 16
4006,23,Santo Domingo de los Tsáchilas,0000,Total Nacional,Ecuador,Seguridad interna,Seguridad ciudadana,Denuncias de violaciones,Total,Total,23,No Aplica,"Es el acceso carnal, con introducción total o parcial del miembro viril, por vía oral, anal o vaginal; o la introducción, por vía vaginal o anal, de objetos, dedos u órganos distintos al miembro viril, a una persona de cualquier sexo.",2018,8,Fiscalía General del Estado - INEC,Denuncias,Paz,ODS 16
4006,24,Santa Elena,0000,Total Nacional,Ecuador,Seguridad interna,Seguridad ciudadana,Denuncias de violaciones,Total,Total,9,No Aplica,"Es el acceso carnal, con introducción total o parcial del miembro viril, por vía oral, anal o vaginal; o la introducción, por vía vaginal o anal, de objetos, dedos u órganos distintos al miembro viril, a una persona de cualquier sexo.",2018,8,Fiscalía General del Estado - INEC,Denuncias,Paz,ODS 16
4006,00,Total Nacional,0000,Total Nacional,Ecuador,Seguridad interna,Seguridad ciudadana,Denuncias de violaciones,Total,Total,448,No Aplica,"Es el acceso carnal, con introducción total o parcial del miembro viril, por vía oral, anal o vaginal; o la introducción, por vía vaginal o anal, de objetos, dedos u órganos distintos al miembro viril, a una persona de cualquier sexo.",2018,7,Fiscalía General del Estado - INEC,Denuncias,Paz,ODS 16
4006,01,Azuay,0000,Total Nacional,Ecuador,Seguridad interna,Seguridad ciudadana,Denuncias de violaciones,Total,Total,26,No Aplica,"Es el acceso carnal, con introducción total o parcial del miembro viril, por vía oral, anal o vaginal; o la introducción, por vía vaginal o anal, de objetos, dedos u órganos distintos al miembro viril, a una persona de cualquier sexo.",2018,7,Fiscalía General del Estado - INEC,Denuncias,Paz,ODS 16
4006,02,Bolívar,0000,Total Nacional,Ecuador,Seguridad interna,Seguridad ciudadana,Denuncias de violaciones,Total,Total,1,No Aplica,"Es el acceso carnal, con introducción total o parcial del miembro viril, por vía oral, anal o vaginal; o la introducción, por vía vaginal o anal, de objetos, dedos u órganos distintos al miembro viril, a una persona de cualquier sexo.",2018,7,Fiscalía General del Estado - INEC,Denuncias,Paz,ODS 16
4006,03,Cañar,0000,Total Nacional,Ecuador,Seguridad interna,Seguridad ciudadana,Denuncias de violaciones,Total,Total,9,No Aplica,"Es el acceso carnal, con introducción total o parcial del miembro viril, por vía oral, anal o vaginal; o la introducción, por vía vaginal o anal, de objetos, dedos u órganos distintos al miembro viril, a una persona de cualquier sexo.",2018,7,Fiscalía General del Estado - INEC,Denuncias,Paz,ODS 16
4006,04,Carchi,0000,Total Nacional,Ecuador,Seguridad interna,Seguridad ciudadana,Denuncias de violaciones,Total,Total,3,No Aplica,"Es el acceso carnal, con introducción total o parcial del miembro viril, por vía oral, anal o vaginal; o la introducción, por vía vaginal o anal, de objetos, dedos u órganos distintos al miembro viril, a una persona de cualquier sexo.",2018,7,Fiscalía General del Estado - INEC,Denuncias,Paz,ODS 16
4006,05,Cotopaxi,0000,Total Nacional,Ecuador,Seguridad interna,Seguridad ciudadana,Denuncias de violaciones,Total,Total,6,No Aplica,"Es el acceso carnal, con introducción total o parcial del miembro viril, por vía oral, anal o vaginal; o la introducción, por vía vaginal o anal, de objetos, dedos u órganos distintos al miembro viril, a una persona de cualquier sexo.",2018,7,Fiscalía General del Estado - INEC,Denuncias,Paz,ODS 16
4006,06,Chimborazo,0000,Total Nacional,Ecuador,Seguridad interna,Seguridad ciudadana,Denuncias de violaciones,Total,Total,16,No Aplica,"Es el acceso carnal, con introducción total o parcial del miembro viril, por vía oral, anal o vaginal; o la introducción, por vía vaginal o anal, de objetos, dedos u órganos distintos al miembro viril, a una persona de cualquier sexo.",2018,7,Fiscalía General del Estado - INEC,Denuncias,Paz,ODS 16
4006,07,El Oro,0000,Total Nacional,Ecuador,Seguridad interna,Seguridad ciudadana,Denuncias de violaciones,Total,Total,23,No Aplica,"Es el acceso carnal, con introducción total o parcial del miembro viril, por vía oral, anal o vaginal; o la introducción, por vía vaginal o anal, de objetos, dedos u órganos distintos al miembro viril, a una persona de cualquier sexo.",2018,7,Fiscalía General del Estado - INEC,Denuncias,Paz,ODS 16
4006,08,Esmeraldas,0000,Total Nacional,Ecuador,Seguridad interna,Seguridad ciudadana,Denuncias de violaciones,Total,Total,24,No Aplica,"Es el acceso carnal, con introducción total o parcial del miembro viril, por vía oral, anal o vaginal; o la introducción, por vía vaginal o anal, de objetos, dedos u órganos distintos al miembro viril, a una persona de cualquier sexo.",2018,7,Fiscalía General del Estado - INEC,Denuncias,Paz,ODS 16
4006,09,Guayas,0000,Total Nacional,Ecuador,Seguridad interna,Seguridad ciudadana,Denuncias de violaciones,Total,Total,99,No Aplica,"Es el acceso carnal, con introducción total o parcial del miembro viril, por vía oral, anal o vaginal; o la introducción, por vía vaginal o anal, de objetos, dedos u órganos distintos al miembro viril, a una persona de cualquier sexo.",2018,7,Fiscalía General del Estado - INEC,Denuncias,Paz,ODS 16
4006,10,Imbabura,0000,Total Nacional,Ecuador,Seguridad interna,Seguridad ciudadana,Denuncias de violaciones,Total,Total,17,No Aplica,"Es el acceso carnal, con introducción total o parcial del miembro viril, por vía oral, anal o vaginal; o la introducción, por vía vaginal o anal, de objetos, dedos u órganos distintos al miembro viril, a una persona de cualquier sexo.",2018,7,Fiscalía General del Estado - INEC,Denuncias,Paz,ODS 16
4006,11,Loja,0000,Total Nacional,Ecuador,Seguridad interna,Seguridad ciudadana,Denuncias de violaciones,Total,Total,10,No Aplica,"Es el acceso carnal, con introducción total o parcial del miembro viril, por vía oral, anal o vaginal; o la introducción, por vía vaginal o anal, de objetos, dedos u órganos distintos al miembro viril, a una persona de cualquier sexo.",2018,7,Fiscalía General del Estado - INEC,Denuncias,Paz,ODS 16
4006,12,Los Ríos,0000,Total Nacional,Ecuador,Seguridad interna,Seguridad ciudadana,Denuncias de violaciones,Total,Total,15,No Aplica,"Es el acceso carnal, con introducción total o parcial del miembro viril, por vía oral, anal o vaginal; o la introducción, por vía vaginal o anal, de objetos, dedos u órganos distintos al miembro viril, a una persona de cualquier sexo.",2018,7,Fiscalía General del Estado - INEC,Denuncias,Paz,ODS 16
4006,13,Manabí,0000,Total Nacional,Ecuador,Seguridad interna,Seguridad ciudadana,Denuncias de violaciones,Total,Total,25,No Aplica,"Es el acceso carnal, con introducción total o parcial del miembro viril, por vía oral, anal o vaginal; o la introducción, por vía vaginal o anal, de objetos, dedos u órganos distintos al miembro viril, a una persona de cualquier sexo.",2018,7,Fiscalía General del Estado - INEC,Denuncias,Paz,ODS 16
4006,14,Morona Santiago,0000,Total Nacional,Ecuador,Seguridad interna,Seguridad ciudadana,Denuncias de violaciones,Total,Total,13,No Aplica,"Es el acceso carnal, con introducción total o parcial del miembro viril, por vía oral, anal o vaginal; o la introducción, por vía vaginal o anal, de objetos, dedos u órganos distintos al miembro viril, a una persona de cualquier sexo.",2018,7,Fiscalía General del Estado - INEC,Denuncias,Paz,ODS 16
4006,15,Napo,0000,Total Nacional,Ecuador,Seguridad interna,Seguridad ciudadana,Denuncias de violaciones,Total,Total,8,No Aplica,"Es el acceso carnal, con introducción total o parcial del miembro viril, por vía oral, anal o vaginal; o la introducción, por vía vaginal o anal, de objetos, dedos u órganos distintos al miembro viril, a una persona de cualquier sexo.",2018,7,Fiscalía General del Estado - INEC,Denuncias,Paz,ODS 16
4006,16,Pastaza,0000,Total Nacional,Ecuador,Seguridad interna,Seguridad ciudadana,Denuncias de violaciones,Total,Total,4,No Aplica,"Es el acceso carnal, con introducción total o parcial del miembro viril, por vía oral, anal o vaginal; o la introducción, por vía vaginal o anal, de objetos, dedos u órganos distintos al miembro viril, a una persona de cualquier sexo.",2018,7,Fiscalía General del Estado - INEC,Denuncias,Paz,ODS 16
4006,17,Pichincha,0000,Total Nacional,Ecuador,Seguridad interna,Seguridad ciudadana,Denuncias de violaciones,Total,Total,77,No Aplica,"Es el acceso carnal, con introducción total o parcial del miembro viril, por vía oral, anal o vaginal; o la introducción, por vía vaginal o anal, de objetos, dedos u órganos distintos al miembro viril, a una persona de cualquier sexo.",2018,7,Fiscalía General del Estado - INEC,Denuncias,Paz,ODS 16
4006,18,Tungurahua,0000,Total Nacional,Ecuador,Seguridad interna,Seguridad ciudadana,Denuncias de violaciones,Total,Total,16,No Aplica,"Es el acceso carnal, con introducción total o parcial del miembro viril, por vía oral, anal o vaginal; o la introducción, por vía vaginal o anal, de objetos, dedos u órganos distintos al miembro viril, a una persona de cualquier sexo.",2018,7,Fiscalía General del Estado - INEC,Denuncias,Paz,ODS 16
4006,19,Zamora Chinchipe,0000,Total Nacional,Ecuador,Seguridad interna,Seguridad ciudadana,Denuncias de violaciones,Total,Total,10,No Aplica,"Es el acceso carnal, con introducción total o parcial del miembro viril, por vía oral, anal o vaginal; o la introducción, por vía vaginal o anal, de objetos, dedos u órganos distintos al miembro viril, a una persona de cualquier sexo.",2018,7,Fiscalía General del Estado - INEC,Denuncias,Paz,ODS 16
4006,20,Galápagos,0000,Total Nacional,Ecuador,Seguridad interna,Seguridad ciudadana,Denuncias de violaciones,Total,Total,3,No Aplica,"Es el acceso carnal, con introducción total o parcial del miembro viril, por vía oral, anal o vaginal; o la introducción, por vía vaginal o anal, de objetos, dedos u órganos distintos al miembro viril, a una persona de cualquier sexo.",2018,7,Fiscalía General del Estado - INEC,Denuncias,Paz,ODS 16
4006,21,Sucumbios,0000,Total Nacional,Ecuador,Seguridad interna,Seguridad ciudadana,Denuncias de violaciones,Total,Total,13,No Aplica,"Es el acceso carnal, con introducción total o parcial del miembro viril, por vía oral, anal o vaginal; o la introducción, por vía vaginal o anal, de objetos, dedos u órganos distintos al miembro viril, a una persona de cualquier sexo.",2018,7,Fiscalía General del Estado - INEC,Denuncias,Paz,ODS 16
4006,22,Orellana,0000,Total Nacional,Ecuador,Seguridad interna,Seguridad ciudadana,Denuncias de violaciones,Total,Total,5,No Aplica,"Es el acceso carnal, con introducción total o parcial del miembro viril, por vía oral, anal o vaginal; o la introducción, por vía vaginal o anal, de objetos, dedos u órganos distintos al miembro viril, a una persona de cualquier sexo.",2018,7,Fiscalía General del Estado - INEC,Denuncias,Paz,ODS 16
4006,23,Santo Domingo de los Tsáchilas,0000,Total Nacional,Ecuador,Seguridad interna,Seguridad ciudadana,Denuncias de violaciones,Total,Total,17,No Aplica,"Es el acceso carnal, con introducción total o parcial del miembro viril, por vía oral, anal o vaginal; o la introducción, por vía vaginal o anal, de objetos, dedos u órganos distintos al miembro viril, a una persona de cualquier sexo.",2018,7,Fiscalía General del Estado - INEC,Denuncias,Paz,ODS 16
4006,24,Santa Elena,0000,Total Nacional,Ecuador,Seguridad interna,Seguridad ciudadana,Denuncias de violaciones,Total,Total,8,No Aplica,"Es el acceso carnal, con introducción total o parcial del miembro viril, por vía oral, anal o vaginal; o la introducción, por vía vaginal o anal, de objetos, dedos u órganos distintos al miembro viril, a una persona de cualquier sexo.",2018,7,Fiscalía General del Estado - INEC,Denuncias,Paz,ODS 16
4006,00,Total Nacional,0000,Total Nacional,Ecuador,Seguridad interna,Seguridad ciudadana,Denuncias de violaciones,Total,Total,453,No Aplica,"Es el acceso carnal, con introducción total o parcial del miembro viril, por vía oral, anal o vaginal; o la introducción, por vía vaginal o anal, de objetos, dedos u órganos distintos al miembro viril, a una persona de cualquier sexo.",2018,6,Fiscalía General del Estado - INEC,Denuncias,Paz,ODS 16
4006,01,Azuay,0000,Total Nacional,Ecuador,Seguridad interna,Seguridad ciudadana,Denuncias de violaciones,Total,Total,41,No Aplica,"Es el acceso carnal, con introducción total o parcial del miembro viril, por vía oral, anal o vaginal; o la introducción, por vía vaginal o anal, de objetos, dedos u órganos distintos al miembro viril, a una persona de cualquier sexo.",2018,6,Fiscalía General del Estado - INEC,Denuncias,Paz,ODS 16
4006,02,Bolívar,0000,Total Nacional,Ecuador,Seguridad interna,Seguridad ciudadana,Denuncias de violaciones,Total,Total,5,No Aplica,"Es el acceso carnal, con introducción total o parcial del miembro viril, por vía oral, anal o vaginal; o la introducción, por vía vaginal o anal, de objetos, dedos u órganos distintos al miembro viril, a una persona de cualquier sexo.",2018,6,Fiscalía General del Estado - INEC,Denuncias,Paz,ODS 16
4006,03,Cañar,0000,Total Nacional,Ecuador,Seguridad interna,Seguridad ciudadana,Denuncias de violaciones,Total,Total,11,No Aplica,"Es el acceso carnal, con introducción total o parcial del miembro viril, por vía oral, anal o vaginal; o la introducción, por vía vaginal o anal, de objetos, dedos u órganos distintos al miembro viril, a una persona de cualquier sexo.",2018,6,Fiscalía General del Estado - INEC,Denuncias,Paz,ODS 16
4006,04,Carchi,0000,Total Nacional,Ecuador,Seguridad interna,Seguridad ciudadana,Denuncias de violaciones,Total,Total,3,No Aplica,"Es el acceso carnal, con introducción total o parcial del miembro viril, por vía oral, anal o vaginal; o la introducción, por vía vaginal o anal, de objetos, dedos u órganos distintos al miembro viril, a una persona de cualquier sexo.",2018,6,Fiscalía General del Estado - INEC,Denuncias,Paz,ODS 16
4006,05,Cotopaxi,0000,Total Nacional,Ecuador,Seguridad interna,Seguridad ciudadana,Denuncias de violaciones,Total,Total,9,No Aplica,"Es el acceso carnal, con introducción total o parcial del miembro viril, por vía oral, anal o vaginal; o la introducción, por vía vaginal o anal, de objetos, dedos u órganos distintos al miembro viril, a una persona de cualquier sexo.",2018,6,Fiscalía General del Estado - INEC,Denuncias,Paz,ODS 16
4006,06,Chimborazo,0000,Total Nacional,Ecuador,Seguridad interna,Seguridad ciudadana,Denuncias de violaciones,Total,Total,18,No Aplica,"Es el acceso carnal, con introducción total o parcial del miembro viril, por vía oral, anal o vaginal; o la introducción, por vía vaginal o anal, de objetos, dedos u órganos distintos al miembro viril, a una persona de cualquier sexo.",2018,6,Fiscalía General del Estado - INEC,Denuncias,Paz,ODS 16
4006,07,El Oro,0000,Total Nacional,Ecuador,Seguridad interna,Seguridad ciudadana,Denuncias de violaciones,Total,Total,14,No Aplica,"Es el acceso carnal, con introducción total o parcial del miembro viril, por vía oral, anal o vaginal; o la introducción, por vía vaginal o anal, de objetos, dedos u órganos distintos al miembro viril, a una persona de cualquier sexo.",2018,6,Fiscalía General del Estado - INEC,Denuncias,Paz,ODS 16
4006,08,Esmeraldas,0000,Total Nacional,Ecuador,Seguridad interna,Seguridad ciudadana,Denuncias de violaciones,Total,Total,23,No Aplica,"Es el acceso carnal, con introducción total o parcial del miembro viril, por vía oral, anal o vaginal; o la introducción, por vía vaginal o anal, de objetos, dedos u órganos distintos al miembro viril, a una persona de cualquier sexo.",2018,6,Fiscalía General del Estado - INEC,Denuncias,Paz,ODS 16
4006,09,Guayas,0000,Total Nacional,Ecuador,Seguridad interna,Seguridad ciudadana,Denuncias de violaciones,Total,Total,83,No Aplica,"Es el acceso carnal, con introducción total o parcial del miembro viril, por vía oral, anal o vaginal; o la introducción, por vía vaginal o anal, de objetos, dedos u órganos distintos al miembro viril, a una persona de cualquier sexo.",2018,6,Fiscalía General del Estado - INEC,Denuncias,Paz,ODS 16
4006,10,Imbabura,0000,Total Nacional,Ecuador,Seguridad interna,Seguridad ciudadana,Denuncias de violaciones,Total,Total,20,No Aplica,"Es el acceso carnal, con introducción total o parcial del miembro viril, por vía oral, anal o vaginal; o la introducción, por vía vaginal o anal, de objetos, dedos u órganos distintos al miembro viril, a una persona de cualquier sexo.",2018,6,Fiscalía General del Estado - INEC,Denuncias,Paz,ODS 16
4006,11,Loja,0000,Total Nacional,Ecuador,Seguridad interna,Seguridad ciudadana,Denuncias de violaciones,Total,Total,12,No Aplica,"Es el acceso carnal, con introducción total o parcial del miembro viril, por vía oral, anal o vaginal; o la introducción, por vía vaginal o anal, de objetos, dedos u órganos distintos al miembro viril, a una persona de cualquier sexo.",2018,6,Fiscalía General del Estado - INEC,Denuncias,Paz,ODS 16
4006,12,Los Ríos,0000,Total Nacional,Ecuador,Seguridad interna,Seguridad ciudadana,Denuncias de violaciones,Total,Total,20,No Aplica,"Es el acceso carnal, con introducción total o parcial del miembro viril, por vía oral, anal o vaginal; o la introducción, por vía vaginal o anal, de objetos, dedos u órganos distintos al miembro viril, a una persona de cualquier sexo.",2018,6,Fiscalía General del Estado - INEC,Denuncias,Paz,ODS 16
4006,13,Manabí,0000,Total Nacional,Ecuador,Seguridad interna,Seguridad ciudadana,Denuncias de violaciones,Total,Total,35,No Aplica,"Es el acceso carnal, con introducción total o parcial del miembro viril, por vía oral, anal o vaginal; o la introducción, por vía vaginal o anal, de objetos, dedos u órganos distintos al miembro viril, a una persona de cualquier sexo.",2018,6,Fiscalía General del Estado - INEC,Denuncias,Paz,ODS 16
4006,14,Morona Santiago,0000,Total Nacional,Ecuador,Seguridad interna,Seguridad ciudadana,Denuncias de violaciones,Total,Total,24,No Aplica,"Es el acceso carnal, con introducción total o parcial del miembro viril, por vía oral, anal o vaginal; o la introducción, por vía vaginal o anal, de objetos, dedos u órganos distintos al miembro viril, a una persona de cualquier sexo.",2018,6,Fiscalía General del Estado - INEC,Denuncias,Paz,ODS 16
4006,15,Napo,0000,Total Nacional,Ecuador,Seguridad interna,Seguridad ciudadana,Denuncias de violaciones,Total,Total,5,No Aplica,"Es el acceso carnal, con introducción total o parcial del miembro viril, por vía oral, anal o vaginal; o la introducción, por vía vaginal o anal, de objetos, dedos u órganos distintos al miembro viril, a una persona de cualquier sexo.",2018,6,Fiscalía General del Estado - INEC,Denuncias,Paz,ODS 16
4006,16,Pastaza,0000,Total Nacional,Ecuador,Seguridad interna,Seguridad ciudadana,Denuncias de violaciones,Total,Total,7,No Aplica,"Es el acceso carnal, con introducción total o parcial del miembro viril, por vía oral, anal o vaginal; o la introducción, por vía vaginal o anal, de objetos, dedos u órganos distintos al miembro viril, a una persona de cualquier sexo.",2018,6,Fiscalía General del Estado - INEC,Denuncias,Paz,ODS 16
4006,17,Pichincha,0000,Total Nacional,Ecuador,Seguridad interna,Seguridad ciudadana,Denuncias de violaciones,Total,Total,72,No Aplica,"Es el acceso carnal, con introducción total o parcial del miembro viril, por vía oral, anal o vaginal; o la introducción, por vía vaginal o anal, de objetos, dedos u órganos distintos al miembro viril, a una persona de cualquier sexo.",2018,6,Fiscalía General del Estado - INEC,Denuncias,Paz,ODS 16
4006,18,Tungurahua,0000,Total Nacional,Ecuador,Seguridad interna,Seguridad ciudadana,Denuncias de violaciones,Total,Total,13,No Aplica,"Es el acceso carnal, con introducción total o parcial del miembro viril, por vía oral, anal o vaginal; o la introducción, por vía vaginal o anal, de objetos, dedos u órganos distintos al miembro viril, a una persona de cualquier sexo.",2018,6,Fiscalía General del Estado - INEC,Denuncias,Paz,ODS 16
4006,19,Zamora Chinchipe,0000,Total Nacional,Ecuador,Seguridad interna,Seguridad ciudadana,Denuncias de violaciones,Total,Total,4,No Aplica,"Es el acceso carnal, con introducción total o parcial del miembro viril, por vía oral, anal o vaginal; o la introducción, por vía vaginal o anal, de objetos, dedos u órganos distintos al miembro viril, a una persona de cualquier sexo.",2018,6,Fiscalía General del Estado - INEC,Denuncias,Paz,ODS 16
4006,20,Galápagos,0000,Total Nacional,Ecuador,Seguridad interna,Seguridad ciudadana,Denuncias de violaciones,Total,Total,0,No Aplica,"Es el acceso carnal, con introducción total o parcial del miembro viril, por vía oral, anal o vaginal; o la introducción, por vía vaginal o anal, de objetos, dedos u órganos distintos al miembro viril, a una persona de cualquier sexo.",2018,6,Fiscalía General del Estado - INEC,Denuncias,Paz,ODS 16
4006,21,Sucumbios,0000,Total Nacional,Ecuador,Seguridad interna,Seguridad ciudadana,Denuncias de violaciones,Total,Total,9,No Aplica,"Es el acceso carnal, con introducción total o parcial del miembro viril, por vía oral, anal o vaginal; o la introducción, por vía vaginal o anal, de objetos, dedos u órganos distintos al miembro viril, a una persona de cualquier sexo.",2018,6,Fiscalía General del Estado - INEC,Denuncias,Paz,ODS 16
4006,22,Orellana,0000,Total Nacional,Ecuador,Seguridad interna,Seguridad ciudadana,Denuncias de violaciones,Total,Total,5,No Aplica,"Es el acceso carnal, con introducción total o parcial del miembro viril, por vía oral, anal o vaginal; o la introducción, por vía vaginal o anal, de objetos, dedos u órganos distintos al miembro viril, a una persona de cualquier sexo.",2018,6,Fiscalía General del Estado - INEC,Denuncias,Paz,ODS 16
4006,23,Santo Domingo de los Tsáchilas,0000,Total Nacional,Ecuador,Seguridad interna,Seguridad ciudadana,Denuncias de violaciones,Total,Total,16,No Aplica,"Es el acceso carnal, con introducción total o parcial del miembro viril, por vía oral, anal o vaginal; o la introducción, por vía vaginal o anal, de objetos, dedos u órganos distintos al miembro viril, a una persona de cualquier sexo.",2018,6,Fiscalía General del Estado - INEC,Denuncias,Paz,ODS 16
4006,24,Santa Elena,0000,Total Nacional,Ecuador,Seguridad interna,Seguridad ciudadana,Denuncias de violaciones,Total,Total,4,No Aplica,"Es el acceso carnal, con introducción total o parcial del miembro viril, por vía oral, anal o vaginal; o la introducción, por vía vaginal o anal, de objetos, dedos u órganos distintos al miembro viril, a una persona de cualquier sexo.",2018,6,Fiscalía General del Estado - INEC,Denuncias,Paz,ODS 16
4006,00,Total Nacional,0000,Total Nacional,Ecuador,Seguridad interna,Seguridad ciudadana,Denuncias de violaciones,Total,Total,454,No Aplica,"Es el acceso carnal, con introducción total o parcial del miembro viril, por vía oral, anal o vaginal; o la introducción, por vía vaginal o anal, de objetos, dedos u órganos distintos al miembro viril, a una persona de cualquier sexo.",2018,5,Fiscalía General del Estado - INEC,Denuncias,Paz,ODS 16
4006,01,Azuay,0000,Total Nacional,Ecuador,Seguridad interna,Seguridad ciudadana,Denuncias de violaciones,Total,Total,46,No Aplica,"Es el acceso carnal, con introducción total o parcial del miembro viril, por vía oral, anal o vaginal; o la introducción, por vía vaginal o anal, de objetos, dedos u órganos distintos al miembro viril, a una persona de cualquier sexo.",2018,5,Fiscalía General del Estado - INEC,Denuncias,Paz,ODS 16
4006,02,Bolívar,0000,Total Nacional,Ecuador,Seguridad interna,Seguridad ciudadana,Denuncias de violaciones,Total,Total,3,No Aplica,"Es el acceso carnal, con introducción total o parcial del miembro viril, por vía oral, anal o vaginal; o la introducción, por vía vaginal o anal, de objetos, dedos u órganos distintos al miembro viril, a una persona de cualquier sexo.",2018,5,Fiscalía General del Estado - INEC,Denuncias,Paz,ODS 16
4006,03,Cañar,0000,Total Nacional,Ecuador,Seguridad interna,Seguridad ciudadana,Denuncias de violaciones,Total,Total,10,No Aplica,"Es el acceso carnal, con introducción total o parcial del miembro viril, por vía oral, anal o vaginal; o la introducción, por vía vaginal o anal, de objetos, dedos u órganos distintos al miembro viril, a una persona de cualquier sexo.",2018,5,Fiscalía General del Estado - INEC,Denuncias,Paz,ODS 16
4006,04,Carchi,0000,Total Nacional,Ecuador,Seguridad interna,Seguridad ciudadana,Denuncias de violaciones,Total,Total,4,No Aplica,"Es el acceso carnal, con introducción total o parcial del miembro viril, por vía oral, anal o vaginal; o la introducción, por vía vaginal o anal, de objetos, dedos u órganos distintos al miembro viril, a una persona de cualquier sexo.",2018,5,Fiscalía General del Estado - INEC,Denuncias,Paz,ODS 16
4006,05,Cotopaxi,0000,Total Nacional,Ecuador,Seguridad interna,Seguridad ciudadana,Denuncias de violaciones,Total,Total,6,No Aplica,"Es el acceso carnal, con introducción total o parcial del miembro viril, por vía oral, anal o vaginal; o la introducción, por vía vaginal o anal, de objetos, dedos u órganos distintos al miembro viril, a una persona de cualquier sexo.",2018,5,Fiscalía General del Estado - INEC,Denuncias,Paz,ODS 16
4006,06,Chimborazo,0000,Total Nacional,Ecuador,Seguridad interna,Seguridad ciudadana,Denuncias de violaciones,Total,Total,12,No Aplica,"Es el acceso carnal, con introducción total o parcial del miembro viril, por vía oral, anal o vaginal; o la introducción, por vía vaginal o anal, de objetos, dedos u órganos distintos al miembro viril, a una persona de cualquier sexo.",2018,5,Fiscalía General del Estado - INEC,Denuncias,Paz,ODS 16
4006,07,El Oro,0000,Total Nacional,Ecuador,Seguridad interna,Seguridad ciudadana,Denuncias de violaciones,Total,Total,23,No Aplica,"Es el acceso carnal, con introducción total o parcial del miembro viril, por vía oral, anal o vaginal; o la introducción, por vía vaginal o anal, de objetos, dedos u órganos distintos al miembro viril, a una persona de cualquier sexo.",2018,5,Fiscalía General del Estado - INEC,Denuncias,Paz,ODS 16
4006,08,Esmeraldas,0000,Total Nacional,Ecuador,Seguridad interna,Seguridad ciudadana,Denuncias de violaciones,Total,Total,14,No Aplica,"Es el acceso carnal, con introducción total o parcial del miembro viril, por vía oral, anal o vaginal; o la introducción, por vía vaginal o anal, de objetos, dedos u órganos distintos al miembro viril, a una persona de cualquier sexo.",2018,5,Fiscalía General del Estado - INEC,Denuncias,Paz,ODS 16
4006,09,Guayas,0000,Total Nacional,Ecuador,Seguridad interna,Seguridad ciudadana,Denuncias de violaciones,Total,Total,77,No Aplica,"Es el acceso carnal, con introducción total o parcial del miembro viril, por vía oral, anal o vaginal; o la introducción, por vía vaginal o anal, de objetos, dedos u órganos distintos al miembro viril, a una persona de cualquier sexo.",2018,5,Fiscalía General del Estado - INEC,Denuncias,Paz,ODS 16
4006,10,Imbabura,0000,Total Nacional,Ecuador,Seguridad interna,Seguridad ciudadana,Denuncias de violaciones,Total,Total,16,No Aplica,"Es el acceso carnal, con introducción total o parcial del miembro viril, por vía oral, anal o vaginal; o la introducción, por vía vaginal o anal, de objetos, dedos u órganos distintos al miembro viril, a una persona de cualquier sexo.",2018,5,Fiscalía General del Estado - INEC,Denuncias,Paz,ODS 16
4006,11,Loja,0000,Total Nacional,Ecuador,Seguridad interna,Seguridad ciudadana,Denuncias de violaciones,Total,Total,12,No Aplica,"Es el acceso carnal, con introducción total o parcial del miembro viril, por vía oral, anal o vaginal; o la introducción, por vía vaginal o anal, de objetos, dedos u órganos distintos al miembro viril, a una persona de cualquier sexo.",2018,5,Fiscalía General del Estado - INEC,Denuncias,Paz,ODS 16
4006,12,Los Ríos,0000,Total Nacional,Ecuador,Seguridad interna,Seguridad ciudadana,Denuncias de violaciones,Total,Total,15,No Aplica,"Es el acceso carnal, con introducción total o parcial del miembro viril, por vía oral, anal o vaginal; o la introducción, por vía vaginal o anal, de objetos, dedos u órganos distintos al miembro viril, a una persona de cualquier sexo.",2018,5,Fiscalía General del Estado - INEC,Denuncias,Paz,ODS 16
4006,13,Manabí,0000,Total Nacional,Ecuador,Seguridad interna,Seguridad ciudadana,Denuncias de violaciones,Total,Total,34,No Aplica,"Es el acceso carnal, con introducción total o parcial del miembro viril, por vía oral, anal o vaginal; o la introducción, por vía vaginal o anal, de objetos, dedos u órganos distintos al miembro viril, a una persona de cualquier sexo.",2018,5,Fiscalía General del Estado - INEC,Denuncias,Paz,ODS 16
4006,14,Morona Santiago,0000,Total Nacional,Ecuador,Seguridad interna,Seguridad ciudadana,Denuncias de violaciones,Total,Total,18,No Aplica,"Es el acceso carnal, con introducción total o parcial del miembro viril, por vía oral, anal o vaginal; o la introducción, por vía vaginal o anal, de objetos, dedos u órganos distintos al miembro viril, a una persona de cualquier sexo.",2018,5,Fiscalía General del Estado - INEC,Denuncias,Paz,ODS 16
4006,15,Napo,0000,Total Nacional,Ecuador,Seguridad interna,Seguridad ciudadana,Denuncias de violaciones,Total,Total,6,No Aplica,"Es el acceso carnal, con introducción total o parcial del miembro viril, por vía oral, anal o vaginal; o la introducción, por vía vaginal o anal, de objetos, dedos u órganos distintos al miembro viril, a una persona de cualquier sexo.",2018,5,Fiscalía General del Estado - INEC,Denuncias,Paz,ODS 16
4006,16,Pastaza,0000,Total Nacional,Ecuador,Seguridad interna,Seguridad ciudadana,Denuncias de violaciones,Total,Total,8,No Aplica,"Es el acceso carnal, con introducción total o parcial del miembro viril, por vía oral, anal o vaginal; o la introducción, por vía vaginal o anal, de objetos, dedos u órganos distintos al miembro viril, a una persona de cualquier sexo.",2018,5,Fiscalía General del Estado - INEC,Denuncias,Paz,ODS 16
4006,17,Pichincha,0000,Total Nacional,Ecuador,Seguridad interna,Seguridad ciudadana,Denuncias de violaciones,Total,Total,78,No Aplica,"Es el acceso carnal, con introducción total o parcial del miembro viril, por vía oral, anal o vaginal; o la introducción, por vía vaginal o anal, de objetos, dedos u órganos distintos al miembro viril, a una persona de cualquier sexo.",2018,5,Fiscalía General del Estado - INEC,Denuncias,Paz,ODS 16
4006,18,Tungurahua,0000,Total Nacional,Ecuador,Seguridad interna,Seguridad ciudadana,Denuncias de violaciones,Total,Total,12,No Aplica,"Es el acceso carnal, con introducción total o parcial del miembro viril, por vía oral, anal o vaginal; o la introducción, por vía vaginal o anal, de objetos, dedos u órganos distintos al miembro viril, a una persona de cualquier sexo.",2018,5,Fiscalía General del Estado - INEC,Denuncias,Paz,ODS 16
4006,19,Zamora Chinchipe,0000,Total Nacional,Ecuador,Seguridad interna,Seguridad ciudadana,Denuncias de violaciones,Total,Total,0,No Aplica,"Es el acceso carnal, con introducción total o parcial del miembro viril, por vía oral, anal o vaginal; o la introducción, por vía vaginal o anal, de objetos, dedos u órganos distintos al miembro viril, a una persona de cualquier sexo.",2018,5,Fiscalía General del Estado - INEC,Denuncias,Paz,ODS 16
4006,20,Galápagos,0000,Total Nacional,Ecuador,Seguridad interna,Seguridad ciudadana,Denuncias de violaciones,Total,Total,1,No Aplica,"Es el acceso carnal, con introducción total o parcial del miembro viril, por vía oral, anal o vaginal; o la introducción, por vía vaginal o anal, de objetos, dedos u órganos distintos al miembro viril, a una persona de cualquier sexo.",2018,5,Fiscalía General del Estado - INEC,Denuncias,Paz,ODS 16
4006,21,Sucumbios,0000,Total Nacional,Ecuador,Seguridad interna,Seguridad ciudadana,Denuncias de violaciones,Total,Total,19,No Aplica,"Es el acceso carnal, con introducción total o parcial del miembro viril, por vía oral, anal o vaginal; o la introducción, por vía vaginal o anal, de objetos, dedos u órganos distintos al miembro viril, a una persona de cualquier sexo.",2018,5,Fiscalía General del Estado - INEC,Denuncias,Paz,ODS 16
4006,22,Orellana,0000,Total Nacional,Ecuador,Seguridad interna,Seguridad ciudadana,Denuncias de violaciones,Total,Total,8,No Aplica,"Es el acceso carnal, con introducción total o parcial del miembro viril, por vía oral, anal o vaginal; o la introducción, por vía vaginal o anal, de objetos, dedos u órganos distintos al miembro viril, a una persona de cualquier sexo.",2018,5,Fiscalía General del Estado - INEC,Denuncias,Paz,ODS 16
4006,23,Santo Domingo de los Tsáchilas,0000,Total Nacional,Ecuador,Seguridad interna,Seguridad ciudadana,Denuncias de violaciones,Total,Total,18,No Aplica,"Es el acceso carnal, con introducción total o parcial del miembro viril, por vía oral, anal o vaginal; o la introducción, por vía vaginal o anal, de objetos, dedos u órganos distintos al miembro viril, a una persona de cualquier sexo.",2018,5,Fiscalía General del Estado - INEC,Denuncias,Paz,ODS 16
4006,24,Santa Elena,0000,Total Nacional,Ecuador,Seguridad interna,Seguridad ciudadana,Denuncias de violaciones,Total,Total,14,No Aplica,"Es el acceso carnal, con introducción total o parcial del miembro viril, por vía oral, anal o vaginal; o la introducción, por vía vaginal o anal, de objetos, dedos u órganos distintos al miembro viril, a una persona de cualquier sexo.",2018,5,Fiscalía General del Estado - INEC,Denuncias,Paz,ODS 16
4006,00,Total Nacional,0000,Total Nacional,Ecuador,Seguridad interna,Seguridad ciudadana,Denuncias de violaciones,Total,Total,405,No Aplica,"Es el acceso carnal, con introducción total o parcial del miembro viril, por vía oral, anal o vaginal; o la introducción, por vía vaginal o anal, de objetos, dedos u órganos distintos al miembro viril, a una persona de cualquier sexo.",2018,4,Fiscalía General del Estado - INEC,Denuncias,Paz,ODS 16
4006,01,Azuay,0000,Total Nacional,Ecuador,Seguridad interna,Seguridad ciudadana,Denuncias de violaciones,Total,Total,31,No Aplica,"Es el acceso carnal, con introducción total o parcial del miembro viril, por vía oral, anal o vaginal; o la introducción, por vía vaginal o anal, de objetos, dedos u órganos distintos al miembro viril, a una persona de cualquier sexo.",2018,4,Fiscalía General del Estado - INEC,Denuncias,Paz,ODS 16
4006,02,Bolívar,0000,Total Nacional,Ecuador,Seguridad interna,Seguridad ciudadana,Denuncias de violaciones,Total,Total,7,No Aplica,"Es el acceso carnal, con introducción total o parcial del miembro viril, por vía oral, anal o vaginal; o la introducción, por vía vaginal o anal, de objetos, dedos u órganos distintos al miembro viril, a una persona de cualquier sexo.",2018,4,Fiscalía General del Estado - INEC,Denuncias,Paz,ODS 16
4006,03,Cañar,0000,Total Nacional,Ecuador,Seguridad interna,Seguridad ciudadana,Denuncias de violaciones,Total,Total,9,No Aplica,"Es el acceso carnal, con introducción total o parcial del miembro viril, por vía oral, anal o vaginal; o la introducción, por vía vaginal o anal, de objetos, dedos u órganos distintos al miembro viril, a una persona de cualquier sexo.",2018,4,Fiscalía General del Estado - INEC,Denuncias,Paz,ODS 16
4006,04,Carchi,0000,Total Nacional,Ecuador,Seguridad interna,Seguridad ciudadana,Denuncias de violaciones,Total,Total,1,No Aplica,"Es el acceso carnal, con introducción total o parcial del miembro viril, por vía oral, anal o vaginal; o la introducción, por vía vaginal o anal, de objetos, dedos u órganos distintos al miembro viril, a una persona de cualquier sexo.",2018,4,Fiscalía General del Estado - INEC,Denuncias,Paz,ODS 16
4006,05,Cotopaxi,0000,Total Nacional,Ecuador,Seguridad interna,Seguridad ciudadana,Denuncias de violaciones,Total,Total,11,No Aplica,"Es el acceso carnal, con introducción total o parcial del miembro viril, por vía oral, anal o vaginal; o la introducción, por vía vaginal o anal, de objetos, dedos u órganos distintos al miembro viril, a una persona de cualquier sexo.",2018,4,Fiscalía General del Estado - INEC,Denuncias,Paz,ODS 16
4006,06,Chimborazo,0000,Total Nacional,Ecuador,Seguridad interna,Seguridad ciudadana,Denuncias de violaciones,Total,Total,15,No Aplica,"Es el acceso carnal, con introducción total o parcial del miembro viril, por vía oral, anal o vaginal; o la introducción, por vía vaginal o anal, de objetos, dedos u órganos distintos al miembro viril, a una persona de cualquier sexo.",2018,4,Fiscalía General del Estado - INEC,Denuncias,Paz,ODS 16
4006,07,El Oro,0000,Total Nacional,Ecuador,Seguridad interna,Seguridad ciudadana,Denuncias de violaciones,Total,Total,13,No Aplica,"Es el acceso carnal, con introducción total o parcial del miembro viril, por vía oral, anal o vaginal; o la introducción, por vía vaginal o anal, de objetos, dedos u órganos distintos al miembro viril, a una persona de cualquier sexo.",2018,4,Fiscalía General del Estado - INEC,Denuncias,Paz,ODS 16
4006,08,Esmeraldas,0000,Total Nacional,Ecuador,Seguridad interna,Seguridad ciudadana,Denuncias de violaciones,Total,Total,12,No Aplica,"Es el acceso carnal, con introducción total o parcial del miembro viril, por vía oral, anal o vaginal; o la introducción, por vía vaginal o anal, de objetos, dedos u órganos distintos al miembro viril, a una persona de cualquier sexo.",2018,4,Fiscalía General del Estado - INEC,Denuncias,Paz,ODS 16
4006,09,Guayas,0000,Total Nacional,Ecuador,Seguridad interna,Seguridad ciudadana,Denuncias de violaciones,Total,Total,54,No Aplica,"Es el acceso carnal, con introducción total o parcial del miembro viril, por vía oral, anal o vaginal; o la introducción, por vía vaginal o anal, de objetos, dedos u órganos distintos al miembro viril, a una persona de cualquier sexo.",2018,4,Fiscalía General del Estado - INEC,Denuncias,Paz,ODS 16
4006,10,Imbabura,0000,Total Nacional,Ecuador,Seguridad interna,Seguridad ciudadana,Denuncias de violaciones,Total,Total,11,No Aplica,"Es el acceso carnal, con introducción total o parcial del miembro viril, por vía oral, anal o vaginal; o la introducción, por vía vaginal o anal, de objetos, dedos u órganos distintos al miembro viril, a una persona de cualquier sexo.",2018,4,Fiscalía General del Estado - INEC,Denuncias,Paz,ODS 16
4006,11,Loja,0000,Total Nacional,Ecuador,Seguridad interna,Seguridad ciudadana,Denuncias de violaciones,Total,Total,16,No Aplica,"Es el acceso carnal, con introducción total o parcial del miembro viril, por vía oral, anal o vaginal; o la introducción, por vía vaginal o anal, de objetos, dedos u órganos distintos al miembro viril, a una persona de cualquier sexo.",2018,4,Fiscalía General del Estado - INEC,Denuncias,Paz,ODS 16
4006,12,Los Ríos,0000,Total Nacional,Ecuador,Seguridad interna,Seguridad ciudadana,Denuncias de violaciones,Total,Total,12,No Aplica,"Es el acceso carnal, con introducción total o parcial del miembro viril, por vía oral, anal o vaginal; o la introducción, por vía vaginal o anal, de objetos, dedos u órganos distintos al miembro viril, a una persona de cualquier sexo.",2018,4,Fiscalía General del Estado - INEC,Denuncias,Paz,ODS 16
4006,13,Manabí,0000,Total Nacional,Ecuador,Seguridad interna,Seguridad ciudadana,Denuncias de violaciones,Total,Total,35,No Aplica,"Es el acceso carnal, con introducción total o parcial del miembro viril, por vía oral, anal o vaginal; o la introducción, por vía vaginal o anal, de objetos, dedos u órganos distintos al miembro viril, a una persona de cualquier sexo.",2018,4,Fiscalía General del Estado - INEC,Denuncias,Paz,ODS 16
4006,14,Morona Santiago,0000,Total Nacional,Ecuador,Seguridad interna,Seguridad ciudadana,Denuncias de violaciones,Total,Total,18,No Aplica,"Es el acceso carnal, con introducción total o parcial del miembro viril, por vía oral, anal o vaginal; o la introducción, por vía vaginal o anal, de objetos, dedos u órganos distintos al miembro viril, a una persona de cualquier sexo.",2018,4,Fiscalía General del Estado - INEC,Denuncias,Paz,ODS 16
4006,15,Napo,0000,Total Nacional,Ecuador,Seguridad interna,Seguridad ciudadana,Denuncias de violaciones,Total,Total,7,No Aplica,"Es el acceso carnal, con introducción total o parcial del miembro viril, por vía oral, anal o vaginal; o la introducción, por vía vaginal o anal, de objetos, dedos u órganos distintos al miembro viril, a una persona de cualquier sexo.",2018,4,Fiscalía General del Estado - INEC,Denuncias,Paz,ODS 16
4006,16,Pastaza,0000,Total Nacional,Ecuador,Seguridad interna,Seguridad ciudadana,Denuncias de violaciones,Total,Total,6,No Aplica,"Es el acceso carnal, con introducción total o parcial del miembro viril, por vía oral, anal o vaginal; o la introducción, por vía vaginal o anal, de objetos, dedos u órganos distintos al miembro viril, a una persona de cualquier sexo.",2018,4,Fiscalía General del Estado - INEC,Denuncias,Paz,ODS 16
4006,17,Pichincha,0000,Total Nacional,Ecuador,Seguridad interna,Seguridad ciudadana,Denuncias de violaciones,Total,Total,89,No Aplica,"Es el acceso carnal, con introducción total o parcial del miembro viril, por vía oral, anal o vaginal; o la introducción, por vía vaginal o anal, de objetos, dedos u órganos distintos al miembro viril, a una persona de cualquier sexo.",2018,4,Fiscalía General del Estado - INEC,Denuncias,Paz,ODS 16
4006,18,Tungurahua,0000,Total Nacional,Ecuador,Seguridad interna,Seguridad ciudadana,Denuncias de violaciones,Total,Total,11,No Aplica,"Es el acceso carnal, con introducción total o parcial del miembro viril, por vía oral, anal o vaginal; o la introducción, por vía vaginal o anal, de objetos, dedos u órganos distintos al miembro viril, a una persona de cualquier sexo.",2018,4,Fiscalía General del Estado - INEC,Denuncias,Paz,ODS 16
4006,19,Zamora Chinchipe,0000,Total Nacional,Ecuador,Seguridad interna,Seguridad ciudadana,Denuncias de violaciones,Total,Total,5,No Aplica,"Es el acceso carnal, con introducción total o parcial del miembro viril, por vía oral, anal o vaginal; o la introducción, por vía vaginal o anal, de objetos, dedos u órganos distintos al miembro viril, a una persona de cualquier sexo.",2018,4,Fiscalía General del Estado - INEC,Denuncias,Paz,ODS 16
4006,20,Galápagos,0000,Total Nacional,Ecuador,Seguridad interna,Seguridad ciudadana,Denuncias de violaciones,Total,Total,3,No Aplica,"Es el acceso carnal, con introducción total o parcial del miembro viril, por vía oral, anal o vaginal; o la introducción, por vía vaginal o anal, de objetos, dedos u órganos distintos al miembro viril, a una persona de cualquier sexo.",2018,4,Fiscalía General del Estado - INEC,Denuncias,Paz,ODS 16
4006,21,Sucumbios,0000,Total Nacional,Ecuador,Seguridad interna,Seguridad ciudadana,Denuncias de violaciones,Total,Total,9,No Aplica,"Es el acceso carnal, con introducción total o parcial del miembro viril, por vía oral, anal o vaginal; o la introducción, por vía vaginal o anal, de objetos, dedos u órganos distintos al miembro viril, a una persona de cualquier sexo.",2018,4,Fiscalía General del Estado - INEC,Denuncias,Paz,ODS 16
4006,22,Orellana,0000,Total Nacional,Ecuador,Seguridad interna,Seguridad ciudadana,Denuncias de violaciones,Total,Total,11,No Aplica,"Es el acceso carnal, con introducción total o parcial del miembro viril, por vía oral, anal o vaginal; o la introducción, por vía vaginal o anal, de objetos, dedos u órganos distintos al miembro viril, a una persona de cualquier sexo.",2018,4,Fiscalía General del Estado - INEC,Denuncias,Paz,ODS 16
4006,23,Santo Domingo de los Tsáchilas,0000,Total Nacional,Ecuador,Seguridad interna,Seguridad ciudadana,Denuncias de violaciones,Total,Total,9,No Aplica,"Es el acceso carnal, con introducción total o parcial del miembro viril, por vía oral, anal o vaginal; o la introducción, por vía vaginal o anal, de objetos, dedos u órganos distintos al miembro viril, a una persona de cualquier sexo.",2018,4,Fiscalía General del Estado - INEC,Denuncias,Paz,ODS 16
4006,24,Santa Elena,0000,Total Nacional,Ecuador,Seguridad interna,Seguridad ciudadana,Denuncias de violaciones,Total,Total,10,No Aplica,"Es el acceso carnal, con introducción total o parcial del miembro viril, por vía oral, anal o vaginal; o la introducción, por vía vaginal o anal, de objetos, dedos u órganos distintos al miembro viril, a una persona de cualquier sexo.",2018,4,Fiscalía General del Estado - INEC,Denuncias,Paz,ODS 16
4006,00,Total Nacional,0000,Total Nacional,Ecuador,Seguridad interna,Seguridad ciudadana,Denuncias de violaciones,Total,Total,451,No Aplica,"Es el acceso carnal, con introducción total o parcial del miembro viril, por vía oral, anal o vaginal; o la introducción, por vía vaginal o anal, de objetos, dedos u órganos distintos al miembro viril, a una persona de cualquier sexo.",2018,3,Fiscalía General del Estado - INEC,Denuncias,Paz,ODS 16
4006,01,Azuay,0000,Total Nacional,Ecuador,Seguridad interna,Seguridad ciudadana,Denuncias de violaciones,Total,Total,22,No Aplica,"Es el acceso carnal, con introducción total o parcial del miembro viril, por vía oral, anal o vaginal; o la introducción, por vía vaginal o anal, de objetos, dedos u órganos distintos al miembro viril, a una persona de cualquier sexo.",2018,3,Fiscalía General del Estado - INEC,Denuncias,Paz,ODS 16
4006,02,Bolívar,0000,Total Nacional,Ecuador,Seguridad interna,Seguridad ciudadana,Denuncias de violaciones,Total,Total,12,No Aplica,"Es el acceso carnal, con introducción total o parcial del miembro viril, por vía oral, anal o vaginal; o la introducción, por vía vaginal o anal, de objetos, dedos u órganos distintos al miembro viril, a una persona de cualquier sexo.",2018,3,Fiscalía General del Estado - INEC,Denuncias,Paz,ODS 16
4006,03,Cañar,0000,Total Nacional,Ecuador,Seguridad interna,Seguridad ciudadana,Denuncias de violaciones,Total,Total,8,No Aplica,"Es el acceso carnal, con introducción total o parcial del miembro viril, por vía oral, anal o vaginal; o la introducción, por vía vaginal o anal, de objetos, dedos u órganos distintos al miembro viril, a una persona de cualquier sexo.",2018,3,Fiscalía General del Estado - INEC,Denuncias,Paz,ODS 16
4006,04,Carchi,0000,Total Nacional,Ecuador,Seguridad interna,Seguridad ciudadana,Denuncias de violaciones,Total,Total,4,No Aplica,"Es el acceso carnal, con introducción total o parcial del miembro viril, por vía oral, anal o vaginal; o la introducción, por vía vaginal o anal, de objetos, dedos u órganos distintos al miembro viril, a una persona de cualquier sexo.",2018,3,Fiscalía General del Estado - INEC,Denuncias,Paz,ODS 16
4006,05,Cotopaxi,0000,Total Nacional,Ecuador,Seguridad interna,Seguridad ciudadana,Denuncias de violaciones,Total,Total,9,No Aplica,"Es el acceso carnal, con introducción total o parcial del miembro viril, por vía oral, anal o vaginal; o la introducción, por vía vaginal o anal, de objetos, dedos u órganos distintos al miembro viril, a una persona de cualquier sexo.",2018,3,Fiscalía General del Estado - INEC,Denuncias,Paz,ODS 16
4006,06,Chimborazo,0000,Total Nacional,Ecuador,Seguridad interna,Seguridad ciudadana,Denuncias de violaciones,Total,Total,19,No Aplica,"Es el acceso carnal, con introducción total o parcial del miembro viril, por vía oral, anal o vaginal; o la introducción, por vía vaginal o anal, de objetos, dedos u órganos distintos al miembro viril, a una persona de cualquier sexo.",2018,3,Fiscalía General del Estado - INEC,Denuncias,Paz,ODS 16
4006,07,El Oro,0000,Total Nacional,Ecuador,Seguridad interna,Seguridad ciudadana,Denuncias de violaciones,Total,Total,23,No Aplica,"Es el acceso carnal, con introducción total o parcial del miembro viril, por vía oral, anal o vaginal; o la introducción, por vía vaginal o anal, de objetos, dedos u órganos distintos al miembro viril, a una persona de cualquier sexo.",2018,3,Fiscalía General del Estado - INEC,Denuncias,Paz,ODS 16
4006,08,Esmeraldas,0000,Total Nacional,Ecuador,Seguridad interna,Seguridad ciudadana,Denuncias de violaciones,Total,Total,13,No Aplica,"Es el acceso carnal, con introducción total o parcial del miembro viril, por vía oral, anal o vaginal; o la introducción, por vía vaginal o anal, de objetos, dedos u órganos distintos al miembro viril, a una persona de cualquier sexo.",2018,3,Fiscalía General del Estado - INEC,Denuncias,Paz,ODS 16
4006,09,Guayas,0000,Total Nacional,Ecuador,Seguridad interna,Seguridad ciudadana,Denuncias de violaciones,Total,Total,77,No Aplica,"Es el acceso carnal, con introducción total o parcial del miembro viril, por vía oral, anal o vaginal; o la introducción, por vía vaginal o anal, de objetos, dedos u órganos distintos al miembro viril, a una persona de cualquier sexo.",2018,3,Fiscalía General del Estado - INEC,Denuncias,Paz,ODS 16
4006,10,Imbabura,0000,Total Nacional,Ecuador,Seguridad interna,Seguridad ciudadana,Denuncias de violaciones,Total,Total,16,No Aplica,"Es el acceso carnal, con introducción total o parcial del miembro viril, por vía oral, anal o vaginal; o la introducción, por vía vaginal o anal, de objetos, dedos u órganos distintos al miembro viril, a una persona de cualquier sexo.",2018,3,Fiscalía General del Estado - INEC,Denuncias,Paz,ODS 16
4006,11,Loja,0000,Total Nacional,Ecuador,Seguridad interna,Seguridad ciudadana,Denuncias de violaciones,Total,Total,11,No Aplica,"Es el acceso carnal, con introducción total o parcial del miembro viril, por vía oral, anal o vaginal; o la introducción, por vía vaginal o anal, de objetos, dedos u órganos distintos al miembro viril, a una persona de cualquier sexo.",2018,3,Fiscalía General del Estado - INEC,Denuncias,Paz,ODS 16
4006,12,Los Ríos,0000,Total Nacional,Ecuador,Seguridad interna,Seguridad ciudadana,Denuncias de violaciones,Total,Total,16,No Aplica,"Es el acceso carnal, con introducción total o parcial del miembro viril, por vía oral, anal o vaginal; o la introducción, por vía vaginal o anal, de objetos, dedos u órganos distintos al miembro viril, a una persona de cualquier sexo.",2018,3,Fiscalía General del Estado - INEC,Denuncias,Paz,ODS 16
4006,13,Manabí,0000,Total Nacional,Ecuador,Seguridad interna,Seguridad ciudadana,Denuncias de violaciones,Total,Total,38,No Aplica,"Es el acceso carnal, con introducción total o parcial del miembro viril, por vía oral, anal o vaginal; o la introducción, por vía vaginal o anal, de objetos, dedos u órganos distintos al miembro viril, a una persona de cualquier sexo.",2018,3,Fiscalía General del Estado - INEC,Denuncias,Paz,ODS 16
4006,14,Morona Santiago,0000,Total Nacional,Ecuador,Seguridad interna,Seguridad ciudadana,Denuncias de violaciones,Total,Total,24,No Aplica,"Es el acceso carnal, con introducción total o parcial del miembro viril, por vía oral, anal o vaginal; o la introducción, por vía vaginal o anal, de objetos, dedos u órganos distintos al miembro viril, a una persona de cualquier sexo.",2018,3,Fiscalía General del Estado - INEC,Denuncias,Paz,ODS 16
4006,15,Napo,0000,Total Nacional,Ecuador,Seguridad interna,Seguridad ciudadana,Denuncias de violaciones,Total,Total,8,No Aplica,"Es el acceso carnal, con introducción total o parcial del miembro viril, por vía oral, anal o vaginal; o la introducción, por vía vaginal o anal, de objetos, dedos u órganos distintos al miembro viril, a una persona de cualquier sexo.",2018,3,Fiscalía General del Estado - INEC,Denuncias,Paz,ODS 16
4006,16,Pastaza,0000,Total Nacional,Ecuador,Seguridad interna,Seguridad ciudadana,Denuncias de violaciones,Total,Total,7,No Aplica,"Es el acceso carnal, con introducción total o parcial del miembro viril, por vía oral, anal o vaginal; o la introducción, por vía vaginal o anal, de objetos, dedos u órganos distintos al miembro viril, a una persona de cualquier sexo.",2018,3,Fiscalía General del Estado - INEC,Denuncias,Paz,ODS 16
4006,17,Pichincha,0000,Total Nacional,Ecuador,Seguridad interna,Seguridad ciudadana,Denuncias de violaciones,Total,Total,70,No Aplica,"Es el acceso carnal, con introducción total o parcial del miembro viril, por vía oral, anal o vaginal; o la introducción, por vía vaginal o anal, de objetos, dedos u órganos distintos al miembro viril, a una persona de cualquier sexo.",2018,3,Fiscalía General del Estado - INEC,Denuncias,Paz,ODS 16
4006,18,Tungurahua,0000,Total Nacional,Ecuador,Seguridad interna,Seguridad ciudadana,Denuncias de violaciones,Total,Total,9,No Aplica,"Es el acceso carnal, con introducción total o parcial del miembro viril, por vía oral, anal o vaginal; o la introducción, por vía vaginal o anal, de objetos, dedos u órganos distintos al miembro viril, a una persona de cualquier sexo.",2018,3,Fiscalía General del Estado - INEC,Denuncias,Paz,ODS 16
4006,19,Zamora Chinchipe,0000,Total Nacional,Ecuador,Seguridad interna,Seguridad ciudadana,Denuncias de violaciones,Total,Total,5,No Aplica,"Es el acceso carnal, con introducción total o parcial del miembro viril, por vía oral, anal o vaginal; o la introducción, por vía vaginal o anal, de objetos, dedos u órganos distintos al miembro viril, a una persona de cualquier sexo.",2018,3,Fiscalía General del Estado - INEC,Denuncias,Paz,ODS 16
4006,20,Galápagos,0000,Total Nacional,Ecuador,Seguridad interna,Seguridad ciudadana,Denuncias de violaciones,Total,Total,3,No Aplica,"Es el acceso carnal, con introducción total o parcial del miembro viril, por vía oral, anal o vaginal; o la introducción, por vía vaginal o anal, de objetos, dedos u órganos distintos al miembro viril, a una persona de cualquier sexo.",2018,3,Fiscalía General del Estado - INEC,Denuncias,Paz,ODS 16
4006,21,Sucumbios,0000,Total Nacional,Ecuador,Seguridad interna,Seguridad ciudadana,Denuncias de violaciones,Total,Total,19,No Aplica,"Es el acceso carnal, con introducción total o parcial del miembro viril, por vía oral, anal o vaginal; o la introducción, por vía vaginal o anal, de objetos, dedos u órganos distintos al miembro viril, a una persona de cualquier sexo.",2018,3,Fiscalía General del Estado - INEC,Denuncias,Paz,ODS 16
4006,22,Orellana,0000,Total Nacional,Ecuador,Seguridad interna,Seguridad ciudadana,Denuncias de violaciones,Total,Total,11,No Aplica,"Es el acceso carnal, con introducción total o parcial del miembro viril, por vía oral, anal o vaginal; o la introducción, por vía vaginal o anal, de objetos, dedos u órganos distintos al miembro viril, a una persona de cualquier sexo.",2018,3,Fiscalía General del Estado - INEC,Denuncias,Paz,ODS 16
4006,23,Santo Domingo de los Tsáchilas,0000,Total Nacional,Ecuador,Seguridad interna,Seguridad ciudadana,Denuncias de violaciones,Total,Total,23,No Aplica,"Es el acceso carnal, con introducción total o parcial del miembro viril, por vía oral, anal o vaginal; o la introducción, por vía vaginal o anal, de objetos, dedos u órganos distintos al miembro viril, a una persona de cualquier sexo.",2018,3,Fiscalía General del Estado - INEC,Denuncias,Paz,ODS 16
4006,24,Santa Elena,0000,Total Nacional,Ecuador,Seguridad interna,Seguridad ciudadana,Denuncias de violaciones,Total,Total,4,No Aplica,"Es el acceso carnal, con introducción total o parcial del miembro viril, por vía oral, anal o vaginal; o la introducción, por vía vaginal o anal, de objetos, dedos u órganos distintos al miembro viril, a una persona de cualquier sexo.",2018,3,Fiscalía General del Estado - INEC,Denuncias,Paz,ODS 16
4006,00,Total Nacional,0000,Total Nacional,Ecuador,Seguridad interna,Seguridad ciudadana,Denuncias de violaciones,Total,Total,380,No Aplica,"Es el acceso carnal, con introducción total o parcial del miembro viril, por vía oral, anal o vaginal; o la introducción, por vía vaginal o anal, de objetos, dedos u órganos distintos al miembro viril, a una persona de cualquier sexo.",2018,2,Fiscalía General del Estado - INEC,Denuncias,Paz,ODS 16
4006,01,Azuay,0000,Total Nacional,Ecuador,Seguridad interna,Seguridad ciudadana,Denuncias de violaciones,Total,Total,22,No Aplica,"Es el acceso carnal, con introducción total o parcial del miembro viril, por vía oral, anal o vaginal; o la introducción, por vía vaginal o anal, de objetos, dedos u órganos distintos al miembro viril, a una persona de cualquier sexo.",2018,2,Fiscalía General del Estado - INEC,Denuncias,Paz,ODS 16
4006,02,Bolívar,0000,Total Nacional,Ecuador,Seguridad interna,Seguridad ciudadana,Denuncias de violaciones,Total,Total,7,No Aplica,"Es el acceso carnal, con introducción total o parcial del miembro viril, por vía oral, anal o vaginal; o la introducción, por vía vaginal o anal, de objetos, dedos u órganos distintos al miembro viril, a una persona de cualquier sexo.",2018,2,Fiscalía General del Estado - INEC,Denuncias,Paz,ODS 16
4006,03,Cañar,0000,Total Nacional,Ecuador,Seguridad interna,Seguridad ciudadana,Denuncias de violaciones,Total,Total,4,No Aplica,"Es el acceso carnal, con introducción total o parcial del miembro viril, por vía oral, anal o vaginal; o la introducción, por vía vaginal o anal, de objetos, dedos u órganos distintos al miembro viril, a una persona de cualquier sexo.",2018,2,Fiscalía General del Estado - INEC,Denuncias,Paz,ODS 16
4006,04,Carchi,0000,Total Nacional,Ecuador,Seguridad interna,Seguridad ciudadana,Denuncias de violaciones,Total,Total,1,No Aplica,"Es el acceso carnal, con introducción total o parcial del miembro viril, por vía oral, anal o vaginal; o la introducción, por vía vaginal o anal, de objetos, dedos u órganos distintos al miembro viril, a una persona de cualquier sexo.",2018,2,Fiscalía General del Estado - INEC,Denuncias,Paz,ODS 16
4006,05,Cotopaxi,0000,Total Nacional,Ecuador,Seguridad interna,Seguridad ciudadana,Denuncias de violaciones,Total,Total,5,No Aplica,"Es el acceso carnal, con introducción total o parcial del miembro viril, por vía oral, anal o vaginal; o la introducción, por vía vaginal o anal, de objetos, dedos u órganos distintos al miembro viril, a una persona de cualquier sexo.",2018,2,Fiscalía General del Estado - INEC,Denuncias,Paz,ODS 16
4006,06,Chimborazo,0000,Total Nacional,Ecuador,Seguridad interna,Seguridad ciudadana,Denuncias de violaciones,Total,Total,10,No Aplica,"Es el acceso carnal, con introducción total o parcial del miembro viril, por vía oral, anal o vaginal; o la introducción, por vía vaginal o anal, de objetos, dedos u órganos distintos al miembro viril, a una persona de cualquier sexo.",2018,2,Fiscalía General del Estado - INEC,Denuncias,Paz,ODS 16
4006,07,El Oro,0000,Total Nacional,Ecuador,Seguridad interna,Seguridad ciudadana,Denuncias de violaciones,Total,Total,22,No Aplica,"Es el acceso carnal, con introducción total o parcial del miembro viril, por vía oral, anal o vaginal; o la introducción, por vía vaginal o anal, de objetos, dedos u órganos distintos al miembro viril, a una persona de cualquier sexo.",2018,2,Fiscalía General del Estado - INEC,Denuncias,Paz,ODS 16
4006,08,Esmeraldas,0000,Total Nacional,Ecuador,Seguridad interna,Seguridad ciudadana,Denuncias de violaciones,Total,Total,14,No Aplica,"Es el acceso carnal, con introducción total o parcial del miembro viril, por vía oral, anal o vaginal; o la introducción, por vía vaginal o anal, de objetos, dedos u órganos distintos al miembro viril, a una persona de cualquier sexo.",2018,2,Fiscalía General del Estado - INEC,Denuncias,Paz,ODS 16
4006,09,Guayas,0000,Total Nacional,Ecuador,Seguridad interna,Seguridad ciudadana,Denuncias de violaciones,Total,Total,72,No Aplica,"Es el acceso carnal, con introducción total o parcial del miembro viril, por vía oral, anal o vaginal; o la introducción, por vía vaginal o anal, de objetos, dedos u órganos distintos al miembro viril, a una persona de cualquier sexo.",2018,2,Fiscalía General del Estado - INEC,Denuncias,Paz,ODS 16
4006,10,Imbabura,0000,Total Nacional,Ecuador,Seguridad interna,Seguridad ciudadana,Denuncias de violaciones,Total,Total,10,No Aplica,"Es el acceso carnal, con introducción total o parcial del miembro viril, por vía oral, anal o vaginal; o la introducción, por vía vaginal o anal, de objetos, dedos u órganos distintos al miembro viril, a una persona de cualquier sexo.",2018,2,Fiscalía General del Estado - INEC,Denuncias,Paz,ODS 16
4006,11,Loja,0000,Total Nacional,Ecuador,Seguridad interna,Seguridad ciudadana,Denuncias de violaciones,Total,Total,9,No Aplica,"Es el acceso carnal, con introducción total o parcial del miembro viril, por vía oral, anal o vaginal; o la introducción, por vía vaginal o anal, de objetos, dedos u órganos distintos al miembro viril, a una persona de cualquier sexo.",2018,2,Fiscalía General del Estado - INEC,Denuncias,Paz,ODS 16
4006,12,Los Ríos,0000,Total Nacional,Ecuador,Seguridad interna,Seguridad ciudadana,Denuncias de violaciones,Total,Total,23,No Aplica,"Es el acceso carnal, con introducción total o parcial del miembro viril, por vía oral, anal o vaginal; o la introducción, por vía vaginal o anal, de objetos, dedos u órganos distintos al miembro viril, a una persona de cualquier sexo.",2018,2,Fiscalía General del Estado - INEC,Denuncias,Paz,ODS 16
4006,13,Manabí,0000,Total Nacional,Ecuador,Seguridad interna,Seguridad ciudadana,Denuncias de violaciones,Total,Total,26,No Aplica,"Es el acceso carnal, con introducción total o parcial del miembro viril, por vía oral, anal o vaginal; o la introducción, por vía vaginal o anal, de objetos, dedos u órganos distintos al miembro viril, a una persona de cualquier sexo.",2018,2,Fiscalía General del Estado - INEC,Denuncias,Paz,ODS 16
4006,14,Morona Santiago,0000,Total Nacional,Ecuador,Seguridad interna,Seguridad ciudadana,Denuncias de violaciones,Total,Total,17,No Aplica,"Es el acceso carnal, con introducción total o parcial del miembro viril, por vía oral, anal o vaginal; o la introducción, por vía vaginal o anal, de objetos, dedos u órganos distintos al miembro viril, a una persona de cualquier sexo.",2018,2,Fiscalía General del Estado - INEC,Denuncias,Paz,ODS 16
4006,15,Napo,0000,Total Nacional,Ecuador,Seguridad interna,Seguridad ciudadana,Denuncias de violaciones,Total,Total,4,No Aplica,"Es el acceso carnal, con introducción total o parcial del miembro viril, por vía oral, anal o vaginal; o la introducción, por vía vaginal o anal, de objetos, dedos u órganos distintos al miembro viril, a una persona de cualquier sexo.",2018,2,Fiscalía General del Estado - INEC,Denuncias,Paz,ODS 16
4006,16,Pastaza,0000,Total Nacional,Ecuador,Seguridad interna,Seguridad ciudadana,Denuncias de violaciones,Total,Total,11,No Aplica,"Es el acceso carnal, con introducción total o parcial del miembro viril, por vía oral, anal o vaginal; o la introducción, por vía vaginal o anal, de objetos, dedos u órganos distintos al miembro viril, a una persona de cualquier sexo.",2018,2,Fiscalía General del Estado - INEC,Denuncias,Paz,ODS 16
4006,17,Pichincha,0000,Total Nacional,Ecuador,Seguridad interna,Seguridad ciudadana,Denuncias de violaciones,Total,Total,69,No Aplica,"Es el acceso carnal, con introducción total o parcial del miembro viril, por vía oral, anal o vaginal; o la introducción, por vía vaginal o anal, de objetos, dedos u órganos distintos al miembro viril, a una persona de cualquier sexo.",2018,2,Fiscalía General del Estado - INEC,Denuncias,Paz,ODS 16
4006,18,Tungurahua,0000,Total Nacional,Ecuador,Seguridad interna,Seguridad ciudadana,Denuncias de violaciones,Total,Total,10,No Aplica,"Es el acceso carnal, con introducción total o parcial del miembro viril, por vía oral, anal o vaginal; o la introducción, por vía vaginal o anal, de objetos, dedos u órganos distintos al miembro viril, a una persona de cualquier sexo.",2018,2,Fiscalía General del Estado - INEC,Denuncias,Paz,ODS 16
4006,19,Zamora Chinchipe,0000,Total Nacional,Ecuador,Seguridad interna,Seguridad ciudadana,Denuncias de violaciones,Total,Total,5,No Aplica,"Es el acceso carnal, con introducción total o parcial del miembro viril, por vía oral, anal o vaginal; o la introducción, por vía vaginal o anal, de objetos, dedos u órganos distintos al miembro viril, a una persona de cualquier sexo.",2018,2,Fiscalía General del Estado - INEC,Denuncias,Paz,ODS 16
4006,20,Galápagos,0000,Total Nacional,Ecuador,Seguridad interna,Seguridad ciudadana,Denuncias de violaciones,Total,Total,0,No Aplica,"Es el acceso carnal, con introducción total o parcial del miembro viril, por vía oral, anal o vaginal; o la introducción, por vía vaginal o anal, de objetos, dedos u órganos distintos al miembro viril, a una persona de cualquier sexo.",2018,2,Fiscalía General del Estado - INEC,Denuncias,Paz,ODS 16
4006,21,Sucumbios,0000,Total Nacional,Ecuador,Seguridad interna,Seguridad ciudadana,Denuncias de violaciones,Total,Total,12,No Aplica,"Es el acceso carnal, con introducción total o parcial del miembro viril, por vía oral, anal o vaginal; o la introducción, por vía vaginal o anal, de objetos, dedos u órganos distintos al miembro viril, a una persona de cualquier sexo.",2018,2,Fiscalía General del Estado - INEC,Denuncias,Paz,ODS 16
4006,22,Orellana,0000,Total Nacional,Ecuador,Seguridad interna,Seguridad ciudadana,Denuncias de violaciones,Total,Total,10,No Aplica,"Es el acceso carnal, con introducción total o parcial del miembro viril, por vía oral, anal o vaginal; o la introducción, por vía vaginal o anal, de objetos, dedos u órganos distintos al miembro viril, a una persona de cualquier sexo.",2018,2,Fiscalía General del Estado - INEC,Denuncias,Paz,ODS 16
4006,23,Santo Domingo de los Tsáchilas,0000,Total Nacional,Ecuador,Seguridad interna,Seguridad ciudadana,Denuncias de violaciones,Total,Total,10,No Aplica,"Es el acceso carnal, con introducción total o parcial del miembro viril, por vía oral, anal o vaginal; o la introducción, por vía vaginal o anal, de objetos, dedos u órganos distintos al miembro viril, a una persona de cualquier sexo.",2018,2,Fiscalía General del Estado - INEC,Denuncias,Paz,ODS 16
4006,24,Santa Elena,0000,Total Nacional,Ecuador,Seguridad interna,Seguridad ciudadana,Denuncias de violaciones,Total,Total,7,No Aplica,"Es el acceso carnal, con introducción total o parcial del miembro viril, por vía oral, anal o vaginal; o la introducción, por vía vaginal o anal, de objetos, dedos u órganos distintos al miembro viril, a una persona de cualquier sexo.",2018,2,Fiscalía General del Estado - INEC,Denuncias,Paz,ODS 16
4006,00,Total Nacional,0000,Total Nacional,Ecuador,Seguridad interna,Seguridad ciudadana,Denuncias de violaciones,Total,Total,451,No Aplica,"Es el acceso carnal, con introducción total o parcial del miembro viril, por vía oral, anal o vaginal; o la introducción, por vía vaginal o anal, de objetos, dedos u órganos distintos al miembro viril, a una persona de cualquier sexo.",2018,1,Fiscalía General del Estado - INEC,Denuncias,Paz,ODS 16
4006,01,Azuay,0000,Total Nacional,Ecuador,Seguridad interna,Seguridad ciudadana,Denuncias de violaciones,Total,Total,28,No Aplica,"Es el acceso carnal, con introducción total o parcial del miembro viril, por vía oral, anal o vaginal; o la introducción, por vía vaginal o anal, de objetos, dedos u órganos distintos al miembro viril, a una persona de cualquier sexo.",2018,1,Fiscalía General del Estado - INEC,Denuncias,Paz,ODS 16
4006,02,Bolívar,0000,Total Nacional,Ecuador,Seguridad interna,Seguridad ciudadana,Denuncias de violaciones,Total,Total,5,No Aplica,"Es el acceso carnal, con introducción total o parcial del miembro viril, por vía oral, anal o vaginal; o la introducción, por vía vaginal o anal, de objetos, dedos u órganos distintos al miembro viril, a una persona de cualquier sexo.",2018,1,Fiscalía General del Estado - INEC,Denuncias,Paz,ODS 16
4006,03,Cañar,0000,Total Nacional,Ecuador,Seguridad interna,Seguridad ciudadana,Denuncias de violaciones,Total,Total,8,No Aplica,"Es el acceso carnal, con introducción total o parcial del miembro viril, por vía oral, anal o vaginal; o la introducción, por vía vaginal o anal, de objetos, dedos u órganos distintos al miembro viril, a una persona de cualquier sexo.",2018,1,Fiscalía General del Estado - INEC,Denuncias,Paz,ODS 16
4006,04,Carchi,0000,Total Nacional,Ecuador,Seguridad interna,Seguridad ciudadana,Denuncias de violaciones,Total,Total,2,No Aplica,"Es el acceso carnal, con introducción total o parcial del miembro viril, por vía oral, anal o vaginal; o la introducción, por vía vaginal o anal, de objetos, dedos u órganos distintos al miembro viril, a una persona de cualquier sexo.",2018,1,Fiscalía General del Estado - INEC,Denuncias,Paz,ODS 16
4006,05,Cotopaxi,0000,Total Nacional,Ecuador,Seguridad interna,Seguridad ciudadana,Denuncias de violaciones,Total,Total,6,No Aplica,"Es el acceso carnal, con introducción total o parcial del miembro viril, por vía oral, anal o vaginal; o la introducción, por vía vaginal o anal, de objetos, dedos u órganos distintos al miembro viril, a una persona de cualquier sexo.",2018,1,Fiscalía General del Estado - INEC,Denuncias,Paz,ODS 16
4006,06,Chimborazo,0000,Total Nacional,Ecuador,Seguridad interna,Seguridad ciudadana,Denuncias de violaciones,Total,Total,16,No Aplica,"Es el acceso carnal, con introducción total o parcial del miembro viril, por vía oral, anal o vaginal; o la introducción, por vía vaginal o anal, de objetos, dedos u órganos distintos al miembro viril, a una persona de cualquier sexo.",2018,1,Fiscalía General del Estado - INEC,Denuncias,Paz,ODS 16
4006,07,El Oro,0000,Total Nacional,Ecuador,Seguridad interna,Seguridad ciudadana,Denuncias de violaciones,Total,Total,28,No Aplica,"Es el acceso carnal, con introducción total o parcial del miembro viril, por vía oral, anal o vaginal; o la introducción, por vía vaginal o anal, de objetos, dedos u órganos distintos al miembro viril, a una persona de cualquier sexo.",2018,1,Fiscalía General del Estado - INEC,Denuncias,Paz,ODS 16
4006,08,Esmeraldas,0000,Total Nacional,Ecuador,Seguridad interna,Seguridad ciudadana,Denuncias de violaciones,Total,Total,14,No Aplica,"Es el acceso carnal, con introducción total o parcial del miembro viril, por vía oral, anal o vaginal; o la introducción, por vía vaginal o anal, de objetos, dedos u órganos distintos al miembro viril, a una persona de cualquier sexo.",2018,1,Fiscalía General del Estado - INEC,Denuncias,Paz,ODS 16
4006,09,Guayas,0000,Total Nacional,Ecuador,Seguridad interna,Seguridad ciudadana,Denuncias de violaciones,Total,Total,84,No Aplica,"Es el acceso carnal, con introducción total o parcial del miembro viril, por vía oral, anal o vaginal; o la introducción, por vía vaginal o anal, de objetos, dedos u órganos distintos al miembro viril, a una persona de cualquier sexo.",2018,1,Fiscalía General del Estado - INEC,Denuncias,Paz,ODS 16
4006,10,Imbabura,0000,Total Nacional,Ecuador,Seguridad interna,Seguridad ciudadana,Denuncias de violaciones,Total,Total,16,No Aplica,"Es el acceso carnal, con introducción total o parcial del miembro viril, por vía oral, anal o vaginal; o la introducción, por vía vaginal o anal, de objetos, dedos u órganos distintos al miembro viril, a una persona de cualquier sexo.",2018,1,Fiscalía General del Estado - INEC,Denuncias,Paz,ODS 16
4006,11,Loja,0000,Total Nacional,Ecuador,Seguridad interna,Seguridad ciudadana,Denuncias de violaciones,Total,Total,14,No Aplica,"Es el acceso carnal, con introducción total o parcial del miembro viril, por vía oral, anal o vaginal; o la introducción, por vía vaginal o anal, de objetos, dedos u órganos distintos al miembro viril, a una persona de cualquier sexo.",2018,1,Fiscalía General del Estado - INEC,Denuncias,Paz,ODS 16
4006,12,Los Ríos,0000,Total Nacional,Ecuador,Seguridad interna,Seguridad ciudadana,Denuncias de violaciones,Total,Total,23,No Aplica,"Es el acceso carnal, con introducción total o parcial del miembro viril, por vía oral, anal o vaginal; o la introducción, por vía vaginal o anal, de objetos, dedos u órganos distintos al miembro viril, a una persona de cualquier sexo.",2018,1,Fiscalía General del Estado - INEC,Denuncias,Paz,ODS 16
4006,13,Manabí,0000,Total Nacional,Ecuador,Seguridad interna,Seguridad ciudadana,Denuncias de violaciones,Total,Total,32,No Aplica,"Es el acceso carnal, con introducción total o parcial del miembro viril, por vía oral, anal o vaginal; o la introducción, por vía vaginal o anal, de objetos, dedos u órganos distintos al miembro viril, a una persona de cualquier sexo.",2018,1,Fiscalía General del Estado - INEC,Denuncias,Paz,ODS 16
4006,14,Morona Santiago,0000,Total Nacional,Ecuador,Seguridad interna,Seguridad ciudadana,Denuncias de violaciones,Total,Total,17,No Aplica,"Es el acceso carnal, con introducción total o parcial del miembro viril, por vía oral, anal o vaginal; o la introducción, por vía vaginal o anal, de objetos, dedos u órganos distintos al miembro viril, a una persona de cualquier sexo.",2018,1,Fiscalía General del Estado - INEC,Denuncias,Paz,ODS 16
4006,15,Napo,0000,Total Nacional,Ecuador,Seguridad interna,Seguridad ciudadana,Denuncias de violaciones,Total,Total,6,No Aplica,"Es el acceso carnal, con introducción total o parcial del miembro viril, por vía oral, anal o vaginal; o la introducción, por vía vaginal o anal, de objetos, dedos u órganos distintos al miembro viril, a una persona de cualquier sexo.",2018,1,Fiscalía General del Estado - INEC,Denuncias,Paz,ODS 16
4006,16,Pastaza,0000,Total Nacional,Ecuador,Seguridad interna,Seguridad ciudadana,Denuncias de violaciones,Total,Total,9,No Aplica,"Es el acceso carnal, con introducción total o parcial del miembro viril, por vía oral, anal o vaginal; o la introducción, por vía vaginal o anal, de objetos, dedos u órganos distintos al miembro viril, a una persona de cualquier sexo.",2018,1,Fiscalía General del Estado - INEC,Denuncias,Paz,ODS 16
4006,17,Pichincha,0000,Total Nacional,Ecuador,Seguridad interna,Seguridad ciudadana,Denuncias de violaciones,Total,Total,78,No Aplica,"Es el acceso carnal, con introducción total o parcial del miembro viril, por vía oral, anal o vaginal; o la introducción, por vía vaginal o anal, de objetos, dedos u órganos distintos al miembro viril, a una persona de cualquier sexo.",2018,1,Fiscalía General del Estado - INEC,Denuncias,Paz,ODS 16
4006,18,Tungurahua,0000,Total Nacional,Ecuador,Seguridad interna,Seguridad ciudadana,Denuncias de violaciones,Total,Total,14,No Aplica,"Es el acceso carnal, con introducción total o parcial del miembro viril, por vía oral, anal o vaginal; o la introducción, por vía vaginal o anal, de objetos, dedos u órganos distintos al miembro viril, a una persona de cualquier sexo.",2018,1,Fiscalía General del Estado - INEC,Denuncias,Paz,ODS 16
4006,19,Zamora Chinchipe,0000,Total Nacional,Ecuador,Seguridad interna,Seguridad ciudadana,Denuncias de violaciones,Total,Total,2,No Aplica,"Es el acceso carnal, con introducción total o parcial del miembro viril, por vía oral, anal o vaginal; o la introducción, por vía vaginal o anal, de objetos, dedos u órganos distintos al miembro viril, a una persona de cualquier sexo.",2018,1,Fiscalía General del Estado - INEC,Denuncias,Paz,ODS 16
4006,20,Galápagos,0000,Total Nacional,Ecuador,Seguridad interna,Seguridad ciudadana,Denuncias de violaciones,Total,Total,3,No Aplica,"Es el acceso carnal, con introducción total o parcial del miembro viril, por vía oral, anal o vaginal; o la introducción, por vía vaginal o anal, de objetos, dedos u órganos distintos al miembro viril, a una persona de cualquier sexo.",2018,1,Fiscalía General del Estado - INEC,Denuncias,Paz,ODS 16
4006,21,Sucumbios,0000,Total Nacional,Ecuador,Seguridad interna,Seguridad ciudadana,Denuncias de violaciones,Total,Total,12,No Aplica,"Es el acceso carnal, con introducción total o parcial del miembro viril, por vía oral, anal o vaginal; o la introducción, por vía vaginal o anal, de objetos, dedos u órganos distintos al miembro viril, a una persona de cualquier sexo.",2018,1,Fiscalía General del Estado - INEC,Denuncias,Paz,ODS 16
4006,22,Orellana,0000,Total Nacional,Ecuador,Seguridad interna,Seguridad ciudadana,Denuncias de violaciones,Total,Total,9,No Aplica,"Es el acceso carnal, con introducción total o parcial del miembro viril, por vía oral, anal o vaginal; o la introducción, por vía vaginal o anal, de objetos, dedos u órganos distintos al miembro viril, a una persona de cualquier sexo.",2018,1,Fiscalía General del Estado - INEC,Denuncias,Paz,ODS 16
4006,23,Santo Domingo de los Tsáchilas,0000,Total Nacional,Ecuador,Seguridad interna,Seguridad ciudadana,Denuncias de violaciones,Total,Total,22,No Aplica,"Es el acceso carnal, con introducción total o parcial del miembro viril, por vía oral, anal o vaginal; o la introducción, por vía vaginal o anal, de objetos, dedos u órganos distintos al miembro viril, a una persona de cualquier sexo.",2018,1,Fiscalía General del Estado - INEC,Denuncias,Paz,ODS 16
4006,24,Santa Elena,0000,Total Nacional,Ecuador,Seguridad interna,Seguridad ciudadana,Denuncias de violaciones,Total,Total,3,No Aplica,"Es el acceso carnal, con introducción total o parcial del miembro viril, por vía oral, anal o vaginal; o la introducción, por vía vaginal o anal, de objetos, dedos u órganos distintos al miembro viril, a una persona de cualquier sexo.",2018,1,Fiscalía General del Estado - INEC,Denuncias,Paz,ODS 16
4006,00,Total Nacional,0000,Total Nacional,Ecuador,Seguridad interna,Seguridad ciudadana,Denuncias de violaciones,Total,Total,401,No Aplica,"Es el acceso carnal, con introducción total o parcial del miembro viril, por vía oral, anal o vaginal; o la introducción, por vía vaginal o anal, de objetos, dedos u órganos distintos al miembro viril, a una persona de cualquier sexo.",2017,12,Fiscalía General del Estado - INEC,Denuncias,Paz,ODS 16
4006,01,Azuay,0000,Total Nacional,Ecuador,Seguridad interna,Seguridad ciudadana,Denuncias de violaciones,Total,Total,26,No Aplica,"Es el acceso carnal, con introducción total o parcial del miembro viril, por vía oral, anal o vaginal; o la introducción, por vía vaginal o anal, de objetos, dedos u órganos distintos al miembro viril, a una persona de cualquier sexo.",2017,12,Fiscalía General del Estado - INEC,Denuncias,Paz,ODS 16
4006,02,Bolívar,0000,Total Nacional,Ecuador,Seguridad interna,Seguridad ciudadana,Denuncias de violaciones,Total,Total,7,No Aplica,"Es el acceso carnal, con introducción total o parcial del miembro viril, por vía oral, anal o vaginal; o la introducción, por vía vaginal o anal, de objetos, dedos u órganos distintos al miembro viril, a una persona de cualquier sexo.",2017,12,Fiscalía General del Estado - INEC,Denuncias,Paz,ODS 16
4006,03,Cañar,0000,Total Nacional,Ecuador,Seguridad interna,Seguridad ciudadana,Denuncias de violaciones,Total,Total,7,No Aplica,"Es el acceso carnal, con introducción total o parcial del miembro viril, por vía oral, anal o vaginal; o la introducción, por vía vaginal o anal, de objetos, dedos u órganos distintos al miembro viril, a una persona de cualquier sexo.",2017,12,Fiscalía General del Estado - INEC,Denuncias,Paz,ODS 16
4006,04,Carchi,0000,Total Nacional,Ecuador,Seguridad interna,Seguridad ciudadana,Denuncias de violaciones,Total,Total,4,No Aplica,"Es el acceso carnal, con introducción total o parcial del miembro viril, por vía oral, anal o vaginal; o la introducción, por vía vaginal o anal, de objetos, dedos u órganos distintos al miembro viril, a una persona de cualquier sexo.",2017,12,Fiscalía General del Estado - INEC,Denuncias,Paz,ODS 16
4006,05,Cotopaxi,0000,Total Nacional,Ecuador,Seguridad interna,Seguridad ciudadana,Denuncias de violaciones,Total,Total,9,No Aplica,"Es el acceso carnal, con introducción total o parcial del miembro viril, por vía oral, anal o vaginal; o la introducción, por vía vaginal o anal, de objetos, dedos u órganos distintos al miembro viril, a una persona de cualquier sexo.",2017,12,Fiscalía General del Estado - INEC,Denuncias,Paz,ODS 16
4006,06,Chimborazo,0000,Total Nacional,Ecuador,Seguridad interna,Seguridad ciudadana,Denuncias de violaciones,Total,Total,23,No Aplica,"Es el acceso carnal, con introducción total o parcial del miembro viril, por vía oral, anal o vaginal; o la introducción, por vía vaginal o anal, de objetos, dedos u órganos distintos al miembro viril, a una persona de cualquier sexo.",2017,12,Fiscalía General del Estado - INEC,Denuncias,Paz,ODS 16
4006,07,El Oro,0000,Total Nacional,Ecuador,Seguridad interna,Seguridad ciudadana,Denuncias de violaciones,Total,Total,22,No Aplica,"Es el acceso carnal, con introducción total o parcial del miembro viril, por vía oral, anal o vaginal; o la introducción, por vía vaginal o anal, de objetos, dedos u órganos distintos al miembro viril, a una persona de cualquier sexo.",2017,12,Fiscalía General del Estado - INEC,Denuncias,Paz,ODS 16
4006,08,Esmeraldas,0000,Total Nacional,Ecuador,Seguridad interna,Seguridad ciudadana,Denuncias de violaciones,Total,Total,12,No Aplica,"Es el acceso carnal, con introducción total o parcial del miembro viril, por vía oral, anal o vaginal; o la introducción, por vía vaginal o anal, de objetos, dedos u órganos distintos al miembro viril, a una persona de cualquier sexo.",2017,12,Fiscalía General del Estado - INEC,Denuncias,Paz,ODS 16
4006,09,Guayas,0000,Total Nacional,Ecuador,Seguridad interna,Seguridad ciudadana,Denuncias de violaciones,Total,Total,72,No Aplica,"Es el acceso carnal, con introducción total o parcial del miembro viril, por vía oral, anal o vaginal; o la introducción, por vía vaginal o anal, de objetos, dedos u órganos distintos al miembro viril, a una persona de cualquier sexo.",2017,12,Fiscalía General del Estado - INEC,Denuncias,Paz,ODS 16
4006,10,Imbabura,0000,Total Nacional,Ecuador,Seguridad interna,Seguridad ciudadana,Denuncias de violaciones,Total,Total,11,No Aplica,"Es el acceso carnal, con introducción total o parcial del miembro viril, por vía oral, anal o vaginal; o la introducción, por vía vaginal o anal, de objetos, dedos u órganos distintos al miembro viril, a una persona de cualquier sexo.",2017,12,Fiscalía General del Estado - INEC,Denuncias,Paz,ODS 16
4006,11,Loja,0000,Total Nacional,Ecuador,Seguridad interna,Seguridad ciudadana,Denuncias de violaciones,Total,Total,4,No Aplica,"Es el acceso carnal, con introducción total o parcial del miembro viril, por vía oral, anal o vaginal; o la introducción, por vía vaginal o anal, de objetos, dedos u órganos distintos al miembro viril, a una persona de cualquier sexo.",2017,12,Fiscalía General del Estado - INEC,Denuncias,Paz,ODS 16
4006,12,Los Ríos,0000,Total Nacional,Ecuador,Seguridad interna,Seguridad ciudadana,Denuncias de violaciones,Total,Total,23,No Aplica,"Es el acceso carnal, con introducción total o parcial del miembro viril, por vía oral, anal o vaginal; o la introducción, por vía vaginal o anal, de objetos, dedos u órganos distintos al miembro viril, a una persona de cualquier sexo.",2017,12,Fiscalía General del Estado - INEC,Denuncias,Paz,ODS 16
4006,13,Manabí,0000,Total Nacional,Ecuador,Seguridad interna,Seguridad ciudadana,Denuncias de violaciones,Total,Total,24,No Aplica,"Es el acceso carnal, con introducción total o parcial del miembro viril, por vía oral, anal o vaginal; o la introducción, por vía vaginal o anal, de objetos, dedos u órganos distintos al miembro viril, a una persona de cualquier sexo.",2017,12,Fiscalía General del Estado - INEC,Denuncias,Paz,ODS 16
4006,14,Morona Santiago,0000,Total Nacional,Ecuador,Seguridad interna,Seguridad ciudadana,Denuncias de violaciones,Total,Total,23,No Aplica,"Es el acceso carnal, con introducción total o parcial del miembro viril, por vía oral, anal o vaginal; o la introducción, por vía vaginal o anal, de objetos, dedos u órganos distintos al miembro viril, a una persona de cualquier sexo.",2017,12,Fiscalía General del Estado - INEC,Denuncias,Paz,ODS 16
4006,15,Napo,0000,Total Nacional,Ecuador,Seguridad interna,Seguridad ciudadana,Denuncias de violaciones,Total,Total,7,No Aplica,"Es el acceso carnal, con introducción total o parcial del miembro viril, por vía oral, anal o vaginal; o la introducción, por vía vaginal o anal, de objetos, dedos u órganos distintos al miembro viril, a una persona de cualquier sexo.",2017,12,Fiscalía General del Estado - INEC,Denuncias,Paz,ODS 16
4006,16,Pastaza,0000,Total Nacional,Ecuador,Seguridad interna,Seguridad ciudadana,Denuncias de violaciones,Total,Total,5,No Aplica,"Es el acceso carnal, con introducción total o parcial del miembro viril, por vía oral, anal o vaginal; o la introducción, por vía vaginal o anal, de objetos, dedos u órganos distintos al miembro viril, a una persona de cualquier sexo.",2017,12,Fiscalía General del Estado - INEC,Denuncias,Paz,ODS 16
4006,17,Pichincha,0000,Total Nacional,Ecuador,Seguridad interna,Seguridad ciudadana,Denuncias de violaciones,Total,Total,66,No Aplica,"Es el acceso carnal, con introducción total o parcial del miembro viril, por vía oral, anal o vaginal; o la introducción, por vía vaginal o anal, de objetos, dedos u órganos distintos al miembro viril, a una persona de cualquier sexo.",2017,12,Fiscalía General del Estado - INEC,Denuncias,Paz,ODS 16
4006,18,Tungurahua,0000,Total Nacional,Ecuador,Seguridad interna,Seguridad ciudadana,Denuncias de violaciones,Total,Total,14,No Aplica,"Es el acceso carnal, con introducción total o parcial del miembro viril, por vía oral, anal o vaginal; o la introducción, por vía vaginal o anal, de objetos, dedos u órganos distintos al miembro viril, a una persona de cualquier sexo.",2017,12,Fiscalía General del Estado - INEC,Denuncias,Paz,ODS 16
4006,19,Zamora Chinchipe,0000,Total Nacional,Ecuador,Seguridad interna,Seguridad ciudadana,Denuncias de violaciones,Total,Total,4,No Aplica,"Es el acceso carnal, con introducción total o parcial del miembro viril, por vía oral, anal o vaginal; o la introducción, por vía vaginal o anal, de objetos, dedos u órganos distintos al miembro viril, a una persona de cualquier sexo.",2017,12,Fiscalía General del Estado - INEC,Denuncias,Paz,ODS 16
4006,20,Galápagos,0000,Total Nacional,Ecuador,Seguridad interna,Seguridad ciudadana,Denuncias de violaciones,Total,Total,1,No Aplica,"Es el acceso carnal, con introducción total o parcial del miembro viril, por vía oral, anal o vaginal; o la introducción, por vía vaginal o anal, de objetos, dedos u órganos distintos al miembro viril, a una persona de cualquier sexo.",2017,12,Fiscalía General del Estado - INEC,Denuncias,Paz,ODS 16
4006,21,Sucumbios,0000,Total Nacional,Ecuador,Seguridad interna,Seguridad ciudadana,Denuncias de violaciones,Total,Total,7,No Aplica,"Es el acceso carnal, con introducción total o parcial del miembro viril, por vía oral, anal o vaginal; o la introducción, por vía vaginal o anal, de objetos, dedos u órganos distintos al miembro viril, a una persona de cualquier sexo.",2017,12,Fiscalía General del Estado - INEC,Denuncias,Paz,ODS 16
4006,22,Orellana,0000,Total Nacional,Ecuador,Seguridad interna,Seguridad ciudadana,Denuncias de violaciones,Total,Total,15,No Aplica,"Es el acceso carnal, con introducción total o parcial del miembro viril, por vía oral, anal o vaginal; o la introducción, por vía vaginal o anal, de objetos, dedos u órganos distintos al miembro viril, a una persona de cualquier sexo.",2017,12,Fiscalía General del Estado - INEC,Denuncias,Paz,ODS 16
4006,23,Santo Domingo de los Tsáchilas,0000,Total Nacional,Ecuador,Seguridad interna,Seguridad ciudadana,Denuncias de violaciones,Total,Total,12,No Aplica,"Es el acceso carnal, con introducción total o parcial del miembro viril, por vía oral, anal o vaginal; o la introducción, por vía vaginal o anal, de objetos, dedos u órganos distintos al miembro viril, a una persona de cualquier sexo.",2017,12,Fiscalía General del Estado - INEC,Denuncias,Paz,ODS 16
4006,24,Santa Elena,0000,Total Nacional,Ecuador,Seguridad interna,Seguridad ciudadana,Denuncias de violaciones,Total,Total,3,No Aplica,"Es el acceso carnal, con introducción total o parcial del miembro viril, por vía oral, anal o vaginal; o la introducción, por vía vaginal o anal, de objetos, dedos u órganos distintos al miembro viril, a una persona de cualquier sexo.",2017,12,Fiscalía General del Estado - INEC,Denuncias,Paz,ODS 16
4006,00,Total Nacional,0000,Total Nacional,Ecuador,Seguridad interna,Seguridad ciudadana,Denuncias de violaciones,Total,Total,503,No Aplica,"Es el acceso carnal, con introducción total o parcial del miembro viril, por vía oral, anal o vaginal; o la introducción, por vía vaginal o anal, de objetos, dedos u órganos distintos al miembro viril, a una persona de cualquier sexo.",2017,11,Fiscalía General del Estado - INEC,Denuncias,Paz,ODS 16
4006,01,Azuay,0000,Total Nacional,Ecuador,Seguridad interna,Seguridad ciudadana,Denuncias de violaciones,Total,Total,27,No Aplica,"Es el acceso carnal, con introducción total o parcial del miembro viril, por vía oral, anal o vaginal; o la introducción, por vía vaginal o anal, de objetos, dedos u órganos distintos al miembro viril, a una persona de cualquier sexo.",2017,11,Fiscalía General del Estado - INEC,Denuncias,Paz,ODS 16
4006,02,Bolívar,0000,Total Nacional,Ecuador,Seguridad interna,Seguridad ciudadana,Denuncias de violaciones,Total,Total,11,No Aplica,"Es el acceso carnal, con introducción total o parcial del miembro viril, por vía oral, anal o vaginal; o la introducción, por vía vaginal o anal, de objetos, dedos u órganos distintos al miembro viril, a una persona de cualquier sexo.",2017,11,Fiscalía General del Estado - INEC,Denuncias,Paz,ODS 16
4006,03,Cañar,0000,Total Nacional,Ecuador,Seguridad interna,Seguridad ciudadana,Denuncias de violaciones,Total,Total,12,No Aplica,"Es el acceso carnal, con introducción total o parcial del miembro viril, por vía oral, anal o vaginal; o la introducción, por vía vaginal o anal, de objetos, dedos u órganos distintos al miembro viril, a una persona de cualquier sexo.",2017,11,Fiscalía General del Estado - INEC,Denuncias,Paz,ODS 16
4006,04,Carchi,0000,Total Nacional,Ecuador,Seguridad interna,Seguridad ciudadana,Denuncias de violaciones,Total,Total,3,No Aplica,"Es el acceso carnal, con introducción total o parcial del miembro viril, por vía oral, anal o vaginal; o la introducción, por vía vaginal o anal, de objetos, dedos u órganos distintos al miembro viril, a una persona de cualquier sexo.",2017,11,Fiscalía General del Estado - INEC,Denuncias,Paz,ODS 16
4006,05,Cotopaxi,0000,Total Nacional,Ecuador,Seguridad interna,Seguridad ciudadana,Denuncias de violaciones,Total,Total,16,No Aplica,"Es el acceso carnal, con introducción total o parcial del miembro viril, por vía oral, anal o vaginal; o la introducción, por vía vaginal o anal, de objetos, dedos u órganos distintos al miembro viril, a una persona de cualquier sexo.",2017,11,Fiscalía General del Estado - INEC,Denuncias,Paz,ODS 16
4006,06,Chimborazo,0000,Total Nacional,Ecuador,Seguridad interna,Seguridad ciudadana,Denuncias de violaciones,Total,Total,28,No Aplica,"Es el acceso carnal, con introducción total o parcial del miembro viril, por vía oral, anal o vaginal; o la introducción, por vía vaginal o anal, de objetos, dedos u órganos distintos al miembro viril, a una persona de cualquier sexo.",2017,11,Fiscalía General del Estado - INEC,Denuncias,Paz,ODS 16
4006,07,El Oro,0000,Total Nacional,Ecuador,Seguridad interna,Seguridad ciudadana,Denuncias de violaciones,Total,Total,25,No Aplica,"Es el acceso carnal, con introducción total o parcial del miembro viril, por vía oral, anal o vaginal; o la introducción, por vía vaginal o anal, de objetos, dedos u órganos distintos al miembro viril, a una persona de cualquier sexo.",2017,11,Fiscalía General del Estado - INEC,Denuncias,Paz,ODS 16
4006,08,Esmeraldas,0000,Total Nacional,Ecuador,Seguridad interna,Seguridad ciudadana,Denuncias de violaciones,Total,Total,27,No Aplica,"Es el acceso carnal, con introducción total o parcial del miembro viril, por vía oral, anal o vaginal; o la introducción, por vía vaginal o anal, de objetos, dedos u órganos distintos al miembro viril, a una persona de cualquier sexo.",2017,11,Fiscalía General del Estado - INEC,Denuncias,Paz,ODS 16
4006,09,Guayas,0000,Total Nacional,Ecuador,Seguridad interna,Seguridad ciudadana,Denuncias de violaciones,Total,Total,88,No Aplica,"Es el acceso carnal, con introducción total o parcial del miembro viril, por vía oral, anal o vaginal; o la introducción, por vía vaginal o anal, de objetos, dedos u órganos distintos al miembro viril, a una persona de cualquier sexo.",2017,11,Fiscalía General del Estado - INEC,Denuncias,Paz,ODS 16
4006,10,Imbabura,0000,Total Nacional,Ecuador,Seguridad interna,Seguridad ciudadana,Denuncias de violaciones,Total,Total,15,No Aplica,"Es el acceso carnal, con introducción total o parcial del miembro viril, por vía oral, anal o vaginal; o la introducción, por vía vaginal o anal, de objetos, dedos u órganos distintos al miembro viril, a una persona de cualquier sexo.",2017,11,Fiscalía General del Estado - INEC,Denuncias,Paz,ODS 16
4006,11,Loja,0000,Total Nacional,Ecuador,Seguridad interna,Seguridad ciudadana,Denuncias de violaciones,Total,Total,8,No Aplica,"Es el acceso carnal, con introducción total o parcial del miembro viril, por vía oral, anal o vaginal; o la introducción, por vía vaginal o anal, de objetos, dedos u órganos distintos al miembro viril, a una persona de cualquier sexo.",2017,11,Fiscalía General del Estado - INEC,Denuncias,Paz,ODS 16
4006,12,Los Ríos,0000,Total Nacional,Ecuador,Seguridad interna,Seguridad ciudadana,Denuncias de violaciones,Total,Total,23,No Aplica,"Es el acceso carnal, con introducción total o parcial del miembro viril, por vía oral, anal o vaginal; o la introducción, por vía vaginal o anal, de objetos, dedos u órganos distintos al miembro viril, a una persona de cualquier sexo.",2017,11,Fiscalía General del Estado - INEC,Denuncias,Paz,ODS 16
4006,13,Manabí,0000,Total Nacional,Ecuador,Seguridad interna,Seguridad ciudadana,Denuncias de violaciones,Total,Total,45,No Aplica,"Es el acceso carnal, con introducción total o parcial del miembro viril, por vía oral, anal o vaginal; o la introducción, por vía vaginal o anal, de objetos, dedos u órganos distintos al miembro viril, a una persona de cualquier sexo.",2017,11,Fiscalía General del Estado - INEC,Denuncias,Paz,ODS 16
4006,14,Morona Santiago,0000,Total Nacional,Ecuador,Seguridad interna,Seguridad ciudadana,Denuncias de violaciones,Total,Total,19,No Aplica,"Es el acceso carnal, con introducción total o parcial del miembro viril, por vía oral, anal o vaginal; o la introducción, por vía vaginal o anal, de objetos, dedos u órganos distintos al miembro viril, a una persona de cualquier sexo.",2017,11,Fiscalía General del Estado - INEC,Denuncias,Paz,ODS 16
4006,15,Napo,0000,Total Nacional,Ecuador,Seguridad interna,Seguridad ciudadana,Denuncias de violaciones,Total,Total,11,No Aplica,"Es el acceso carnal, con introducción total o parcial del miembro viril, por vía oral, anal o vaginal; o la introducción, por vía vaginal o anal, de objetos, dedos u órganos distintos al miembro viril, a una persona de cualquier sexo.",2017,11,Fiscalía General del Estado - INEC,Denuncias,Paz,ODS 16
4006,16,Pastaza,0000,Total Nacional,Ecuador,Seguridad interna,Seguridad ciudadana,Denuncias de violaciones,Total,Total,7,No Aplica,"Es el acceso carnal, con introducción total o parcial del miembro viril, por vía oral, anal o vaginal; o la introducción, por vía vaginal o anal, de objetos, dedos u órganos distintos al miembro viril, a una persona de cualquier sexo.",2017,11,Fiscalía General del Estado - INEC,Denuncias,Paz,ODS 16
4006,17,Pichincha,0000,Total Nacional,Ecuador,Seguridad interna,Seguridad ciudadana,Denuncias de violaciones,Total,Total,64,No Aplica,"Es el acceso carnal, con introducción total o parcial del miembro viril, por vía oral, anal o vaginal; o la introducción, por vía vaginal o anal, de objetos, dedos u órganos distintos al miembro viril, a una persona de cualquier sexo.",2017,11,Fiscalía General del Estado - INEC,Denuncias,Paz,ODS 16
4006,18,Tungurahua,0000,Total Nacional,Ecuador,Seguridad interna,Seguridad ciudadana,Denuncias de violaciones,Total,Total,12,No Aplica,"Es el acceso carnal, con introducción total o parcial del miembro viril, por vía oral, anal o vaginal; o la introducción, por vía vaginal o anal, de objetos, dedos u órganos distintos al miembro viril, a una persona de cualquier sexo.",2017,11,Fiscalía General del Estado - INEC,Denuncias,Paz,ODS 16
4006,19,Zamora Chinchipe,0000,Total Nacional,Ecuador,Seguridad interna,Seguridad ciudadana,Denuncias de violaciones,Total,Total,10,No Aplica,"Es el acceso carnal, con introducción total o parcial del miembro viril, por vía oral, anal o vaginal; o la introducción, por vía vaginal o anal, de objetos, dedos u órganos distintos al miembro viril, a una persona de cualquier sexo.",2017,11,Fiscalía General del Estado - INEC,Denuncias,Paz,ODS 16
4006,20,Galápagos,0000,Total Nacional,Ecuador,Seguridad interna,Seguridad ciudadana,Denuncias de violaciones,Total,Total,3,No Aplica,"Es el acceso carnal, con introducción total o parcial del miembro viril, por vía oral, anal o vaginal; o la introducción, por vía vaginal o anal, de objetos, dedos u órganos distintos al miembro viril, a una persona de cualquier sexo.",2017,11,Fiscalía General del Estado - INEC,Denuncias,Paz,ODS 16
4006,21,Sucumbios,0000,Total Nacional,Ecuador,Seguridad interna,Seguridad ciudadana,Denuncias de violaciones,Total,Total,8,No Aplica,"Es el acceso carnal, con introducción total o parcial del miembro viril, por vía oral, anal o vaginal; o la introducción, por vía vaginal o anal, de objetos, dedos u órganos distintos al miembro viril, a una persona de cualquier sexo.",2017,11,Fiscalía General del Estado - INEC,Denuncias,Paz,ODS 16
4006,22,Orellana,0000,Total Nacional,Ecuador,Seguridad interna,Seguridad ciudadana,Denuncias de violaciones,Total,Total,10,No Aplica,"Es el acceso carnal, con introducción total o parcial del miembro viril, por vía oral, anal o vaginal; o la introducción, por vía vaginal o anal, de objetos, dedos u órganos distintos al miembro viril, a una persona de cualquier sexo.",2017,11,Fiscalía General del Estado - INEC,Denuncias,Paz,ODS 16
4006,23,Santo Domingo de los Tsáchilas,0000,Total Nacional,Ecuador,Seguridad interna,Seguridad ciudadana,Denuncias de violaciones,Total,Total,18,No Aplica,"Es el acceso carnal, con introducción total o parcial del miembro viril, por vía oral, anal o vaginal; o la introducción, por vía vaginal o anal, de objetos, dedos u órganos distintos al miembro viril, a una persona de cualquier sexo.",2017,11,Fiscalía General del Estado - INEC,Denuncias,Paz,ODS 16
4006,24,Santa Elena,0000,Total Nacional,Ecuador,Seguridad interna,Seguridad ciudadana,Denuncias de violaciones,Total,Total,13,No Aplica,"Es el acceso carnal, con introducción total o parcial del miembro viril, por vía oral, anal o vaginal; o la introducción, por vía vaginal o anal, de objetos, dedos u órganos distintos al miembro viril, a una persona de cualquier sexo.",2017,11,Fiscalía General del Estado - INEC,Denuncias,Paz,ODS 16
4006,00,Total Nacional,0000,Total Nacional,Ecuador,Seguridad interna,Seguridad ciudadana,Denuncias de violaciones,Total,Total,499,No Aplica,"Es el acceso carnal, con introducción total o parcial del miembro viril, por vía oral, anal o vaginal; o la introducción, por vía vaginal o anal, de objetos, dedos u órganos distintos al miembro viril, a una persona de cualquier sexo.",2017,10,Fiscalía General del Estado - INEC,Denuncias,Paz,ODS 16
4006,01,Azuay,0000,Total Nacional,Ecuador,Seguridad interna,Seguridad ciudadana,Denuncias de violaciones,Total,Total,24,No Aplica,"Es el acceso carnal, con introducción total o parcial del miembro viril, por vía oral, anal o vaginal; o la introducción, por vía vaginal o anal, de objetos, dedos u órganos distintos al miembro viril, a una persona de cualquier sexo.",2017,10,Fiscalía General del Estado - INEC,Denuncias,Paz,ODS 16
4006,02,Bolívar,0000,Total Nacional,Ecuador,Seguridad interna,Seguridad ciudadana,Denuncias de violaciones,Total,Total,10,No Aplica,"Es el acceso carnal, con introducción total o parcial del miembro viril, por vía oral, anal o vaginal; o la introducción, por vía vaginal o anal, de objetos, dedos u órganos distintos al miembro viril, a una persona de cualquier sexo.",2017,10,Fiscalía General del Estado - INEC,Denuncias,Paz,ODS 16
4006,03,Cañar,0000,Total Nacional,Ecuador,Seguridad interna,Seguridad ciudadana,Denuncias de violaciones,Total,Total,13,No Aplica,"Es el acceso carnal, con introducción total o parcial del miembro viril, por vía oral, anal o vaginal; o la introducción, por vía vaginal o anal, de objetos, dedos u órganos distintos al miembro viril, a una persona de cualquier sexo.",2017,10,Fiscalía General del Estado - INEC,Denuncias,Paz,ODS 16
4006,04,Carchi,0000,Total Nacional,Ecuador,Seguridad interna,Seguridad ciudadana,Denuncias de violaciones,Total,Total,4,No Aplica,"Es el acceso carnal, con introducción total o parcial del miembro viril, por vía oral, anal o vaginal; o la introducción, por vía vaginal o anal, de objetos, dedos u órganos distintos al miembro viril, a una persona de cualquier sexo.",2017,10,Fiscalía General del Estado - INEC,Denuncias,Paz,ODS 16
4006,05,Cotopaxi,0000,Total Nacional,Ecuador,Seguridad interna,Seguridad ciudadana,Denuncias de violaciones,Total,Total,13,No Aplica,"Es el acceso carnal, con introducción total o parcial del miembro viril, por vía oral, anal o vaginal; o la introducción, por vía vaginal o anal, de objetos, dedos u órganos distintos al miembro viril, a una persona de cualquier sexo.",2017,10,Fiscalía General del Estado - INEC,Denuncias,Paz,ODS 16
4006,06,Chimborazo,0000,Total Nacional,Ecuador,Seguridad interna,Seguridad ciudadana,Denuncias de violaciones,Total,Total,17,No Aplica,"Es el acceso carnal, con introducción total o parcial del miembro viril, por vía oral, anal o vaginal; o la introducción, por vía vaginal o anal, de objetos, dedos u órganos distintos al miembro viril, a una persona de cualquier sexo.",2017,10,Fiscalía General del Estado - INEC,Denuncias,Paz,ODS 16
4006,07,El Oro,0000,Total Nacional,Ecuador,Seguridad interna,Seguridad ciudadana,Denuncias de violaciones,Total,Total,31,No Aplica,"Es el acceso carnal, con introducción total o parcial del miembro viril, por vía oral, anal o vaginal; o la introducción, por vía vaginal o anal, de objetos, dedos u órganos distintos al miembro viril, a una persona de cualquier sexo.",2017,10,Fiscalía General del Estado - INEC,Denuncias,Paz,ODS 16
4006,08,Esmeraldas,0000,Total Nacional,Ecuador,Seguridad interna,Seguridad ciudadana,Denuncias de violaciones,Total,Total,15,No Aplica,"Es el acceso carnal, con introducción total o parcial del miembro viril, por vía oral, anal o vaginal; o la introducción, por vía vaginal o anal, de objetos, dedos u órganos distintos al miembro viril, a una persona de cualquier sexo.",2017,10,Fiscalía General del Estado - INEC,Denuncias,Paz,ODS 16
4006,09,Guayas,0000,Total Nacional,Ecuador,Seguridad interna,Seguridad ciudadana,Denuncias de violaciones,Total,Total,87,No Aplica,"Es el acceso carnal, con introducción total o parcial del miembro viril, por vía oral, anal o vaginal; o la introducción, por vía vaginal o anal, de objetos, dedos u órganos distintos al miembro viril, a una persona de cualquier sexo.",2017,10,Fiscalía General del Estado - INEC,Denuncias,Paz,ODS 16
4006,10,Imbabura,0000,Total Nacional,Ecuador,Seguridad interna,Seguridad ciudadana,Denuncias de violaciones,Total,Total,14,No Aplica,"Es el acceso carnal, con introducción total o parcial del miembro viril, por vía oral, anal o vaginal; o la introducción, por vía vaginal o anal, de objetos, dedos u órganos distintos al miembro viril, a una persona de cualquier sexo.",2017,10,Fiscalía General del Estado - INEC,Denuncias,Paz,ODS 16
4006,11,Loja,0000,Total Nacional,Ecuador,Seguridad interna,Seguridad ciudadana,Denuncias de violaciones,Total,Total,15,No Aplica,"Es el acceso carnal, con introducción total o parcial del miembro viril, por vía oral, anal o vaginal; o la introducción, por vía vaginal o anal, de objetos, dedos u órganos distintos al miembro viril, a una persona de cualquier sexo.",2017,10,Fiscalía General del Estado - INEC,Denuncias,Paz,ODS 16
4006,12,Los Ríos,0000,Total Nacional,Ecuador,Seguridad interna,Seguridad ciudadana,Denuncias de violaciones,Total,Total,34,No Aplica,"Es el acceso carnal, con introducción total o parcial del miembro viril, por vía oral, anal o vaginal; o la introducción, por vía vaginal o anal, de objetos, dedos u órganos distintos al miembro viril, a una persona de cualquier sexo.",2017,10,Fiscalía General del Estado - INEC,Denuncias,Paz,ODS 16
4006,13,Manabí,0000,Total Nacional,Ecuador,Seguridad interna,Seguridad ciudadana,Denuncias de violaciones,Total,Total,47,No Aplica,"Es el acceso carnal, con introducción total o parcial del miembro viril, por vía oral, anal o vaginal; o la introducción, por vía vaginal o anal, de objetos, dedos u órganos distintos al miembro viril, a una persona de cualquier sexo.",2017,10,Fiscalía General del Estado - INEC,Denuncias,Paz,ODS 16
4006,14,Morona Santiago,0000,Total Nacional,Ecuador,Seguridad interna,Seguridad ciudadana,Denuncias de violaciones,Total,Total,9,No Aplica,"Es el acceso carnal, con introducción total o parcial del miembro viril, por vía oral, anal o vaginal; o la introducción, por vía vaginal o anal, de objetos, dedos u órganos distintos al miembro viril, a una persona de cualquier sexo.",2017,10,Fiscalía General del Estado - INEC,Denuncias,Paz,ODS 16
4006,15,Napo,0000,Total Nacional,Ecuador,Seguridad interna,Seguridad ciudadana,Denuncias de violaciones,Total,Total,4,No Aplica,"Es el acceso carnal, con introducción total o parcial del miembro viril, por vía oral, anal o vaginal; o la introducción, por vía vaginal o anal, de objetos, dedos u órganos distintos al miembro viril, a una persona de cualquier sexo.",2017,10,Fiscalía General del Estado - INEC,Denuncias,Paz,ODS 16
4006,16,Pastaza,0000,Total Nacional,Ecuador,Seguridad interna,Seguridad ciudadana,Denuncias de violaciones,Total,Total,2,No Aplica,"Es el acceso carnal, con introducción total o parcial del miembro viril, por vía oral, anal o vaginal; o la introducción, por vía vaginal o anal, de objetos, dedos u órganos distintos al miembro viril, a una persona de cualquier sexo.",2017,10,Fiscalía General del Estado - INEC,Denuncias,Paz,ODS 16
4006,17,Pichincha,0000,Total Nacional,Ecuador,Seguridad interna,Seguridad ciudadana,Denuncias de violaciones,Total,Total,84,No Aplica,"Es el acceso carnal, con introducción total o parcial del miembro viril, por vía oral, anal o vaginal; o la introducción, por vía vaginal o anal, de objetos, dedos u órganos distintos al miembro viril, a una persona de cualquier sexo.",2017,10,Fiscalía General del Estado - INEC,Denuncias,Paz,ODS 16
4006,18,Tungurahua,0000,Total Nacional,Ecuador,Seguridad interna,Seguridad ciudadana,Denuncias de violaciones,Total,Total,9,No Aplica,"Es el acceso carnal, con introducción total o parcial del miembro viril, por vía oral, anal o vaginal; o la introducción, por vía vaginal o anal, de objetos, dedos u órganos distintos al miembro viril, a una persona de cualquier sexo.",2017,10,Fiscalía General del Estado - INEC,Denuncias,Paz,ODS 16
4006,19,Zamora Chinchipe,0000,Total Nacional,Ecuador,Seguridad interna,Seguridad ciudadana,Denuncias de violaciones,Total,Total,7,No Aplica,"Es el acceso carnal, con introducción total o parcial del miembro viril, por vía oral, anal o vaginal; o la introducción, por vía vaginal o anal, de objetos, dedos u órganos distintos al miembro viril, a una persona de cualquier sexo.",2017,10,Fiscalía General del Estado - INEC,Denuncias,Paz,ODS 16
4006,20,Galápagos,0000,Total Nacional,Ecuador,Seguridad interna,Seguridad ciudadana,Denuncias de violaciones,Total,Total,1,No Aplica,"Es el acceso carnal, con introducción total o parcial del miembro viril, por vía oral, anal o vaginal; o la introducción, por vía vaginal o anal, de objetos, dedos u órganos distintos al miembro viril, a una persona de cualquier sexo.",2017,10,Fiscalía General del Estado - INEC,Denuncias,Paz,ODS 16
4006,21,Sucumbios,0000,Total Nacional,Ecuador,Seguridad interna,Seguridad ciudadana,Denuncias de violaciones,Total,Total,19,No Aplica,"Es el acceso carnal, con introducción total o parcial del miembro viril, por vía oral, anal o vaginal; o la introducción, por vía vaginal o anal, de objetos, dedos u órganos distintos al miembro viril, a una persona de cualquier sexo.",2017,10,Fiscalía General del Estado - INEC,Denuncias,Paz,ODS 16
4006,22,Orellana,0000,Total Nacional,Ecuador,Seguridad interna,Seguridad ciudadana,Denuncias de violaciones,Total,Total,4,No Aplica,"Es el acceso carnal, con introducción total o parcial del miembro viril, por vía oral, anal o vaginal; o la introducción, por vía vaginal o anal, de objetos, dedos u órganos distintos al miembro viril, a una persona de cualquier sexo.",2017,10,Fiscalía General del Estado - INEC,Denuncias,Paz,ODS 16
4006,23,Santo Domingo de los Tsáchilas,0000,Total Nacional,Ecuador,Seguridad interna,Seguridad ciudadana,Denuncias de violaciones,Total,Total,23,No Aplica,"Es el acceso carnal, con introducción total o parcial del miembro viril, por vía oral, anal o vaginal; o la introducción, por vía vaginal o anal, de objetos, dedos u órganos distintos al miembro viril, a una persona de cualquier sexo.",2017,10,Fiscalía General del Estado - INEC,Denuncias,Paz,ODS 16
4006,24,Santa Elena,0000,Total Nacional,Ecuador,Seguridad interna,Seguridad ciudadana,Denuncias de violaciones,Total,Total,13,No Aplica,"Es el acceso carnal, con introducción total o parcial del miembro viril, por vía oral, anal o vaginal; o la introducción, por vía vaginal o anal, de objetos, dedos u órganos distintos al miembro viril, a una persona de cualquier sexo.",2017,10,Fiscalía General del Estado - INEC,Denuncias,Paz,ODS 16
4006,00,Total Nacional,0000,Total Nacional,Ecuador,Seguridad interna,Seguridad ciudadana,Denuncias de violaciones,Total,Total,408,No Aplica,"Es el acceso carnal, con introducción total o parcial del miembro viril, por vía oral, anal o vaginal; o la introducción, por vía vaginal o anal, de objetos, dedos u órganos distintos al miembro viril, a una persona de cualquier sexo.",2017,9,Fiscalía General del Estado - INEC,Denuncias,Paz,ODS 16
4006,01,Azuay,0000,Total Nacional,Ecuador,Seguridad interna,Seguridad ciudadana,Denuncias de violaciones,Total,Total,26,No Aplica,"Es el acceso carnal, con introducción total o parcial del miembro viril, por vía oral, anal o vaginal; o la introducción, por vía vaginal o anal, de objetos, dedos u órganos distintos al miembro viril, a una persona de cualquier sexo.",2017,9,Fiscalía General del Estado - INEC,Denuncias,Paz,ODS 16
4006,02,Bolívar,0000,Total Nacional,Ecuador,Seguridad interna,Seguridad ciudadana,Denuncias de violaciones,Total,Total,4,No Aplica,"Es el acceso carnal, con introducción total o parcial del miembro viril, por vía oral, anal o vaginal; o la introducción, por vía vaginal o anal, de objetos, dedos u órganos distintos al miembro viril, a una persona de cualquier sexo.",2017,9,Fiscalía General del Estado - INEC,Denuncias,Paz,ODS 16
4006,03,Cañar,0000,Total Nacional,Ecuador,Seguridad interna,Seguridad ciudadana,Denuncias de violaciones,Total,Total,11,No Aplica,"Es el acceso carnal, con introducción total o parcial del miembro viril, por vía oral, anal o vaginal; o la introducción, por vía vaginal o anal, de objetos, dedos u órganos distintos al miembro viril, a una persona de cualquier sexo.",2017,9,Fiscalía General del Estado - INEC,Denuncias,Paz,ODS 16
4006,04,Carchi,0000,Total Nacional,Ecuador,Seguridad interna,Seguridad ciudadana,Denuncias de violaciones,Total,Total,2,No Aplica,"Es el acceso carnal, con introducción total o parcial del miembro viril, por vía oral, anal o vaginal; o la introducción, por vía vaginal o anal, de objetos, dedos u órganos distintos al miembro viril, a una persona de cualquier sexo.",2017,9,Fiscalía General del Estado - INEC,Denuncias,Paz,ODS 16
4006,05,Cotopaxi,0000,Total Nacional,Ecuador,Seguridad interna,Seguridad ciudadana,Denuncias de violaciones,Total,Total,7,No Aplica,"Es el acceso carnal, con introducción total o parcial del miembro viril, por vía oral, anal o vaginal; o la introducción, por vía vaginal o anal, de objetos, dedos u órganos distintos al miembro viril, a una persona de cualquier sexo.",2017,9,Fiscalía General del Estado - INEC,Denuncias,Paz,ODS 16
4006,06,Chimborazo,0000,Total Nacional,Ecuador,Seguridad interna,Seguridad ciudadana,Denuncias de violaciones,Total,Total,6,No Aplica,"Es el acceso carnal, con introducción total o parcial del miembro viril, por vía oral, anal o vaginal; o la introducción, por vía vaginal o anal, de objetos, dedos u órganos distintos al miembro viril, a una persona de cualquier sexo.",2017,9,Fiscalía General del Estado - INEC,Denuncias,Paz,ODS 16
4006,07,El Oro,0000,Total Nacional,Ecuador,Seguridad interna,Seguridad ciudadana,Denuncias de violaciones,Total,Total,26,No Aplica,"Es el acceso carnal, con introducción total o parcial del miembro viril, por vía oral, anal o vaginal; o la introducción, por vía vaginal o anal, de objetos, dedos u órganos distintos al miembro viril, a una persona de cualquier sexo.",2017,9,Fiscalía General del Estado - INEC,Denuncias,Paz,ODS 16
4006,08,Esmeraldas,0000,Total Nacional,Ecuador,Seguridad interna,Seguridad ciudadana,Denuncias de violaciones,Total,Total,17,No Aplica,"Es el acceso carnal, con introducción total o parcial del miembro viril, por vía oral, anal o vaginal; o la introducción, por vía vaginal o anal, de objetos, dedos u órganos distintos al miembro viril, a una persona de cualquier sexo.",2017,9,Fiscalía General del Estado - INEC,Denuncias,Paz,ODS 16
4006,09,Guayas,0000,Total Nacional,Ecuador,Seguridad interna,Seguridad ciudadana,Denuncias de violaciones,Total,Total,82,No Aplica,"Es el acceso carnal, con introducción total o parcial del miembro viril, por vía oral, anal o vaginal; o la introducción, por vía vaginal o anal, de objetos, dedos u órganos distintos al miembro viril, a una persona de cualquier sexo.",2017,9,Fiscalía General del Estado - INEC,Denuncias,Paz,ODS 16
4006,10,Imbabura,0000,Total Nacional,Ecuador,Seguridad interna,Seguridad ciudadana,Denuncias de violaciones,Total,Total,13,No Aplica,"Es el acceso carnal, con introducción total o parcial del miembro viril, por vía oral, anal o vaginal; o la introducción, por vía vaginal o anal, de objetos, dedos u órganos distintos al miembro viril, a una persona de cualquier sexo.",2017,9,Fiscalía General del Estado - INEC,Denuncias,Paz,ODS 16
4006,11,Loja,0000,Total Nacional,Ecuador,Seguridad interna,Seguridad ciudadana,Denuncias de violaciones,Total,Total,9,No Aplica,"Es el acceso carnal, con introducción total o parcial del miembro viril, por vía oral, anal o vaginal; o la introducción, por vía vaginal o anal, de objetos, dedos u órganos distintos al miembro viril, a una persona de cualquier sexo.",2017,9,Fiscalía General del Estado - INEC,Denuncias,Paz,ODS 16
4006,12,Los Ríos,0000,Total Nacional,Ecuador,Seguridad interna,Seguridad ciudadana,Denuncias de violaciones,Total,Total,24,No Aplica,"Es el acceso carnal, con introducción total o parcial del miembro viril, por vía oral, anal o vaginal; o la introducción, por vía vaginal o anal, de objetos, dedos u órganos distintos al miembro viril, a una persona de cualquier sexo.",2017,9,Fiscalía General del Estado - INEC,Denuncias,Paz,ODS 16
4006,13,Manabí,0000,Total Nacional,Ecuador,Seguridad interna,Seguridad ciudadana,Denuncias de violaciones,Total,Total,35,No Aplica,"Es el acceso carnal, con introducción total o parcial del miembro viril, por vía oral, anal o vaginal; o la introducción, por vía vaginal o anal, de objetos, dedos u órganos distintos al miembro viril, a una persona de cualquier sexo.",2017,9,Fiscalía General del Estado - INEC,Denuncias,Paz,ODS 16
4006,14,Morona Santiago,0000,Total Nacional,Ecuador,Seguridad interna,Seguridad ciudadana,Denuncias de violaciones,Total,Total,18,No Aplica,"Es el acceso carnal, con introducción total o parcial del miembro viril, por vía oral, anal o vaginal; o la introducción, por vía vaginal o anal, de objetos, dedos u órganos distintos al miembro viril, a una persona de cualquier sexo.",2017,9,Fiscalía General del Estado - INEC,Denuncias,Paz,ODS 16
4006,15,Napo,0000,Total Nacional,Ecuador,Seguridad interna,Seguridad ciudadana,Denuncias de violaciones,Total,Total,7,No Aplica,"Es el acceso carnal, con introducción total o parcial del miembro viril, por vía oral, anal o vaginal; o la introducción, por vía vaginal o anal, de objetos, dedos u órganos distintos al miembro viril, a una persona de cualquier sexo.",2017,9,Fiscalía General del Estado - INEC,Denuncias,Paz,ODS 16
4006,16,Pastaza,0000,Total Nacional,Ecuador,Seguridad interna,Seguridad ciudadana,Denuncias de violaciones,Total,Total,6,No Aplica,"Es el acceso carnal, con introducción total o parcial del miembro viril, por vía oral, anal o vaginal; o la introducción, por vía vaginal o anal, de objetos, dedos u órganos distintos al miembro viril, a una persona de cualquier sexo.",2017,9,Fiscalía General del Estado - INEC,Denuncias,Paz,ODS 16
4006,17,Pichincha,0000,Total Nacional,Ecuador,Seguridad interna,Seguridad ciudadana,Denuncias de violaciones,Total,Total,64,No Aplica,"Es el acceso carnal, con introducción total o parcial del miembro viril, por vía oral, anal o vaginal; o la introducción, por vía vaginal o anal, de objetos, dedos u órganos distintos al miembro viril, a una persona de cualquier sexo.",2017,9,Fiscalía General del Estado - INEC,Denuncias,Paz,ODS 16
4006,18,Tungurahua,0000,Total Nacional,Ecuador,Seguridad interna,Seguridad ciudadana,Denuncias de violaciones,Total,Total,11,No Aplica,"Es el acceso carnal, con introducción total o parcial del miembro viril, por vía oral, anal o vaginal; o la introducción, por vía vaginal o anal, de objetos, dedos u órganos distintos al miembro viril, a una persona de cualquier sexo.",2017,9,Fiscalía General del Estado - INEC,Denuncias,Paz,ODS 16
4006,19,Zamora Chinchipe,0000,Total Nacional,Ecuador,Seguridad interna,Seguridad ciudadana,Denuncias de violaciones,Total,Total,2,No Aplica,"Es el acceso carnal, con introducción total o parcial del miembro viril, por vía oral, anal o vaginal; o la introducción, por vía vaginal o anal, de objetos, dedos u órganos distintos al miembro viril, a una persona de cualquier sexo.",2017,9,Fiscalía General del Estado - INEC,Denuncias,Paz,ODS 16
4006,20,Galápagos,0000,Total Nacional,Ecuador,Seguridad interna,Seguridad ciudadana,Denuncias de violaciones,Total,Total,2,No Aplica,"Es el acceso carnal, con introducción total o parcial del miembro viril, por vía oral, anal o vaginal; o la introducción, por vía vaginal o anal, de objetos, dedos u órganos distintos al miembro viril, a una persona de cualquier sexo.",2017,9,Fiscalía General del Estado - INEC,Denuncias,Paz,ODS 16
4006,21,Sucumbios,0000,Total Nacional,Ecuador,Seguridad interna,Seguridad ciudadana,Denuncias de violaciones,Total,Total,9,No Aplica,"Es el acceso carnal, con introducción total o parcial del miembro viril, por vía oral, anal o vaginal; o la introducción, por vía vaginal o anal, de objetos, dedos u órganos distintos al miembro viril, a una persona de cualquier sexo.",2017,9,Fiscalía General del Estado - INEC,Denuncias,Paz,ODS 16
4006,22,Orellana,0000,Total Nacional,Ecuador,Seguridad interna,Seguridad ciudadana,Denuncias de violaciones,Total,Total,7,No Aplica,"Es el acceso carnal, con introducción total o parcial del miembro viril, por vía oral, anal o vaginal; o la introducción, por vía vaginal o anal, de objetos, dedos u órganos distintos al miembro viril, a una persona de cualquier sexo.",2017,9,Fiscalía General del Estado - INEC,Denuncias,Paz,ODS 16
4006,23,Santo Domingo de los Tsáchilas,0000,Total Nacional,Ecuador,Seguridad interna,Seguridad ciudadana,Denuncias de violaciones,Total,Total,12,No Aplica,"Es el acceso carnal, con introducción total o parcial del miembro viril, por vía oral, anal o vaginal; o la introducción, por vía vaginal o anal, de objetos, dedos u órganos distintos al miembro viril, a una persona de cualquier sexo.",2017,9,Fiscalía General del Estado - INEC,Denuncias,Paz,ODS 16
4006,24,Santa Elena,0000,Total Nacional,Ecuador,Seguridad interna,Seguridad ciudadana,Denuncias de violaciones,Total,Total,8,No Aplica,"Es el acceso carnal, con introducción total o parcial del miembro viril, por vía oral, anal o vaginal; o la introducción, por vía vaginal o anal, de objetos, dedos u órganos distintos al miembro viril, a una persona de cualquier sexo.",2017,9,Fiscalía General del Estado - INEC,Denuncias,Paz,ODS 16
4006,00,Total Nacional,0000,Total Nacional,Ecuador,Seguridad interna,Seguridad ciudadana,Denuncias de violaciones,Total,Total,437,No Aplica,"Es el acceso carnal, con introducción total o parcial del miembro viril, por vía oral, anal o vaginal; o la introducción, por vía vaginal o anal, de objetos, dedos u órganos distintos al miembro viril, a una persona de cualquier sexo.",2017,8,Fiscalía General del Estado - INEC,Denuncias,Paz,ODS 16
4006,01,Azuay,0000,Total Nacional,Ecuador,Seguridad interna,Seguridad ciudadana,Denuncias de violaciones,Total,Total,31,No Aplica,"Es el acceso carnal, con introducción total o parcial del miembro viril, por vía oral, anal o vaginal; o la introducción, por vía vaginal o anal, de objetos, dedos u órganos distintos al miembro viril, a una persona de cualquier sexo.",2017,8,Fiscalía General del Estado - INEC,Denuncias,Paz,ODS 16
4006,02,Bolívar,0000,Total Nacional,Ecuador,Seguridad interna,Seguridad ciudadana,Denuncias de violaciones,Total,Total,5,No Aplica,"Es el acceso carnal, con introducción total o parcial del miembro viril, por vía oral, anal o vaginal; o la introducción, por vía vaginal o anal, de objetos, dedos u órganos distintos al miembro viril, a una persona de cualquier sexo.",2017,8,Fiscalía General del Estado - INEC,Denuncias,Paz,ODS 16
4006,03,Cañar,0000,Total Nacional,Ecuador,Seguridad interna,Seguridad ciudadana,Denuncias de violaciones,Total,Total,10,No Aplica,"Es el acceso carnal, con introducción total o parcial del miembro viril, por vía oral, anal o vaginal; o la introducción, por vía vaginal o anal, de objetos, dedos u órganos distintos al miembro viril, a una persona de cualquier sexo.",2017,8,Fiscalía General del Estado - INEC,Denuncias,Paz,ODS 16
4006,04,Carchi,0000,Total Nacional,Ecuador,Seguridad interna,Seguridad ciudadana,Denuncias de violaciones,Total,Total,7,No Aplica,"Es el acceso carnal, con introducción total o parcial del miembro viril, por vía oral, anal o vaginal; o la introducción, por vía vaginal o anal, de objetos, dedos u órganos distintos al miembro viril, a una persona de cualquier sexo.",2017,8,Fiscalía General del Estado - INEC,Denuncias,Paz,ODS 16
4006,05,Cotopaxi,0000,Total Nacional,Ecuador,Seguridad interna,Seguridad ciudadana,Denuncias de violaciones,Total,Total,11,No Aplica,"Es el acceso carnal, con introducción total o parcial del miembro viril, por vía oral, anal o vaginal; o la introducción, por vía vaginal o anal, de objetos, dedos u órganos distintos al miembro viril, a una persona de cualquier sexo.",2017,8,Fiscalía General del Estado - INEC,Denuncias,Paz,ODS 16
4006,06,Chimborazo,0000,Total Nacional,Ecuador,Seguridad interna,Seguridad ciudadana,Denuncias de violaciones,Total,Total,11,No Aplica,"Es el acceso carnal, con introducción total o parcial del miembro viril, por vía oral, anal o vaginal; o la introducción, por vía vaginal o anal, de objetos, dedos u órganos distintos al miembro viril, a una persona de cualquier sexo.",2017,8,Fiscalía General del Estado - INEC,Denuncias,Paz,ODS 16
4006,07,El Oro,0000,Total Nacional,Ecuador,Seguridad interna,Seguridad ciudadana,Denuncias de violaciones,Total,Total,17,No Aplica,"Es el acceso carnal, con introducción total o parcial del miembro viril, por vía oral, anal o vaginal; o la introducción, por vía vaginal o anal, de objetos, dedos u órganos distintos al miembro viril, a una persona de cualquier sexo.",2017,8,Fiscalía General del Estado - INEC,Denuncias,Paz,ODS 16
4006,08,Esmeraldas,0000,Total Nacional,Ecuador,Seguridad interna,Seguridad ciudadana,Denuncias de violaciones,Total,Total,22,No Aplica,"Es el acceso carnal, con introducción total o parcial del miembro viril, por vía oral, anal o vaginal; o la introducción, por vía vaginal o anal, de objetos, dedos u órganos distintos al miembro viril, a una persona de cualquier sexo.",2017,8,Fiscalía General del Estado - INEC,Denuncias,Paz,ODS 16
4006,09,Guayas,0000,Total Nacional,Ecuador,Seguridad interna,Seguridad ciudadana,Denuncias de violaciones,Total,Total,84,No Aplica,"Es el acceso carnal, con introducción total o parcial del miembro viril, por vía oral, anal o vaginal; o la introducción, por vía vaginal o anal, de objetos, dedos u órganos distintos al miembro viril, a una persona de cualquier sexo.",2017,8,Fiscalía General del Estado - INEC,Denuncias,Paz,ODS 16
4006,10,Imbabura,0000,Total Nacional,Ecuador,Seguridad interna,Seguridad ciudadana,Denuncias de violaciones,Total,Total,10,No Aplica,"Es el acceso carnal, con introducción total o parcial del miembro viril, por vía oral, anal o vaginal; o la introducción, por vía vaginal o anal, de objetos, dedos u órganos distintos al miembro viril, a una persona de cualquier sexo.",2017,8,Fiscalía General del Estado - INEC,Denuncias,Paz,ODS 16
4006,11,Loja,0000,Total Nacional,Ecuador,Seguridad interna,Seguridad ciudadana,Denuncias de violaciones,Total,Total,4,No Aplica,"Es el acceso carnal, con introducción total o parcial del miembro viril, por vía oral, anal o vaginal; o la introducción, por vía vaginal o anal, de objetos, dedos u órganos distintos al miembro viril, a una persona de cualquier sexo.",2017,8,Fiscalía General del Estado - INEC,Denuncias,Paz,ODS 16
4006,12,Los Ríos,0000,Total Nacional,Ecuador,Seguridad interna,Seguridad ciudadana,Denuncias de violaciones,Total,Total,21,No Aplica,"Es el acceso carnal, con introducción total o parcial del miembro viril, por vía oral, anal o vaginal; o la introducción, por vía vaginal o anal, de objetos, dedos u órganos distintos al miembro viril, a una persona de cualquier sexo.",2017,8,Fiscalía General del Estado - INEC,Denuncias,Paz,ODS 16
4006,13,Manabí,0000,Total Nacional,Ecuador,Seguridad interna,Seguridad ciudadana,Denuncias de violaciones,Total,Total,37,No Aplica,"Es el acceso carnal, con introducción total o parcial del miembro viril, por vía oral, anal o vaginal; o la introducción, por vía vaginal o anal, de objetos, dedos u órganos distintos al miembro viril, a una persona de cualquier sexo.",2017,8,Fiscalía General del Estado - INEC,Denuncias,Paz,ODS 16
4006,14,Morona Santiago,0000,Total Nacional,Ecuador,Seguridad interna,Seguridad ciudadana,Denuncias de violaciones,Total,Total,19,No Aplica,"Es el acceso carnal, con introducción total o parcial del miembro viril, por vía oral, anal o vaginal; o la introducción, por vía vaginal o anal, de objetos, dedos u órganos distintos al miembro viril, a una persona de cualquier sexo.",2017,8,Fiscalía General del Estado - INEC,Denuncias,Paz,ODS 16
4006,15,Napo,0000,Total Nacional,Ecuador,Seguridad interna,Seguridad ciudadana,Denuncias de violaciones,Total,Total,6,No Aplica,"Es el acceso carnal, con introducción total o parcial del miembro viril, por vía oral, anal o vaginal; o la introducción, por vía vaginal o anal, de objetos, dedos u órganos distintos al miembro viril, a una persona de cualquier sexo.",2017,8,Fiscalía General del Estado - INEC,Denuncias,Paz,ODS 16
4006,16,Pastaza,0000,Total Nacional,Ecuador,Seguridad interna,Seguridad ciudadana,Denuncias de violaciones,Total,Total,4,No Aplica,"Es el acceso carnal, con introducción total o parcial del miembro viril, por vía oral, anal o vaginal; o la introducción, por vía vaginal o anal, de objetos, dedos u órganos distintos al miembro viril, a una persona de cualquier sexo.",2017,8,Fiscalía General del Estado - INEC,Denuncias,Paz,ODS 16
4006,17,Pichincha,0000,Total Nacional,Ecuador,Seguridad interna,Seguridad ciudadana,Denuncias de violaciones,Total,Total,77,No Aplica,"Es el acceso carnal, con introducción total o parcial del miembro viril, por vía oral, anal o vaginal; o la introducción, por vía vaginal o anal, de objetos, dedos u órganos distintos al miembro viril, a una persona de cualquier sexo.",2017,8,Fiscalía General del Estado - INEC,Denuncias,Paz,ODS 16
4006,18,Tungurahua,0000,Total Nacional,Ecuador,Seguridad interna,Seguridad ciudadana,Denuncias de violaciones,Total,Total,10,No Aplica,"Es el acceso carnal, con introducción total o parcial del miembro viril, por vía oral, anal o vaginal; o la introducción, por vía vaginal o anal, de objetos, dedos u órganos distintos al miembro viril, a una persona de cualquier sexo.",2017,8,Fiscalía General del Estado - INEC,Denuncias,Paz,ODS 16
4006,19,Zamora Chinchipe,0000,Total Nacional,Ecuador,Seguridad interna,Seguridad ciudadana,Denuncias de violaciones,Total,Total,4,No Aplica,"Es el acceso carnal, con introducción total o parcial del miembro viril, por vía oral, anal o vaginal; o la introducción, por vía vaginal o anal, de objetos, dedos u órganos distintos al miembro viril, a una persona de cualquier sexo.",2017,8,Fiscalía General del Estado - INEC,Denuncias,Paz,ODS 16
4006,20,Galápagos,0000,Total Nacional,Ecuador,Seguridad interna,Seguridad ciudadana,Denuncias de violaciones,Total,Total,0,No Aplica,"Es el acceso carnal, con introducción total o parcial del miembro viril, por vía oral, anal o vaginal; o la introducción, por vía vaginal o anal, de objetos, dedos u órganos distintos al miembro viril, a una persona de cualquier sexo.",2017,8,Fiscalía General del Estado - INEC,Denuncias,Paz,ODS 16
4006,21,Sucumbios,0000,Total Nacional,Ecuador,Seguridad interna,Seguridad ciudadana,Denuncias de violaciones,Total,Total,13,No Aplica,"Es el acceso carnal, con introducción total o parcial del miembro viril, por vía oral, anal o vaginal; o la introducción, por vía vaginal o anal, de objetos, dedos u órganos distintos al miembro viril, a una persona de cualquier sexo.",2017,8,Fiscalía General del Estado - INEC,Denuncias,Paz,ODS 16
4006,22,Orellana,0000,Total Nacional,Ecuador,Seguridad interna,Seguridad ciudadana,Denuncias de violaciones,Total,Total,7,No Aplica,"Es el acceso carnal, con introducción total o parcial del miembro viril, por vía oral, anal o vaginal; o la introducción, por vía vaginal o anal, de objetos, dedos u órganos distintos al miembro viril, a una persona de cualquier sexo.",2017,8,Fiscalía General del Estado - INEC,Denuncias,Paz,ODS 16
4006,23,Santo Domingo de los Tsáchilas,0000,Total Nacional,Ecuador,Seguridad interna,Seguridad ciudadana,Denuncias de violaciones,Total,Total,23,No Aplica,"Es el acceso carnal, con introducción total o parcial del miembro viril, por vía oral, anal o vaginal; o la introducción, por vía vaginal o anal, de objetos, dedos u órganos distintos al miembro viril, a una persona de cualquier sexo.",2017,8,Fiscalía General del Estado - INEC,Denuncias,Paz,ODS 16
4006,24,Santa Elena,0000,Total Nacional,Ecuador,Seguridad interna,Seguridad ciudadana,Denuncias de violaciones,Total,Total,4,No Aplica,"Es el acceso carnal, con introducción total o parcial del miembro viril, por vía oral, anal o vaginal; o la introducción, por vía vaginal o anal, de objetos, dedos u órganos distintos al miembro viril, a una persona de cualquier sexo.",2017,8,Fiscalía General del Estado - INEC,Denuncias,Paz,ODS 16
4006,00,Total Nacional,0000,Total Nacional,Ecuador,Seguridad interna,Seguridad ciudadana,Denuncias de violaciones,Total,Total,395,No Aplica,"Es el acceso carnal, con introducción total o parcial del miembro viril, por vía oral, anal o vaginal; o la introducción, por vía vaginal o anal, de objetos, dedos u órganos distintos al miembro viril, a una persona de cualquier sexo.",2017,7,Fiscalía General del Estado - INEC,Denuncias,Paz,ODS 16
4006,01,Azuay,0000,Total Nacional,Ecuador,Seguridad interna,Seguridad ciudadana,Denuncias de violaciones,Total,Total,24,No Aplica,"Es el acceso carnal, con introducción total o parcial del miembro viril, por vía oral, anal o vaginal; o la introducción, por vía vaginal o anal, de objetos, dedos u órganos distintos al miembro viril, a una persona de cualquier sexo.",2017,7,Fiscalía General del Estado - INEC,Denuncias,Paz,ODS 16
4006,02,Bolívar,0000,Total Nacional,Ecuador,Seguridad interna,Seguridad ciudadana,Denuncias de violaciones,Total,Total,7,No Aplica,"Es el acceso carnal, con introducción total o parcial del miembro viril, por vía oral, anal o vaginal; o la introducción, por vía vaginal o anal, de objetos, dedos u órganos distintos al miembro viril, a una persona de cualquier sexo.",2017,7,Fiscalía General del Estado - INEC,Denuncias,Paz,ODS 16
4006,03,Cañar,0000,Total Nacional,Ecuador,Seguridad interna,Seguridad ciudadana,Denuncias de violaciones,Total,Total,13,No Aplica,"Es el acceso carnal, con introducción total o parcial del miembro viril, por vía oral, anal o vaginal; o la introducción, por vía vaginal o anal, de objetos, dedos u órganos distintos al miembro viril, a una persona de cualquier sexo.",2017,7,Fiscalía General del Estado - INEC,Denuncias,Paz,ODS 16
4006,04,Carchi,0000,Total Nacional,Ecuador,Seguridad interna,Seguridad ciudadana,Denuncias de violaciones,Total,Total,6,No Aplica,"Es el acceso carnal, con introducción total o parcial del miembro viril, por vía oral, anal o vaginal; o la introducción, por vía vaginal o anal, de objetos, dedos u órganos distintos al miembro viril, a una persona de cualquier sexo.",2017,7,Fiscalía General del Estado - INEC,Denuncias,Paz,ODS 16
4006,05,Cotopaxi,0000,Total Nacional,Ecuador,Seguridad interna,Seguridad ciudadana,Denuncias de violaciones,Total,Total,10,No Aplica,"Es el acceso carnal, con introducción total o parcial del miembro viril, por vía oral, anal o vaginal; o la introducción, por vía vaginal o anal, de objetos, dedos u órganos distintos al miembro viril, a una persona de cualquier sexo.",2017,7,Fiscalía General del Estado - INEC,Denuncias,Paz,ODS 16
4006,06,Chimborazo,0000,Total Nacional,Ecuador,Seguridad interna,Seguridad ciudadana,Denuncias de violaciones,Total,Total,12,No Aplica,"Es el acceso carnal, con introducción total o parcial del miembro viril, por vía oral, anal o vaginal; o la introducción, por vía vaginal o anal, de objetos, dedos u órganos distintos al miembro viril, a una persona de cualquier sexo.",2017,7,Fiscalía General del Estado - INEC,Denuncias,Paz,ODS 16
4006,07,El Oro,0000,Total Nacional,Ecuador,Seguridad interna,Seguridad ciudadana,Denuncias de violaciones,Total,Total,27,No Aplica,"Es el acceso carnal, con introducción total o parcial del miembro viril, por vía oral, anal o vaginal; o la introducción, por vía vaginal o anal, de objetos, dedos u órganos distintos al miembro viril, a una persona de cualquier sexo.",2017,7,Fiscalía General del Estado - INEC,Denuncias,Paz,ODS 16
4006,08,Esmeraldas,0000,Total Nacional,Ecuador,Seguridad interna,Seguridad ciudadana,Denuncias de violaciones,Total,Total,21,No Aplica,"Es el acceso carnal, con introducción total o parcial del miembro viril, por vía oral, anal o vaginal; o la introducción, por vía vaginal o anal, de objetos, dedos u órganos distintos al miembro viril, a una persona de cualquier sexo.",2017,7,Fiscalía General del Estado - INEC,Denuncias,Paz,ODS 16
4006,09,Guayas,0000,Total Nacional,Ecuador,Seguridad interna,Seguridad ciudadana,Denuncias de violaciones,Total,Total,73,No Aplica,"Es el acceso carnal, con introducción total o parcial del miembro viril, por vía oral, anal o vaginal; o la introducción, por vía vaginal o anal, de objetos, dedos u órganos distintos al miembro viril, a una persona de cualquier sexo.",2017,7,Fiscalía General del Estado - INEC,Denuncias,Paz,ODS 16
4006,10,Imbabura,0000,Total Nacional,Ecuador,Seguridad interna,Seguridad ciudadana,Denuncias de violaciones,Total,Total,14,No Aplica,"Es el acceso carnal, con introducción total o parcial del miembro viril, por vía oral, anal o vaginal; o la introducción, por vía vaginal o anal, de objetos, dedos u órganos distintos al miembro viril, a una persona de cualquier sexo.",2017,7,Fiscalía General del Estado - INEC,Denuncias,Paz,ODS 16
4006,11,Loja,0000,Total Nacional,Ecuador,Seguridad interna,Seguridad ciudadana,Denuncias de violaciones,Total,Total,15,No Aplica,"Es el acceso carnal, con introducción total o parcial del miembro viril, por vía oral, anal o vaginal; o la introducción, por vía vaginal o anal, de objetos, dedos u órganos distintos al miembro viril, a una persona de cualquier sexo.",2017,7,Fiscalía General del Estado - INEC,Denuncias,Paz,ODS 16
4006,12,Los Ríos,0000,Total Nacional,Ecuador,Seguridad interna,Seguridad ciudadana,Denuncias de violaciones,Total,Total,25,No Aplica,"Es el acceso carnal, con introducción total o parcial del miembro viril, por vía oral, anal o vaginal; o la introducción, por vía vaginal o anal, de objetos, dedos u órganos distintos al miembro viril, a una persona de cualquier sexo.",2017,7,Fiscalía General del Estado - INEC,Denuncias,Paz,ODS 16
4006,13,Manabí,0000,Total Nacional,Ecuador,Seguridad interna,Seguridad ciudadana,Denuncias de violaciones,Total,Total,25,No Aplica,"Es el acceso carnal, con introducción total o parcial del miembro viril, por vía oral, anal o vaginal; o la introducción, por vía vaginal o anal, de objetos, dedos u órganos distintos al miembro viril, a una persona de cualquier sexo.",2017,7,Fiscalía General del Estado - INEC,Denuncias,Paz,ODS 16
4006,14,Morona Santiago,0000,Total Nacional,Ecuador,Seguridad interna,Seguridad ciudadana,Denuncias de violaciones,Total,Total,15,No Aplica,"Es el acceso carnal, con introducción total o parcial del miembro viril, por vía oral, anal o vaginal; o la introducción, por vía vaginal o anal, de objetos, dedos u órganos distintos al miembro viril, a una persona de cualquier sexo.",2017,7,Fiscalía General del Estado - INEC,Denuncias,Paz,ODS 16
4006,15,Napo,0000,Total Nacional,Ecuador,Seguridad interna,Seguridad ciudadana,Denuncias de violaciones,Total,Total,10,No Aplica,"Es el acceso carnal, con introducción total o parcial del miembro viril, por vía oral, anal o vaginal; o la introducción, por vía vaginal o anal, de objetos, dedos u órganos distintos al miembro viril, a una persona de cualquier sexo.",2017,7,Fiscalía General del Estado - INEC,Denuncias,Paz,ODS 16
4006,16,Pastaza,0000,Total Nacional,Ecuador,Seguridad interna,Seguridad ciudadana,Denuncias de violaciones,Total,Total,4,No Aplica,"Es el acceso carnal, con introducción total o parcial del miembro viril, por vía oral, anal o vaginal; o la introducción, por vía vaginal o anal, de objetos, dedos u órganos distintos al miembro viril, a una persona de cualquier sexo.",2017,7,Fiscalía General del Estado - INEC,Denuncias,Paz,ODS 16
4006,17,Pichincha,0000,Total Nacional,Ecuador,Seguridad interna,Seguridad ciudadana,Denuncias de violaciones,Total,Total,58,No Aplica,"Es el acceso carnal, con introducción total o parcial del miembro viril, por vía oral, anal o vaginal; o la introducción, por vía vaginal o anal, de objetos, dedos u órganos distintos al miembro viril, a una persona de cualquier sexo.",2017,7,Fiscalía General del Estado - INEC,Denuncias,Paz,ODS 16
4006,18,Tungurahua,0000,Total Nacional,Ecuador,Seguridad interna,Seguridad ciudadana,Denuncias de violaciones,Total,Total,7,No Aplica,"Es el acceso carnal, con introducción total o parcial del miembro viril, por vía oral, anal o vaginal; o la introducción, por vía vaginal o anal, de objetos, dedos u órganos distintos al miembro viril, a una persona de cualquier sexo.",2017,7,Fiscalía General del Estado - INEC,Denuncias,Paz,ODS 16
4006,19,Zamora Chinchipe,0000,Total Nacional,Ecuador,Seguridad interna,Seguridad ciudadana,Denuncias de violaciones,Total,Total,4,No Aplica,"Es el acceso carnal, con introducción total o parcial del miembro viril, por vía oral, anal o vaginal; o la introducción, por vía vaginal o anal, de objetos, dedos u órganos distintos al miembro viril, a una persona de cualquier sexo.",2017,7,Fiscalía General del Estado - INEC,Denuncias,Paz,ODS 16
4006,20,Galápagos,0000,Total Nacional,Ecuador,Seguridad interna,Seguridad ciudadana,Denuncias de violaciones,Total,Total,1,No Aplica,"Es el acceso carnal, con introducción total o parcial del miembro viril, por vía oral, anal o vaginal; o la introducción, por vía vaginal o anal, de objetos, dedos u órganos distintos al miembro viril, a una persona de cualquier sexo.",2017,7,Fiscalía General del Estado - INEC,Denuncias,Paz,ODS 16
4006,21,Sucumbios,0000,Total Nacional,Ecuador,Seguridad interna,Seguridad ciudadana,Denuncias de violaciones,Total,Total,8,No Aplica,"Es el acceso carnal, con introducción total o parcial del miembro viril, por vía oral, anal o vaginal; o la introducción, por vía vaginal o anal, de objetos, dedos u órganos distintos al miembro viril, a una persona de cualquier sexo.",2017,7,Fiscalía General del Estado - INEC,Denuncias,Paz,ODS 16
4006,22,Orellana,0000,Total Nacional,Ecuador,Seguridad interna,Seguridad ciudadana,Denuncias de violaciones,Total,Total,5,No Aplica,"Es el acceso carnal, con introducción total o parcial del miembro viril, por vía oral, anal o vaginal; o la introducción, por vía vaginal o anal, de objetos, dedos u órganos distintos al miembro viril, a una persona de cualquier sexo.",2017,7,Fiscalía General del Estado - INEC,Denuncias,Paz,ODS 16
4006,23,Santo Domingo de los Tsáchilas,0000,Total Nacional,Ecuador,Seguridad interna,Seguridad ciudadana,Denuncias de violaciones,Total,Total,11,No Aplica,"Es el acceso carnal, con introducción total o parcial del miembro viril, por vía oral, anal o vaginal; o la introducción, por vía vaginal o anal, de objetos, dedos u órganos distintos al miembro viril, a una persona de cualquier sexo.",2017,7,Fiscalía General del Estado - INEC,Denuncias,Paz,ODS 16
4006,24,Santa Elena,0000,Total Nacional,Ecuador,Seguridad interna,Seguridad ciudadana,Denuncias de violaciones,Total,Total,0,No Aplica,"Es el acceso carnal, con introducción total o parcial del miembro viril, por vía oral, anal o vaginal; o la introducción, por vía vaginal o anal, de objetos, dedos u órganos distintos al miembro viril, a una persona de cualquier sexo.",2017,7,Fiscalía General del Estado - INEC,Denuncias,Paz,ODS 16
4006,00,Total Nacional,0000,Total Nacional,Ecuador,Seguridad interna,Seguridad ciudadana,Denuncias de violaciones,Total,Total,411,No Aplica,"Es el acceso carnal, con introducción total o parcial del miembro viril, por vía oral, anal o vaginal; o la introducción, por vía vaginal o anal, de objetos, dedos u órganos distintos al miembro viril, a una persona de cualquier sexo.",2017,6,Fiscalía General del Estado - INEC,Denuncias,Paz,ODS 16
4006,01,Azuay,0000,Total Nacional,Ecuador,Seguridad interna,Seguridad ciudadana,Denuncias de violaciones,Total,Total,33,No Aplica,"Es el acceso carnal, con introducción total o parcial del miembro viril, por vía oral, anal o vaginal; o la introducción, por vía vaginal o anal, de objetos, dedos u órganos distintos al miembro viril, a una persona de cualquier sexo.",2017,6,Fiscalía General del Estado - INEC,Denuncias,Paz,ODS 16
4006,02,Bolívar,0000,Total Nacional,Ecuador,Seguridad interna,Seguridad ciudadana,Denuncias de violaciones,Total,Total,8,No Aplica,"Es el acceso carnal, con introducción total o parcial del miembro viril, por vía oral, anal o vaginal; o la introducción, por vía vaginal o anal, de objetos, dedos u órganos distintos al miembro viril, a una persona de cualquier sexo.",2017,6,Fiscalía General del Estado - INEC,Denuncias,Paz,ODS 16
4006,03,Cañar,0000,Total Nacional,Ecuador,Seguridad interna,Seguridad ciudadana,Denuncias de violaciones,Total,Total,6,No Aplica,"Es el acceso carnal, con introducción total o parcial del miembro viril, por vía oral, anal o vaginal; o la introducción, por vía vaginal o anal, de objetos, dedos u órganos distintos al miembro viril, a una persona de cualquier sexo.",2017,6,Fiscalía General del Estado - INEC,Denuncias,Paz,ODS 16
4006,04,Carchi,0000,Total Nacional,Ecuador,Seguridad interna,Seguridad ciudadana,Denuncias de violaciones,Total,Total,0,No Aplica,"Es el acceso carnal, con introducción total o parcial del miembro viril, por vía oral, anal o vaginal; o la introducción, por vía vaginal o anal, de objetos, dedos u órganos distintos al miembro viril, a una persona de cualquier sexo.",2017,6,Fiscalía General del Estado - INEC,Denuncias,Paz,ODS 16
4006,05,Cotopaxi,0000,Total Nacional,Ecuador,Seguridad interna,Seguridad ciudadana,Denuncias de violaciones,Total,Total,8,No Aplica,"Es el acceso carnal, con introducción total o parcial del miembro viril, por vía oral, anal o vaginal; o la introducción, por vía vaginal o anal, de objetos, dedos u órganos distintos al miembro viril, a una persona de cualquier sexo.",2017,6,Fiscalía General del Estado - INEC,Denuncias,Paz,ODS 16
4006,06,Chimborazo,0000,Total Nacional,Ecuador,Seguridad interna,Seguridad ciudadana,Denuncias de violaciones,Total,Total,9,No Aplica,"Es el acceso carnal, con introducción total o parcial del miembro viril, por vía oral, anal o vaginal; o la introducción, por vía vaginal o anal, de objetos, dedos u órganos distintos al miembro viril, a una persona de cualquier sexo.",2017,6,Fiscalía General del Estado - INEC,Denuncias,Paz,ODS 16
4006,07,El Oro,0000,Total Nacional,Ecuador,Seguridad interna,Seguridad ciudadana,Denuncias de violaciones,Total,Total,26,No Aplica,"Es el acceso carnal, con introducción total o parcial del miembro viril, por vía oral, anal o vaginal; o la introducción, por vía vaginal o anal, de objetos, dedos u órganos distintos al miembro viril, a una persona de cualquier sexo.",2017,6,Fiscalía General del Estado - INEC,Denuncias,Paz,ODS 16
4006,08,Esmeraldas,0000,Total Nacional,Ecuador,Seguridad interna,Seguridad ciudadana,Denuncias de violaciones,Total,Total,14,No Aplica,"Es el acceso carnal, con introducción total o parcial del miembro viril, por vía oral, anal o vaginal; o la introducción, por vía vaginal o anal, de objetos, dedos u órganos distintos al miembro viril, a una persona de cualquier sexo.",2017,6,Fiscalía General del Estado - INEC,Denuncias,Paz,ODS 16
4006,09,Guayas,0000,Total Nacional,Ecuador,Seguridad interna,Seguridad ciudadana,Denuncias de violaciones,Total,Total,60,No Aplica,"Es el acceso carnal, con introducción total o parcial del miembro viril, por vía oral, anal o vaginal; o la introducción, por vía vaginal o anal, de objetos, dedos u órganos distintos al miembro viril, a una persona de cualquier sexo.",2017,6,Fiscalía General del Estado - INEC,Denuncias,Paz,ODS 16
4006,10,Imbabura,0000,Total Nacional,Ecuador,Seguridad interna,Seguridad ciudadana,Denuncias de violaciones,Total,Total,11,No Aplica,"Es el acceso carnal, con introducción total o parcial del miembro viril, por vía oral, anal o vaginal; o la introducción, por vía vaginal o anal, de objetos, dedos u órganos distintos al miembro viril, a una persona de cualquier sexo.",2017,6,Fiscalía General del Estado - INEC,Denuncias,Paz,ODS 16
4006,11,Loja,0000,Total Nacional,Ecuador,Seguridad interna,Seguridad ciudadana,Denuncias de violaciones,Total,Total,15,No Aplica,"Es el acceso carnal, con introducción total o parcial del miembro viril, por vía oral, anal o vaginal; o la introducción, por vía vaginal o anal, de objetos, dedos u órganos distintos al miembro viril, a una persona de cualquier sexo.",2017,6,Fiscalía General del Estado - INEC,Denuncias,Paz,ODS 16
4006,12,Los Ríos,0000,Total Nacional,Ecuador,Seguridad interna,Seguridad ciudadana,Denuncias de violaciones,Total,Total,21,No Aplica,"Es el acceso carnal, con introducción total o parcial del miembro viril, por vía oral, anal o vaginal; o la introducción, por vía vaginal o anal, de objetos, dedos u órganos distintos al miembro viril, a una persona de cualquier sexo.",2017,6,Fiscalía General del Estado - INEC,Denuncias,Paz,ODS 16
4006,13,Manabí,0000,Total Nacional,Ecuador,Seguridad interna,Seguridad ciudadana,Denuncias de violaciones,Total,Total,33,No Aplica,"Es el acceso carnal, con introducción total o parcial del miembro viril, por vía oral, anal o vaginal; o la introducción, por vía vaginal o anal, de objetos, dedos u órganos distintos al miembro viril, a una persona de cualquier sexo.",2017,6,Fiscalía General del Estado - INEC,Denuncias,Paz,ODS 16
4006,14,Morona Santiago,0000,Total Nacional,Ecuador,Seguridad interna,Seguridad ciudadana,Denuncias de violaciones,Total,Total,23,No Aplica,"Es el acceso carnal, con introducción total o parcial del miembro viril, por vía oral, anal o vaginal; o la introducción, por vía vaginal o anal, de objetos, dedos u órganos distintos al miembro viril, a una persona de cualquier sexo.",2017,6,Fiscalía General del Estado - INEC,Denuncias,Paz,ODS 16
4006,15,Napo,0000,Total Nacional,Ecuador,Seguridad interna,Seguridad ciudadana,Denuncias de violaciones,Total,Total,4,No Aplica,"Es el acceso carnal, con introducción total o parcial del miembro viril, por vía oral, anal o vaginal; o la introducción, por vía vaginal o anal, de objetos, dedos u órganos distintos al miembro viril, a una persona de cualquier sexo.",2017,6,Fiscalía General del Estado - INEC,Denuncias,Paz,ODS 16
4006,16,Pastaza,0000,Total Nacional,Ecuador,Seguridad interna,Seguridad ciudadana,Denuncias de violaciones,Total,Total,4,No Aplica,"Es el acceso carnal, con introducción total o parcial del miembro viril, por vía oral, anal o vaginal; o la introducción, por vía vaginal o anal, de objetos, dedos u órganos distintos al miembro viril, a una persona de cualquier sexo.",2017,6,Fiscalía General del Estado - INEC,Denuncias,Paz,ODS 16
4006,17,Pichincha,0000,Total Nacional,Ecuador,Seguridad interna,Seguridad ciudadana,Denuncias de violaciones,Total,Total,73,No Aplica,"Es el acceso carnal, con introducción total o parcial del miembro viril, por vía oral, anal o vaginal; o la introducción, por vía vaginal o anal, de objetos, dedos u órganos distintos al miembro viril, a una persona de cualquier sexo.",2017,6,Fiscalía General del Estado - INEC,Denuncias,Paz,ODS 16
4006,18,Tungurahua,0000,Total Nacional,Ecuador,Seguridad interna,Seguridad ciudadana,Denuncias de violaciones,Total,Total,14,No Aplica,"Es el acceso carnal, con introducción total o parcial del miembro viril, por vía oral, anal o vaginal; o la introducción, por vía vaginal o anal, de objetos, dedos u órganos distintos al miembro viril, a una persona de cualquier sexo.",2017,6,Fiscalía General del Estado - INEC,Denuncias,Paz,ODS 16
4006,19,Zamora Chinchipe,0000,Total Nacional,Ecuador,Seguridad interna,Seguridad ciudadana,Denuncias de violaciones,Total,Total,7,No Aplica,"Es el acceso carnal, con introducción total o parcial del miembro viril, por vía oral, anal o vaginal; o la introducción, por vía vaginal o anal, de objetos, dedos u órganos distintos al miembro viril, a una persona de cualquier sexo.",2017,6,Fiscalía General del Estado - INEC,Denuncias,Paz,ODS 16
4006,20,Galápagos,0000,Total Nacional,Ecuador,Seguridad interna,Seguridad ciudadana,Denuncias de violaciones,Total,Total,0,No Aplica,"Es el acceso carnal, con introducción total o parcial del miembro viril, por vía oral, anal o vaginal; o la introducción, por vía vaginal o anal, de objetos, dedos u órganos distintos al miembro viril, a una persona de cualquier sexo.",2017,6,Fiscalía General del Estado - INEC,Denuncias,Paz,ODS 16
4006,21,Sucumbios,0000,Total Nacional,Ecuador,Seguridad interna,Seguridad ciudadana,Denuncias de violaciones,Total,Total,11,No Aplica,"Es el acceso carnal, con introducción total o parcial del miembro viril, por vía oral, anal o vaginal; o la introducción, por vía vaginal o anal, de objetos, dedos u órganos distintos al miembro viril, a una persona de cualquier sexo.",2017,6,Fiscalía General del Estado - INEC,Denuncias,Paz,ODS 16
4006,22,Orellana,0000,Total Nacional,Ecuador,Seguridad interna,Seguridad ciudadana,Denuncias de violaciones,Total,Total,8,No Aplica,"Es el acceso carnal, con introducción total o parcial del miembro viril, por vía oral, anal o vaginal; o la introducción, por vía vaginal o anal, de objetos, dedos u órganos distintos al miembro viril, a una persona de cualquier sexo.",2017,6,Fiscalía General del Estado - INEC,Denuncias,Paz,ODS 16
4006,23,Santo Domingo de los Tsáchilas,0000,Total Nacional,Ecuador,Seguridad interna,Seguridad ciudadana,Denuncias de violaciones,Total,Total,15,No Aplica,"Es el acceso carnal, con introducción total o parcial del miembro viril, por vía oral, anal o vaginal; o la introducción, por vía vaginal o anal, de objetos, dedos u órganos distintos al miembro viril, a una persona de cualquier sexo.",2017,6,Fiscalía General del Estado - INEC,Denuncias,Paz,ODS 16
4006,24,Santa Elena,0000,Total Nacional,Ecuador,Seguridad interna,Seguridad ciudadana,Denuncias de violaciones,Total,Total,8,No Aplica,"Es el acceso carnal, con introducción total o parcial del miembro viril, por vía oral, anal o vaginal; o la introducción, por vía vaginal o anal, de objetos, dedos u órganos distintos al miembro viril, a una persona de cualquier sexo.",2017,6,Fiscalía General del Estado - INEC,Denuncias,Paz,ODS 16
4006,00,Total Nacional,0000,Total Nacional,Ecuador,Seguridad interna,Seguridad ciudadana,Denuncias de violaciones,Total,Total,410,No Aplica,"Es el acceso carnal, con introducción total o parcial del miembro viril, por vía oral, anal o vaginal; o la introducción, por vía vaginal o anal, de objetos, dedos u órganos distintos al miembro viril, a una persona de cualquier sexo.",2017,5,Fiscalía General del Estado - INEC,Denuncias,Paz,ODS 16
4006,01,Azuay,0000,Total Nacional,Ecuador,Seguridad interna,Seguridad ciudadana,Denuncias de violaciones,Total,Total,27,No Aplica,"Es el acceso carnal, con introducción total o parcial del miembro viril, por vía oral, anal o vaginal; o la introducción, por vía vaginal o anal, de objetos, dedos u órganos distintos al miembro viril, a una persona de cualquier sexo.",2017,5,Fiscalía General del Estado - INEC,Denuncias,Paz,ODS 16
4006,02,Bolívar,0000,Total Nacional,Ecuador,Seguridad interna,Seguridad ciudadana,Denuncias de violaciones,Total,Total,4,No Aplica,"Es el acceso carnal, con introducción total o parcial del miembro viril, por vía oral, anal o vaginal; o la introducción, por vía vaginal o anal, de objetos, dedos u órganos distintos al miembro viril, a una persona de cualquier sexo.",2017,5,Fiscalía General del Estado - INEC,Denuncias,Paz,ODS 16
4006,03,Cañar,0000,Total Nacional,Ecuador,Seguridad interna,Seguridad ciudadana,Denuncias de violaciones,Total,Total,13,No Aplica,"Es el acceso carnal, con introducción total o parcial del miembro viril, por vía oral, anal o vaginal; o la introducción, por vía vaginal o anal, de objetos, dedos u órganos distintos al miembro viril, a una persona de cualquier sexo.",2017,5,Fiscalía General del Estado - INEC,Denuncias,Paz,ODS 16
4006,04,Carchi,0000,Total Nacional,Ecuador,Seguridad interna,Seguridad ciudadana,Denuncias de violaciones,Total,Total,1,No Aplica,"Es el acceso carnal, con introducción total o parcial del miembro viril, por vía oral, anal o vaginal; o la introducción, por vía vaginal o anal, de objetos, dedos u órganos distintos al miembro viril, a una persona de cualquier sexo.",2017,5,Fiscalía General del Estado - INEC,Denuncias,Paz,ODS 16
4006,05,Cotopaxi,0000,Total Nacional,Ecuador,Seguridad interna,Seguridad ciudadana,Denuncias de violaciones,Total,Total,11,No Aplica,"Es el acceso carnal, con introducción total o parcial del miembro viril, por vía oral, anal o vaginal; o la introducción, por vía vaginal o anal, de objetos, dedos u órganos distintos al miembro viril, a una persona de cualquier sexo.",2017,5,Fiscalía General del Estado - INEC,Denuncias,Paz,ODS 16
4006,06,Chimborazo,0000,Total Nacional,Ecuador,Seguridad interna,Seguridad ciudadana,Denuncias de violaciones,Total,Total,12,No Aplica,"Es el acceso carnal, con introducción total o parcial del miembro viril, por vía oral, anal o vaginal; o la introducción, por vía vaginal o anal, de objetos, dedos u órganos distintos al miembro viril, a una persona de cualquier sexo.",2017,5,Fiscalía General del Estado - INEC,Denuncias,Paz,ODS 16
4006,07,El Oro,0000,Total Nacional,Ecuador,Seguridad interna,Seguridad ciudadana,Denuncias de violaciones,Total,Total,21,No Aplica,"Es el acceso carnal, con introducción total o parcial del miembro viril, por vía oral, anal o vaginal; o la introducción, por vía vaginal o anal, de objetos, dedos u órganos distintos al miembro viril, a una persona de cualquier sexo.",2017,5,Fiscalía General del Estado - INEC,Denuncias,Paz,ODS 16
4006,08,Esmeraldas,0000,Total Nacional,Ecuador,Seguridad interna,Seguridad ciudadana,Denuncias de violaciones,Total,Total,13,No Aplica,"Es el acceso carnal, con introducción total o parcial del miembro viril, por vía oral, anal o vaginal; o la introducción, por vía vaginal o anal, de objetos, dedos u órganos distintos al miembro viril, a una persona de cualquier sexo.",2017,5,Fiscalía General del Estado - INEC,Denuncias,Paz,ODS 16
4006,09,Guayas,0000,Total Nacional,Ecuador,Seguridad interna,Seguridad ciudadana,Denuncias de violaciones,Total,Total,69,No Aplica,"Es el acceso carnal, con introducción total o parcial del miembro viril, por vía oral, anal o vaginal; o la introducción, por vía vaginal o anal, de objetos, dedos u órganos distintos al miembro viril, a una persona de cualquier sexo.",2017,5,Fiscalía General del Estado - INEC,Denuncias,Paz,ODS 16
4006,10,Imbabura,0000,Total Nacional,Ecuador,Seguridad interna,Seguridad ciudadana,Denuncias de violaciones,Total,Total,13,No Aplica,"Es el acceso carnal, con introducción total o parcial del miembro viril, por vía oral, anal o vaginal; o la introducción, por vía vaginal o anal, de objetos, dedos u órganos distintos al miembro viril, a una persona de cualquier sexo.",2017,5,Fiscalía General del Estado - INEC,Denuncias,Paz,ODS 16
4006,11,Loja,0000,Total Nacional,Ecuador,Seguridad interna,Seguridad ciudadana,Denuncias de violaciones,Total,Total,11,No Aplica,"Es el acceso carnal, con introducción total o parcial del miembro viril, por vía oral, anal o vaginal; o la introducción, por vía vaginal o anal, de objetos, dedos u órganos distintos al miembro viril, a una persona de cualquier sexo.",2017,5,Fiscalía General del Estado - INEC,Denuncias,Paz,ODS 16
4006,12,Los Ríos,0000,Total Nacional,Ecuador,Seguridad interna,Seguridad ciudadana,Denuncias de violaciones,Total,Total,12,No Aplica,"Es el acceso carnal, con introducción total o parcial del miembro viril, por vía oral, anal o vaginal; o la introducción, por vía vaginal o anal, de objetos, dedos u órganos distintos al miembro viril, a una persona de cualquier sexo.",2017,5,Fiscalía General del Estado - INEC,Denuncias,Paz,ODS 16
4006,13,Manabí,0000,Total Nacional,Ecuador,Seguridad interna,Seguridad ciudadana,Denuncias de violaciones,Total,Total,27,No Aplica,"Es el acceso carnal, con introducción total o parcial del miembro viril, por vía oral, anal o vaginal; o la introducción, por vía vaginal o anal, de objetos, dedos u órganos distintos al miembro viril, a una persona de cualquier sexo.",2017,5,Fiscalía General del Estado - INEC,Denuncias,Paz,ODS 16
4006,14,Morona Santiago,0000,Total Nacional,Ecuador,Seguridad interna,Seguridad ciudadana,Denuncias de violaciones,Total,Total,15,No Aplica,"Es el acceso carnal, con introducción total o parcial del miembro viril, por vía oral, anal o vaginal; o la introducción, por vía vaginal o anal, de objetos, dedos u órganos distintos al miembro viril, a una persona de cualquier sexo.",2017,5,Fiscalía General del Estado - INEC,Denuncias,Paz,ODS 16
4006,15,Napo,0000,Total Nacional,Ecuador,Seguridad interna,Seguridad ciudadana,Denuncias de violaciones,Total,Total,7,No Aplica,"Es el acceso carnal, con introducción total o parcial del miembro viril, por vía oral, anal o vaginal; o la introducción, por vía vaginal o anal, de objetos, dedos u órganos distintos al miembro viril, a una persona de cualquier sexo.",2017,5,Fiscalía General del Estado - INEC,Denuncias,Paz,ODS 16
4006,16,Pastaza,0000,Total Nacional,Ecuador,Seguridad interna,Seguridad ciudadana,Denuncias de violaciones,Total,Total,1,No Aplica,"Es el acceso carnal, con introducción total o parcial del miembro viril, por vía oral, anal o vaginal; o la introducción, por vía vaginal o anal, de objetos, dedos u órganos distintos al miembro viril, a una persona de cualquier sexo.",2017,5,Fiscalía General del Estado - INEC,Denuncias,Paz,ODS 16
4006,17,Pichincha,0000,Total Nacional,Ecuador,Seguridad interna,Seguridad ciudadana,Denuncias de violaciones,Total,Total,81,No Aplica,"Es el acceso carnal, con introducción total o parcial del miembro viril, por vía oral, anal o vaginal; o la introducción, por vía vaginal o anal, de objetos, dedos u órganos distintos al miembro viril, a una persona de cualquier sexo.",2017,5,Fiscalía General del Estado - INEC,Denuncias,Paz,ODS 16
4006,18,Tungurahua,0000,Total Nacional,Ecuador,Seguridad interna,Seguridad ciudadana,Denuncias de violaciones,Total,Total,16,No Aplica,"Es el acceso carnal, con introducción total o parcial del miembro viril, por vía oral, anal o vaginal; o la introducción, por vía vaginal o anal, de objetos, dedos u órganos distintos al miembro viril, a una persona de cualquier sexo.",2017,5,Fiscalía General del Estado - INEC,Denuncias,Paz,ODS 16
4006,19,Zamora Chinchipe,0000,Total Nacional,Ecuador,Seguridad interna,Seguridad ciudadana,Denuncias de violaciones,Total,Total,4,No Aplica,"Es el acceso carnal, con introducción total o parcial del miembro viril, por vía oral, anal o vaginal; o la introducción, por vía vaginal o anal, de objetos, dedos u órganos distintos al miembro viril, a una persona de cualquier sexo.",2017,5,Fiscalía General del Estado - INEC,Denuncias,Paz,ODS 16
4006,20,Galápagos,0000,Total Nacional,Ecuador,Seguridad interna,Seguridad ciudadana,Denuncias de violaciones,Total,Total,1,No Aplica,"Es el acceso carnal, con introducción total o parcial del miembro viril, por vía oral, anal o vaginal; o la introducción, por vía vaginal o anal, de objetos, dedos u órganos distintos al miembro viril, a una persona de cualquier sexo.",2017,5,Fiscalía General del Estado - INEC,Denuncias,Paz,ODS 16
4006,21,Sucumbios,0000,Total Nacional,Ecuador,Seguridad interna,Seguridad ciudadana,Denuncias de violaciones,Total,Total,12,No Aplica,"Es el acceso carnal, con introducción total o parcial del miembro viril, por vía oral, anal o vaginal; o la introducción, por vía vaginal o anal, de objetos, dedos u órganos distintos al miembro viril, a una persona de cualquier sexo.",2017,5,Fiscalía General del Estado - INEC,Denuncias,Paz,ODS 16
4006,22,Orellana,0000,Total Nacional,Ecuador,Seguridad interna,Seguridad ciudadana,Denuncias de violaciones,Total,Total,12,No Aplica,"Es el acceso carnal, con introducción total o parcial del miembro viril, por vía oral, anal o vaginal; o la introducción, por vía vaginal o anal, de objetos, dedos u órganos distintos al miembro viril, a una persona de cualquier sexo.",2017,5,Fiscalía General del Estado - INEC,Denuncias,Paz,ODS 16
4006,23,Santo Domingo de los Tsáchilas,0000,Total Nacional,Ecuador,Seguridad interna,Seguridad ciudadana,Denuncias de violaciones,Total,Total,20,No Aplica,"Es el acceso carnal, con introducción total o parcial del miembro viril, por vía oral, anal o vaginal; o la introducción, por vía vaginal o anal, de objetos, dedos u órganos distintos al miembro viril, a una persona de cualquier sexo.",2017,5,Fiscalía General del Estado - INEC,Denuncias,Paz,ODS 16
4006,24,Santa Elena,0000,Total Nacional,Ecuador,Seguridad interna,Seguridad ciudadana,Denuncias de violaciones,Total,Total,7,No Aplica,"Es el acceso carnal, con introducción total o parcial del miembro viril, por vía oral, anal o vaginal; o la introducción, por vía vaginal o anal, de objetos, dedos u órganos distintos al miembro viril, a una persona de cualquier sexo.",2017,5,Fiscalía General del Estado - INEC,Denuncias,Paz,ODS 16
4006,00,Total Nacional,0000,Total Nacional,Ecuador,Seguridad interna,Seguridad ciudadana,Denuncias de violaciones,Total,Total,349,No Aplica,"Es el acceso carnal, con introducción total o parcial del miembro viril, por vía oral, anal o vaginal; o la introducción, por vía vaginal o anal, de objetos, dedos u órganos distintos al miembro viril, a una persona de cualquier sexo.",2017,4,Fiscalía General del Estado - INEC,Denuncias,Paz,ODS 16
4006,01,Azuay,0000,Total Nacional,Ecuador,Seguridad interna,Seguridad ciudadana,Denuncias de violaciones,Total,Total,24,No Aplica,"Es el acceso carnal, con introducción total o parcial del miembro viril, por vía oral, anal o vaginal; o la introducción, por vía vaginal o anal, de objetos, dedos u órganos distintos al miembro viril, a una persona de cualquier sexo.",2017,4,Fiscalía General del Estado - INEC,Denuncias,Paz,ODS 16
4006,02,Bolívar,0000,Total Nacional,Ecuador,Seguridad interna,Seguridad ciudadana,Denuncias de violaciones,Total,Total,5,No Aplica,"Es el acceso carnal, con introducción total o parcial del miembro viril, por vía oral, anal o vaginal; o la introducción, por vía vaginal o anal, de objetos, dedos u órganos distintos al miembro viril, a una persona de cualquier sexo.",2017,4,Fiscalía General del Estado - INEC,Denuncias,Paz,ODS 16
4006,03,Cañar,0000,Total Nacional,Ecuador,Seguridad interna,Seguridad ciudadana,Denuncias de violaciones,Total,Total,5,No Aplica,"Es el acceso carnal, con introducción total o parcial del miembro viril, por vía oral, anal o vaginal; o la introducción, por vía vaginal o anal, de objetos, dedos u órganos distintos al miembro viril, a una persona de cualquier sexo.",2017,4,Fiscalía General del Estado - INEC,Denuncias,Paz,ODS 16
4006,04,Carchi,0000,Total Nacional,Ecuador,Seguridad interna,Seguridad ciudadana,Denuncias de violaciones,Total,Total,3,No Aplica,"Es el acceso carnal, con introducción total o parcial del miembro viril, por vía oral, anal o vaginal; o la introducción, por vía vaginal o anal, de objetos, dedos u órganos distintos al miembro viril, a una persona de cualquier sexo.",2017,4,Fiscalía General del Estado - INEC,Denuncias,Paz,ODS 16
4006,05,Cotopaxi,0000,Total Nacional,Ecuador,Seguridad interna,Seguridad ciudadana,Denuncias de violaciones,Total,Total,6,No Aplica,"Es el acceso carnal, con introducción total o parcial del miembro viril, por vía oral, anal o vaginal; o la introducción, por vía vaginal o anal, de objetos, dedos u órganos distintos al miembro viril, a una persona de cualquier sexo.",2017,4,Fiscalía General del Estado - INEC,Denuncias,Paz,ODS 16
4006,06,Chimborazo,0000,Total Nacional,Ecuador,Seguridad interna,Seguridad ciudadana,Denuncias de violaciones,Total,Total,13,No Aplica,"Es el acceso carnal, con introducción total o parcial del miembro viril, por vía oral, anal o vaginal; o la introducción, por vía vaginal o anal, de objetos, dedos u órganos distintos al miembro viril, a una persona de cualquier sexo.",2017,4,Fiscalía General del Estado - INEC,Denuncias,Paz,ODS 16
4006,07,El Oro,0000,Total Nacional,Ecuador,Seguridad interna,Seguridad ciudadana,Denuncias de violaciones,Total,Total,20,No Aplica,"Es el acceso carnal, con introducción total o parcial del miembro viril, por vía oral, anal o vaginal; o la introducción, por vía vaginal o anal, de objetos, dedos u órganos distintos al miembro viril, a una persona de cualquier sexo.",2017,4,Fiscalía General del Estado - INEC,Denuncias,Paz,ODS 16
4006,08,Esmeraldas,0000,Total Nacional,Ecuador,Seguridad interna,Seguridad ciudadana,Denuncias de violaciones,Total,Total,8,No Aplica,"Es el acceso carnal, con introducción total o parcial del miembro viril, por vía oral, anal o vaginal; o la introducción, por vía vaginal o anal, de objetos, dedos u órganos distintos al miembro viril, a una persona de cualquier sexo.",2017,4,Fiscalía General del Estado - INEC,Denuncias,Paz,ODS 16
4006,09,Guayas,0000,Total Nacional,Ecuador,Seguridad interna,Seguridad ciudadana,Denuncias de violaciones,Total,Total,69,No Aplica,"Es el acceso carnal, con introducción total o parcial del miembro viril, por vía oral, anal o vaginal; o la introducción, por vía vaginal o anal, de objetos, dedos u órganos distintos al miembro viril, a una persona de cualquier sexo.",2017,4,Fiscalía General del Estado - INEC,Denuncias,Paz,ODS 16
4006,10,Imbabura,0000,Total Nacional,Ecuador,Seguridad interna,Seguridad ciudadana,Denuncias de violaciones,Total,Total,8,No Aplica,"Es el acceso carnal, con introducción total o parcial del miembro viril, por vía oral, anal o vaginal; o la introducción, por vía vaginal o anal, de objetos, dedos u órganos distintos al miembro viril, a una persona de cualquier sexo.",2017,4,Fiscalía General del Estado - INEC,Denuncias,Paz,ODS 16
4006,11,Loja,0000,Total Nacional,Ecuador,Seguridad interna,Seguridad ciudadana,Denuncias de violaciones,Total,Total,9,No Aplica,"Es el acceso carnal, con introducción total o parcial del miembro viril, por vía oral, anal o vaginal; o la introducción, por vía vaginal o anal, de objetos, dedos u órganos distintos al miembro viril, a una persona de cualquier sexo.",2017,4,Fiscalía General del Estado - INEC,Denuncias,Paz,ODS 16
4006,12,Los Ríos,0000,Total Nacional,Ecuador,Seguridad interna,Seguridad ciudadana,Denuncias de violaciones,Total,Total,10,No Aplica,"Es el acceso carnal, con introducción total o parcial del miembro viril, por vía oral, anal o vaginal; o la introducción, por vía vaginal o anal, de objetos, dedos u órganos distintos al miembro viril, a una persona de cualquier sexo.",2017,4,Fiscalía General del Estado - INEC,Denuncias,Paz,ODS 16
4006,13,Manabí,0000,Total Nacional,Ecuador,Seguridad interna,Seguridad ciudadana,Denuncias de violaciones,Total,Total,21,No Aplica,"Es el acceso carnal, con introducción total o parcial del miembro viril, por vía oral, anal o vaginal; o la introducción, por vía vaginal o anal, de objetos, dedos u órganos distintos al miembro viril, a una persona de cualquier sexo.",2017,4,Fiscalía General del Estado - INEC,Denuncias,Paz,ODS 16
4006,14,Morona Santiago,0000,Total Nacional,Ecuador,Seguridad interna,Seguridad ciudadana,Denuncias de violaciones,Total,Total,19,No Aplica,"Es el acceso carnal, con introducción total o parcial del miembro viril, por vía oral, anal o vaginal; o la introducción, por vía vaginal o anal, de objetos, dedos u órganos distintos al miembro viril, a una persona de cualquier sexo.",2017,4,Fiscalía General del Estado - INEC,Denuncias,Paz,ODS 16
4006,15,Napo,0000,Total Nacional,Ecuador,Seguridad interna,Seguridad ciudadana,Denuncias de violaciones,Total,Total,4,No Aplica,"Es el acceso carnal, con introducción total o parcial del miembro viril, por vía oral, anal o vaginal; o la introducción, por vía vaginal o anal, de objetos, dedos u órganos distintos al miembro viril, a una persona de cualquier sexo.",2017,4,Fiscalía General del Estado - INEC,Denuncias,Paz,ODS 16
4006,16,Pastaza,0000,Total Nacional,Ecuador,Seguridad interna,Seguridad ciudadana,Denuncias de violaciones,Total,Total,3,No Aplica,"Es el acceso carnal, con introducción total o parcial del miembro viril, por vía oral, anal o vaginal; o la introducción, por vía vaginal o anal, de objetos, dedos u órganos distintos al miembro viril, a una persona de cualquier sexo.",2017,4,Fiscalía General del Estado - INEC,Denuncias,Paz,ODS 16
4006,17,Pichincha,0000,Total Nacional,Ecuador,Seguridad interna,Seguridad ciudadana,Denuncias de violaciones,Total,Total,71,No Aplica,"Es el acceso carnal, con introducción total o parcial del miembro viril, por vía oral, anal o vaginal; o la introducción, por vía vaginal o anal, de objetos, dedos u órganos distintos al miembro viril, a una persona de cualquier sexo.",2017,4,Fiscalía General del Estado - INEC,Denuncias,Paz,ODS 16
4006,18,Tungurahua,0000,Total Nacional,Ecuador,Seguridad interna,Seguridad ciudadana,Denuncias de violaciones,Total,Total,6,No Aplica,"Es el acceso carnal, con introducción total o parcial del miembro viril, por vía oral, anal o vaginal; o la introducción, por vía vaginal o anal, de objetos, dedos u órganos distintos al miembro viril, a una persona de cualquier sexo.",2017,4,Fiscalía General del Estado - INEC,Denuncias,Paz,ODS 16
4006,19,Zamora Chinchipe,0000,Total Nacional,Ecuador,Seguridad interna,Seguridad ciudadana,Denuncias de violaciones,Total,Total,4,No Aplica,"Es el acceso carnal, con introducción total o parcial del miembro viril, por vía oral, anal o vaginal; o la introducción, por vía vaginal o anal, de objetos, dedos u órganos distintos al miembro viril, a una persona de cualquier sexo.",2017,4,Fiscalía General del Estado - INEC,Denuncias,Paz,ODS 16
4006,20,Galápagos,0000,Total Nacional,Ecuador,Seguridad interna,Seguridad ciudadana,Denuncias de violaciones,Total,Total,2,No Aplica,"Es el acceso carnal, con introducción total o parcial del miembro viril, por vía oral, anal o vaginal; o la introducción, por vía vaginal o anal, de objetos, dedos u órganos distintos al miembro viril, a una persona de cualquier sexo.",2017,4,Fiscalía General del Estado - INEC,Denuncias,Paz,ODS 16
4006,21,Sucumbios,0000,Total Nacional,Ecuador,Seguridad interna,Seguridad ciudadana,Denuncias de violaciones,Total,Total,11,No Aplica,"Es el acceso carnal, con introducción total o parcial del miembro viril, por vía oral, anal o vaginal; o la introducción, por vía vaginal o anal, de objetos, dedos u órganos distintos al miembro viril, a una persona de cualquier sexo.",2017,4,Fiscalía General del Estado - INEC,Denuncias,Paz,ODS 16
4006,22,Orellana,0000,Total Nacional,Ecuador,Seguridad interna,Seguridad ciudadana,Denuncias de violaciones,Total,Total,8,No Aplica,"Es el acceso carnal, con introducción total o parcial del miembro viril, por vía oral, anal o vaginal; o la introducción, por vía vaginal o anal, de objetos, dedos u órganos distintos al miembro viril, a una persona de cualquier sexo.",2017,4,Fiscalía General del Estado - INEC,Denuncias,Paz,ODS 16
4006,23,Santo Domingo de los Tsáchilas,0000,Total Nacional,Ecuador,Seguridad interna,Seguridad ciudadana,Denuncias de violaciones,Total,Total,13,No Aplica,"Es el acceso carnal, con introducción total o parcial del miembro viril, por vía oral, anal o vaginal; o la introducción, por vía vaginal o anal, de objetos, dedos u órganos distintos al miembro viril, a una persona de cualquier sexo.",2017,4,Fiscalía General del Estado - INEC,Denuncias,Paz,ODS 16
4006,24,Santa Elena,0000,Total Nacional,Ecuador,Seguridad interna,Seguridad ciudadana,Denuncias de violaciones,Total,Total,7,No Aplica,"Es el acceso carnal, con introducción total o parcial del miembro viril, por vía oral, anal o vaginal; o la introducción, por vía vaginal o anal, de objetos, dedos u órganos distintos al miembro viril, a una persona de cualquier sexo.",2017,4,Fiscalía General del Estado - INEC,Denuncias,Paz,ODS 16
4006,00,Total Nacional,0000,Total Nacional,Ecuador,Seguridad interna,Seguridad ciudadana,Denuncias de violaciones,Total,Total,415,No Aplica,"Es el acceso carnal, con introducción total o parcial del miembro viril, por vía oral, anal o vaginal; o la introducción, por vía vaginal o anal, de objetos, dedos u órganos distintos al miembro viril, a una persona de cualquier sexo.",2017,3,Fiscalía General del Estado - INEC,Denuncias,Paz,ODS 16
4006,01,Azuay,0000,Total Nacional,Ecuador,Seguridad interna,Seguridad ciudadana,Denuncias de violaciones,Total,Total,31,No Aplica,"Es el acceso carnal, con introducción total o parcial del miembro viril, por vía oral, anal o vaginal; o la introducción, por vía vaginal o anal, de objetos, dedos u órganos distintos al miembro viril, a una persona de cualquier sexo.",2017,3,Fiscalía General del Estado - INEC,Denuncias,Paz,ODS 16
4006,02,Bolívar,0000,Total Nacional,Ecuador,Seguridad interna,Seguridad ciudadana,Denuncias de violaciones,Total,Total,6,No Aplica,"Es el acceso carnal, con introducción total o parcial del miembro viril, por vía oral, anal o vaginal; o la introducción, por vía vaginal o anal, de objetos, dedos u órganos distintos al miembro viril, a una persona de cualquier sexo.",2017,3,Fiscalía General del Estado - INEC,Denuncias,Paz,ODS 16
4006,03,Cañar,0000,Total Nacional,Ecuador,Seguridad interna,Seguridad ciudadana,Denuncias de violaciones,Total,Total,5,No Aplica,"Es el acceso carnal, con introducción total o parcial del miembro viril, por vía oral, anal o vaginal; o la introducción, por vía vaginal o anal, de objetos, dedos u órganos distintos al miembro viril, a una persona de cualquier sexo.",2017,3,Fiscalía General del Estado - INEC,Denuncias,Paz,ODS 16
4006,04,Carchi,0000,Total Nacional,Ecuador,Seguridad interna,Seguridad ciudadana,Denuncias de violaciones,Total,Total,5,No Aplica,"Es el acceso carnal, con introducción total o parcial del miembro viril, por vía oral, anal o vaginal; o la introducción, por vía vaginal o anal, de objetos, dedos u órganos distintos al miembro viril, a una persona de cualquier sexo.",2017,3,Fiscalía General del Estado - INEC,Denuncias,Paz,ODS 16
4006,05,Cotopaxi,0000,Total Nacional,Ecuador,Seguridad interna,Seguridad ciudadana,Denuncias de violaciones,Total,Total,10,No Aplica,"Es el acceso carnal, con introducción total o parcial del miembro viril, por vía oral, anal o vaginal; o la introducción, por vía vaginal o anal, de objetos, dedos u órganos distintos al miembro viril, a una persona de cualquier sexo.",2017,3,Fiscalía General del Estado - INEC,Denuncias,Paz,ODS 16
4006,06,Chimborazo,0000,Total Nacional,Ecuador,Seguridad interna,Seguridad ciudadana,Denuncias de violaciones,Total,Total,14,No Aplica,"Es el acceso carnal, con introducción total o parcial del miembro viril, por vía oral, anal o vaginal; o la introducción, por vía vaginal o anal, de objetos, dedos u órganos distintos al miembro viril, a una persona de cualquier sexo.",2017,3,Fiscalía General del Estado - INEC,Denuncias,Paz,ODS 16
4006,07,El Oro,0000,Total Nacional,Ecuador,Seguridad interna,Seguridad ciudadana,Denuncias de violaciones,Total,Total,17,No Aplica,"Es el acceso carnal, con introducción total o parcial del miembro viril, por vía oral, anal o vaginal; o la introducción, por vía vaginal o anal, de objetos, dedos u órganos distintos al miembro viril, a una persona de cualquier sexo.",2017,3,Fiscalía General del Estado - INEC,Denuncias,Paz,ODS 16
4006,08,Esmeraldas,0000,Total Nacional,Ecuador,Seguridad interna,Seguridad ciudadana,Denuncias de violaciones,Total,Total,14,No Aplica,"Es el acceso carnal, con introducción total o parcial del miembro viril, por vía oral, anal o vaginal; o la introducción, por vía vaginal o anal, de objetos, dedos u órganos distintos al miembro viril, a una persona de cualquier sexo.",2017,3,Fiscalía General del Estado - INEC,Denuncias,Paz,ODS 16
4006,09,Guayas,0000,Total Nacional,Ecuador,Seguridad interna,Seguridad ciudadana,Denuncias de violaciones,Total,Total,66,No Aplica,"Es el acceso carnal, con introducción total o parcial del miembro viril, por vía oral, anal o vaginal; o la introducción, por vía vaginal o anal, de objetos, dedos u órganos distintos al miembro viril, a una persona de cualquier sexo.",2017,3,Fiscalía General del Estado - INEC,Denuncias,Paz,ODS 16
4006,10,Imbabura,0000,Total Nacional,Ecuador,Seguridad interna,Seguridad ciudadana,Denuncias de violaciones,Total,Total,15,No Aplica,"Es el acceso carnal, con introducción total o parcial del miembro viril, por vía oral, anal o vaginal; o la introducción, por vía vaginal o anal, de objetos, dedos u órganos distintos al miembro viril, a una persona de cualquier sexo.",2017,3,Fiscalía General del Estado - INEC,Denuncias,Paz,ODS 16
4006,11,Loja,0000,Total Nacional,Ecuador,Seguridad interna,Seguridad ciudadana,Denuncias de violaciones,Total,Total,14,No Aplica,"Es el acceso carnal, con introducción total o parcial del miembro viril, por vía oral, anal o vaginal; o la introducción, por vía vaginal o anal, de objetos, dedos u órganos distintos al miembro viril, a una persona de cualquier sexo.",2017,3,Fiscalía General del Estado - INEC,Denuncias,Paz,ODS 16
4006,12,Los Ríos,0000,Total Nacional,Ecuador,Seguridad interna,Seguridad ciudadana,Denuncias de violaciones,Total,Total,16,No Aplica,"Es el acceso carnal, con introducción total o parcial del miembro viril, por vía oral, anal o vaginal; o la introducción, por vía vaginal o anal, de objetos, dedos u órganos distintos al miembro viril, a una persona de cualquier sexo.",2017,3,Fiscalía General del Estado - INEC,Denuncias,Paz,ODS 16
4006,13,Manabí,0000,Total Nacional,Ecuador,Seguridad interna,Seguridad ciudadana,Denuncias de violaciones,Total,Total,29,No Aplica,"Es el acceso carnal, con introducción total o parcial del miembro viril, por vía oral, anal o vaginal; o la introducción, por vía vaginal o anal, de objetos, dedos u órganos distintos al miembro viril, a una persona de cualquier sexo.",2017,3,Fiscalía General del Estado - INEC,Denuncias,Paz,ODS 16
4006,14,Morona Santiago,0000,Total Nacional,Ecuador,Seguridad interna,Seguridad ciudadana,Denuncias de violaciones,Total,Total,18,No Aplica,"Es el acceso carnal, con introducción total o parcial del miembro viril, por vía oral, anal o vaginal; o la introducción, por vía vaginal o anal, de objetos, dedos u órganos distintos al miembro viril, a una persona de cualquier sexo.",2017,3,Fiscalía General del Estado - INEC,Denuncias,Paz,ODS 16
4006,15,Napo,0000,Total Nacional,Ecuador,Seguridad interna,Seguridad ciudadana,Denuncias de violaciones,Total,Total,9,No Aplica,"Es el acceso carnal, con introducción total o parcial del miembro viril, por vía oral, anal o vaginal; o la introducción, por vía vaginal o anal, de objetos, dedos u órganos distintos al miembro viril, a una persona de cualquier sexo.",2017,3,Fiscalía General del Estado - INEC,Denuncias,Paz,ODS 16
4006,16,Pastaza,0000,Total Nacional,Ecuador,Seguridad interna,Seguridad ciudadana,Denuncias de violaciones,Total,Total,5,No Aplica,"Es el acceso carnal, con introducción total o parcial del miembro viril, por vía oral, anal o vaginal; o la introducción, por vía vaginal o anal, de objetos, dedos u órganos distintos al miembro viril, a una persona de cualquier sexo.",2017,3,Fiscalía General del Estado - INEC,Denuncias,Paz,ODS 16
4006,17,Pichincha,0000,Total Nacional,Ecuador,Seguridad interna,Seguridad ciudadana,Denuncias de violaciones,Total,Total,79,No Aplica,"Es el acceso carnal, con introducción total o parcial del miembro viril, por vía oral, anal o vaginal; o la introducción, por vía vaginal o anal, de objetos, dedos u órganos distintos al miembro viril, a una persona de cualquier sexo.",2017,3,Fiscalía General del Estado - INEC,Denuncias,Paz,ODS 16
4006,18,Tungurahua,0000,Total Nacional,Ecuador,Seguridad interna,Seguridad ciudadana,Denuncias de violaciones,Total,Total,13,No Aplica,"Es el acceso carnal, con introducción total o parcial del miembro viril, por vía oral, anal o vaginal; o la introducción, por vía vaginal o anal, de objetos, dedos u órganos distintos al miembro viril, a una persona de cualquier sexo.",2017,3,Fiscalía General del Estado - INEC,Denuncias,Paz,ODS 16
4006,19,Zamora Chinchipe,0000,Total Nacional,Ecuador,Seguridad interna,Seguridad ciudadana,Denuncias de violaciones,Total,Total,1,No Aplica,"Es el acceso carnal, con introducción total o parcial del miembro viril, por vía oral, anal o vaginal; o la introducción, por vía vaginal o anal, de objetos, dedos u órganos distintos al miembro viril, a una persona de cualquier sexo.",2017,3,Fiscalía General del Estado - INEC,Denuncias,Paz,ODS 16
4006,20,Galápagos,0000,Total Nacional,Ecuador,Seguridad interna,Seguridad ciudadana,Denuncias de violaciones,Total,Total,0,No Aplica,"Es el acceso carnal, con introducción total o parcial del miembro viril, por vía oral, anal o vaginal; o la introducción, por vía vaginal o anal, de objetos, dedos u órganos distintos al miembro viril, a una persona de cualquier sexo.",2017,3,Fiscalía General del Estado - INEC,Denuncias,Paz,ODS 16
4006,21,Sucumbios,0000,Total Nacional,Ecuador,Seguridad interna,Seguridad ciudadana,Denuncias de violaciones,Total,Total,14,No Aplica,"Es el acceso carnal, con introducción total o parcial del miembro viril, por vía oral, anal o vaginal; o la introducción, por vía vaginal o anal, de objetos, dedos u órganos distintos al miembro viril, a una persona de cualquier sexo.",2017,3,Fiscalía General del Estado - INEC,Denuncias,Paz,ODS 16
4006,22,Orellana,0000,Total Nacional,Ecuador,Seguridad interna,Seguridad ciudadana,Denuncias de violaciones,Total,Total,3,No Aplica,"Es el acceso carnal, con introducción total o parcial del miembro viril, por vía oral, anal o vaginal; o la introducción, por vía vaginal o anal, de objetos, dedos u órganos distintos al miembro viril, a una persona de cualquier sexo.",2017,3,Fiscalía General del Estado - INEC,Denuncias,Paz,ODS 16
4006,23,Santo Domingo de los Tsáchilas,0000,Total Nacional,Ecuador,Seguridad interna,Seguridad ciudadana,Denuncias de violaciones,Total,Total,24,No Aplica,"Es el acceso carnal, con introducción total o parcial del miembro viril, por vía oral, anal o vaginal; o la introducción, por vía vaginal o anal, de objetos, dedos u órganos distintos al miembro viril, a una persona de cualquier sexo.",2017,3,Fiscalía General del Estado - INEC,Denuncias,Paz,ODS 16
4006,24,Santa Elena,0000,Total Nacional,Ecuador,Seguridad interna,Seguridad ciudadana,Denuncias de violaciones,Total,Total,7,No Aplica,"Es el acceso carnal, con introducción total o parcial del miembro viril, por vía oral, anal o vaginal; o la introducción, por vía vaginal o anal, de objetos, dedos u órganos distintos al miembro viril, a una persona de cualquier sexo.",2017,3,Fiscalía General del Estado - INEC,Denuncias,Paz,ODS 16
4006,00,Total Nacional,0000,Total Nacional,Ecuador,Seguridad interna,Seguridad ciudadana,Denuncias de violaciones,Total,Total,306,No Aplica,"Es el acceso carnal, con introducción total o parcial del miembro viril, por vía oral, anal o vaginal; o la introducción, por vía vaginal o anal, de objetos, dedos u órganos distintos al miembro viril, a una persona de cualquier sexo.",2017,2,Fiscalía General del Estado - INEC,Denuncias,Paz,ODS 16
4006,01,Azuay,0000,Total Nacional,Ecuador,Seguridad interna,Seguridad ciudadana,Denuncias de violaciones,Total,Total,15,No Aplica,"Es el acceso carnal, con introducción total o parcial del miembro viril, por vía oral, anal o vaginal; o la introducción, por vía vaginal o anal, de objetos, dedos u órganos distintos al miembro viril, a una persona de cualquier sexo.",2017,2,Fiscalía General del Estado - INEC,Denuncias,Paz,ODS 16
4006,02,Bolívar,0000,Total Nacional,Ecuador,Seguridad interna,Seguridad ciudadana,Denuncias de violaciones,Total,Total,5,No Aplica,"Es el acceso carnal, con introducción total o parcial del miembro viril, por vía oral, anal o vaginal; o la introducción, por vía vaginal o anal, de objetos, dedos u órganos distintos al miembro viril, a una persona de cualquier sexo.",2017,2,Fiscalía General del Estado - INEC,Denuncias,Paz,ODS 16
4006,03,Cañar,0000,Total Nacional,Ecuador,Seguridad interna,Seguridad ciudadana,Denuncias de violaciones,Total,Total,4,No Aplica,"Es el acceso carnal, con introducción total o parcial del miembro viril, por vía oral, anal o vaginal; o la introducción, por vía vaginal o anal, de objetos, dedos u órganos distintos al miembro viril, a una persona de cualquier sexo.",2017,2,Fiscalía General del Estado - INEC,Denuncias,Paz,ODS 16
4006,04,Carchi,0000,Total Nacional,Ecuador,Seguridad interna,Seguridad ciudadana,Denuncias de violaciones,Total,Total,4,No Aplica,"Es el acceso carnal, con introducción total o parcial del miembro viril, por vía oral, anal o vaginal; o la introducción, por vía vaginal o anal, de objetos, dedos u órganos distintos al miembro viril, a una persona de cualquier sexo.",2017,2,Fiscalía General del Estado - INEC,Denuncias,Paz,ODS 16
4006,05,Cotopaxi,0000,Total Nacional,Ecuador,Seguridad interna,Seguridad ciudadana,Denuncias de violaciones,Total,Total,12,No Aplica,"Es el acceso carnal, con introducción total o parcial del miembro viril, por vía oral, anal o vaginal; o la introducción, por vía vaginal o anal, de objetos, dedos u órganos distintos al miembro viril, a una persona de cualquier sexo.",2017,2,Fiscalía General del Estado - INEC,Denuncias,Paz,ODS 16
4006,06,Chimborazo,0000,Total Nacional,Ecuador,Seguridad interna,Seguridad ciudadana,Denuncias de violaciones,Total,Total,11,No Aplica,"Es el acceso carnal, con introducción total o parcial del miembro viril, por vía oral, anal o vaginal; o la introducción, por vía vaginal o anal, de objetos, dedos u órganos distintos al miembro viril, a una persona de cualquier sexo.",2017,2,Fiscalía General del Estado - INEC,Denuncias,Paz,ODS 16
4006,07,El Oro,0000,Total Nacional,Ecuador,Seguridad interna,Seguridad ciudadana,Denuncias de violaciones,Total,Total,19,No Aplica,"Es el acceso carnal, con introducción total o parcial del miembro viril, por vía oral, anal o vaginal; o la introducción, por vía vaginal o anal, de objetos, dedos u órganos distintos al miembro viril, a una persona de cualquier sexo.",2017,2,Fiscalía General del Estado - INEC,Denuncias,Paz,ODS 16
4006,08,Esmeraldas,0000,Total Nacional,Ecuador,Seguridad interna,Seguridad ciudadana,Denuncias de violaciones,Total,Total,11,No Aplica,"Es el acceso carnal, con introducción total o parcial del miembro viril, por vía oral, anal o vaginal; o la introducción, por vía vaginal o anal, de objetos, dedos u órganos distintos al miembro viril, a una persona de cualquier sexo.",2017,2,Fiscalía General del Estado - INEC,Denuncias,Paz,ODS 16
4006,09,Guayas,0000,Total Nacional,Ecuador,Seguridad interna,Seguridad ciudadana,Denuncias de violaciones,Total,Total,50,No Aplica,"Es el acceso carnal, con introducción total o parcial del miembro viril, por vía oral, anal o vaginal; o la introducción, por vía vaginal o anal, de objetos, dedos u órganos distintos al miembro viril, a una persona de cualquier sexo.",2017,2,Fiscalía General del Estado - INEC,Denuncias,Paz,ODS 16
4006,10,Imbabura,0000,Total Nacional,Ecuador,Seguridad interna,Seguridad ciudadana,Denuncias de violaciones,Total,Total,12,No Aplica,"Es el acceso carnal, con introducción total o parcial del miembro viril, por vía oral, anal o vaginal; o la introducción, por vía vaginal o anal, de objetos, dedos u órganos distintos al miembro viril, a una persona de cualquier sexo.",2017,2,Fiscalía General del Estado - INEC,Denuncias,Paz,ODS 16
4006,11,Loja,0000,Total Nacional,Ecuador,Seguridad interna,Seguridad ciudadana,Denuncias de violaciones,Total,Total,10,No Aplica,"Es el acceso carnal, con introducción total o parcial del miembro viril, por vía oral, anal o vaginal; o la introducción, por vía vaginal o anal, de objetos, dedos u órganos distintos al miembro viril, a una persona de cualquier sexo.",2017,2,Fiscalía General del Estado - INEC,Denuncias,Paz,ODS 16
4006,12,Los Ríos,0000,Total Nacional,Ecuador,Seguridad interna,Seguridad ciudadana,Denuncias de violaciones,Total,Total,19,No Aplica,"Es el acceso carnal, con introducción total o parcial del miembro viril, por vía oral, anal o vaginal; o la introducción, por vía vaginal o anal, de objetos, dedos u órganos distintos al miembro viril, a una persona de cualquier sexo.",2017,2,Fiscalía General del Estado - INEC,Denuncias,Paz,ODS 16
4006,13,Manabí,0000,Total Nacional,Ecuador,Seguridad interna,Seguridad ciudadana,Denuncias de violaciones,Total,Total,13,No Aplica,"Es el acceso carnal, con introducción total o parcial del miembro viril, por vía oral, anal o vaginal; o la introducción, por vía vaginal o anal, de objetos, dedos u órganos distintos al miembro viril, a una persona de cualquier sexo.",2017,2,Fiscalía General del Estado - INEC,Denuncias,Paz,ODS 16
4006,14,Morona Santiago,0000,Total Nacional,Ecuador,Seguridad interna,Seguridad ciudadana,Denuncias de violaciones,Total,Total,11,No Aplica,"Es el acceso carnal, con introducción total o parcial del miembro viril, por vía oral, anal o vaginal; o la introducción, por vía vaginal o anal, de objetos, dedos u órganos distintos al miembro viril, a una persona de cualquier sexo.",2017,2,Fiscalía General del Estado - INEC,Denuncias,Paz,ODS 16
4006,15,Napo,0000,Total Nacional,Ecuador,Seguridad interna,Seguridad ciudadana,Denuncias de violaciones,Total,Total,5,No Aplica,"Es el acceso carnal, con introducción total o parcial del miembro viril, por vía oral, anal o vaginal; o la introducción, por vía vaginal o anal, de objetos, dedos u órganos distintos al miembro viril, a una persona de cualquier sexo.",2017,2,Fiscalía General del Estado - INEC,Denuncias,Paz,ODS 16
4006,16,Pastaza,0000,Total Nacional,Ecuador,Seguridad interna,Seguridad ciudadana,Denuncias de violaciones,Total,Total,3,No Aplica,"Es el acceso carnal, con introducción total o parcial del miembro viril, por vía oral, anal o vaginal; o la introducción, por vía vaginal o anal, de objetos, dedos u órganos distintos al miembro viril, a una persona de cualquier sexo.",2017,2,Fiscalía General del Estado - INEC,Denuncias,Paz,ODS 16
4006,17,Pichincha,0000,Total Nacional,Ecuador,Seguridad interna,Seguridad ciudadana,Denuncias de violaciones,Total,Total,56,No Aplica,"Es el acceso carnal, con introducción total o parcial del miembro viril, por vía oral, anal o vaginal; o la introducción, por vía vaginal o anal, de objetos, dedos u órganos distintos al miembro viril, a una persona de cualquier sexo.",2017,2,Fiscalía General del Estado - INEC,Denuncias,Paz,ODS 16
4006,18,Tungurahua,0000,Total Nacional,Ecuador,Seguridad interna,Seguridad ciudadana,Denuncias de violaciones,Total,Total,10,No Aplica,"Es el acceso carnal, con introducción total o parcial del miembro viril, por vía oral, anal o vaginal; o la introducción, por vía vaginal o anal, de objetos, dedos u órganos distintos al miembro viril, a una persona de cualquier sexo.",2017,2,Fiscalía General del Estado - INEC,Denuncias,Paz,ODS 16
4006,19,Zamora Chinchipe,0000,Total Nacional,Ecuador,Seguridad interna,Seguridad ciudadana,Denuncias de violaciones,Total,Total,2,No Aplica,"Es el acceso carnal, con introducción total o parcial del miembro viril, por vía oral, anal o vaginal; o la introducción, por vía vaginal o anal, de objetos, dedos u órganos distintos al miembro viril, a una persona de cualquier sexo.",2017,2,Fiscalía General del Estado - INEC,Denuncias,Paz,ODS 16
4006,20,Galápagos,0000,Total Nacional,Ecuador,Seguridad interna,Seguridad ciudadana,Denuncias de violaciones,Total,Total,2,No Aplica,"Es el acceso carnal, con introducción total o parcial del miembro viril, por vía oral, anal o vaginal; o la introducción, por vía vaginal o anal, de objetos, dedos u órganos distintos al miembro viril, a una persona de cualquier sexo.",2017,2,Fiscalía General del Estado - INEC,Denuncias,Paz,ODS 16
4006,21,Sucumbios,0000,Total Nacional,Ecuador,Seguridad interna,Seguridad ciudadana,Denuncias de violaciones,Total,Total,7,No Aplica,"Es el acceso carnal, con introducción total o parcial del miembro viril, por vía oral, anal o vaginal; o la introducción, por vía vaginal o anal, de objetos, dedos u órganos distintos al miembro viril, a una persona de cualquier sexo.",2017,2,Fiscalía General del Estado - INEC,Denuncias,Paz,ODS 16
4006,22,Orellana,0000,Total Nacional,Ecuador,Seguridad interna,Seguridad ciudadana,Denuncias de violaciones,Total,Total,4,No Aplica,"Es el acceso carnal, con introducción total o parcial del miembro viril, por vía oral, anal o vaginal; o la introducción, por vía vaginal o anal, de objetos, dedos u órganos distintos al miembro viril, a una persona de cualquier sexo.",2017,2,Fiscalía General del Estado - INEC,Denuncias,Paz,ODS 16
4006,23,Santo Domingo de los Tsáchilas,0000,Total Nacional,Ecuador,Seguridad interna,Seguridad ciudadana,Denuncias de violaciones,Total,Total,14,No Aplica,"Es el acceso carnal, con introducción total o parcial del miembro viril, por vía oral, anal o vaginal; o la introducción, por vía vaginal o anal, de objetos, dedos u órganos distintos al miembro viril, a una persona de cualquier sexo.",2017,2,Fiscalía General del Estado - INEC,Denuncias,Paz,ODS 16
4006,24,Santa Elena,0000,Total Nacional,Ecuador,Seguridad interna,Seguridad ciudadana,Denuncias de violaciones,Total,Total,7,No Aplica,"Es el acceso carnal, con introducción total o parcial del miembro viril, por vía oral, anal o vaginal; o la introducción, por vía vaginal o anal, de objetos, dedos u órganos distintos al miembro viril, a una persona de cualquier sexo.",2017,2,Fiscalía General del Estado - INEC,Denuncias,Paz,ODS 16
4006,00,Total Nacional,0000,Total Nacional,Ecuador,Seguridad interna,Seguridad ciudadana,Denuncias de violaciones,Total,Total,437,No Aplica,"Es el acceso carnal, con introducción total o parcial del miembro viril, por vía oral, anal o vaginal; o la introducción, por vía vaginal o anal, de objetos, dedos u órganos distintos al miembro viril, a una persona de cualquier sexo.",2017,1,Fiscalía General del Estado - INEC,Denuncias,Paz,ODS 16
4006,01,Azuay,0000,Total Nacional,Ecuador,Seguridad interna,Seguridad ciudadana,Denuncias de violaciones,Total,Total,25,No Aplica,"Es el acceso carnal, con introducción total o parcial del miembro viril, por vía oral, anal o vaginal; o la introducción, por vía vaginal o anal, de objetos, dedos u órganos distintos al miembro viril, a una persona de cualquier sexo.",2017,1,Fiscalía General del Estado - INEC,Denuncias,Paz,ODS 16
4006,02,Bolívar,0000,Total Nacional,Ecuador,Seguridad interna,Seguridad ciudadana,Denuncias de violaciones,Total,Total,2,No Aplica,"Es el acceso carnal, con introducción total o parcial del miembro viril, por vía oral, anal o vaginal; o la introducción, por vía vaginal o anal, de objetos, dedos u órganos distintos al miembro viril, a una persona de cualquier sexo.",2017,1,Fiscalía General del Estado - INEC,Denuncias,Paz,ODS 16
4006,03,Cañar,0000,Total Nacional,Ecuador,Seguridad interna,Seguridad ciudadana,Denuncias de violaciones,Total,Total,7,No Aplica,"Es el acceso carnal, con introducción total o parcial del miembro viril, por vía oral, anal o vaginal; o la introducción, por vía vaginal o anal, de objetos, dedos u órganos distintos al miembro viril, a una persona de cualquier sexo.",2017,1,Fiscalía General del Estado - INEC,Denuncias,Paz,ODS 16
4006,04,Carchi,0000,Total Nacional,Ecuador,Seguridad interna,Seguridad ciudadana,Denuncias de violaciones,Total,Total,4,No Aplica,"Es el acceso carnal, con introducción total o parcial del miembro viril, por vía oral, anal o vaginal; o la introducción, por vía vaginal o anal, de objetos, dedos u órganos distintos al miembro viril, a una persona de cualquier sexo.",2017,1,Fiscalía General del Estado - INEC,Denuncias,Paz,ODS 16
4006,05,Cotopaxi,0000,Total Nacional,Ecuador,Seguridad interna,Seguridad ciudadana,Denuncias de violaciones,Total,Total,6,No Aplica,"Es el acceso carnal, con introducción total o parcial del miembro viril, por vía oral, anal o vaginal; o la introducción, por vía vaginal o anal, de objetos, dedos u órganos distintos al miembro viril, a una persona de cualquier sexo.",2017,1,Fiscalía General del Estado - INEC,Denuncias,Paz,ODS 16
4006,06,Chimborazo,0000,Total Nacional,Ecuador,Seguridad interna,Seguridad ciudadana,Denuncias de violaciones,Total,Total,8,No Aplica,"Es el acceso carnal, con introducción total o parcial del miembro viril, por vía oral, anal o vaginal; o la introducción, por vía vaginal o anal, de objetos, dedos u órganos distintos al miembro viril, a una persona de cualquier sexo.",2017,1,Fiscalía General del Estado - INEC,Denuncias,Paz,ODS 16
4006,07,El Oro,0000,Total Nacional,Ecuador,Seguridad interna,Seguridad ciudadana,Denuncias de violaciones,Total,Total,42,No Aplica,"Es el acceso carnal, con introducción total o parcial del miembro viril, por vía oral, anal o vaginal; o la introducción, por vía vaginal o anal, de objetos, dedos u órganos distintos al miembro viril, a una persona de cualquier sexo.",2017,1,Fiscalía General del Estado - INEC,Denuncias,Paz,ODS 16
4006,08,Esmeraldas,0000,Total Nacional,Ecuador,Seguridad interna,Seguridad ciudadana,Denuncias de violaciones,Total,Total,14,No Aplica,"Es el acceso carnal, con introducción total o parcial del miembro viril, por vía oral, anal o vaginal; o la introducción, por vía vaginal o anal, de objetos, dedos u órganos distintos al miembro viril, a una persona de cualquier sexo.",2017,1,Fiscalía General del Estado - INEC,Denuncias,Paz,ODS 16
4006,09,Guayas,0000,Total Nacional,Ecuador,Seguridad interna,Seguridad ciudadana,Denuncias de violaciones,Total,Total,78,No Aplica,"Es el acceso carnal, con introducción total o parcial del miembro viril, por vía oral, anal o vaginal; o la introducción, por vía vaginal o anal, de objetos, dedos u órganos distintos al miembro viril, a una persona de cualquier sexo.",2017,1,Fiscalía General del Estado - INEC,Denuncias,Paz,ODS 16
4006,10,Imbabura,0000,Total Nacional,Ecuador,Seguridad interna,Seguridad ciudadana,Denuncias de violaciones,Total,Total,14,No Aplica,"Es el acceso carnal, con introducción total o parcial del miembro viril, por vía oral, anal o vaginal; o la introducción, por vía vaginal o anal, de objetos, dedos u órganos distintos al miembro viril, a una persona de cualquier sexo.",2017,1,Fiscalía General del Estado - INEC,Denuncias,Paz,ODS 16
4006,11,Loja,0000,Total Nacional,Ecuador,Seguridad interna,Seguridad ciudadana,Denuncias de violaciones,Total,Total,14,No Aplica,"Es el acceso carnal, con introducción total o parcial del miembro viril, por vía oral, anal o vaginal; o la introducción, por vía vaginal o anal, de objetos, dedos u órganos distintos al miembro viril, a una persona de cualquier sexo.",2017,1,Fiscalía General del Estado - INEC,Denuncias,Paz,ODS 16
4006,12,Los Ríos,0000,Total Nacional,Ecuador,Seguridad interna,Seguridad ciudadana,Denuncias de violaciones,Total,Total,19,No Aplica,"Es el acceso carnal, con introducción total o parcial del miembro viril, por vía oral, anal o vaginal; o la introducción, por vía vaginal o anal, de objetos, dedos u órganos distintos al miembro viril, a una persona de cualquier sexo.",2017,1,Fiscalía General del Estado - INEC,Denuncias,Paz,ODS 16
4006,13,Manabí,0000,Total Nacional,Ecuador,Seguridad interna,Seguridad ciudadana,Denuncias de violaciones,Total,Total,36,No Aplica,"Es el acceso carnal, con introducción total o parcial del miembro viril, por vía oral, anal o vaginal; o la introducción, por vía vaginal o anal, de objetos, dedos u órganos distintos al miembro viril, a una persona de cualquier sexo.",2017,1,Fiscalía General del Estado - INEC,Denuncias,Paz,ODS 16
4006,14,Morona Santiago,0000,Total Nacional,Ecuador,Seguridad interna,Seguridad ciudadana,Denuncias de violaciones,Total,Total,19,No Aplica,"Es el acceso carnal, con introducción total o parcial del miembro viril, por vía oral, anal o vaginal; o la introducción, por vía vaginal o anal, de objetos, dedos u órganos distintos al miembro viril, a una persona de cualquier sexo.",2017,1,Fiscalía General del Estado - INEC,Denuncias,Paz,ODS 16
4006,15,Napo,0000,Total Nacional,Ecuador,Seguridad interna,Seguridad ciudadana,Denuncias de violaciones,Total,Total,4,No Aplica,"Es el acceso carnal, con introducción total o parcial del miembro viril, por vía oral, anal o vaginal; o la introducción, por vía vaginal o anal, de objetos, dedos u órganos distintos al miembro viril, a una persona de cualquier sexo.",2017,1,Fiscalía General del Estado - INEC,Denuncias,Paz,ODS 16
4006,16,Pastaza,0000,Total Nacional,Ecuador,Seguridad interna,Seguridad ciudadana,Denuncias de violaciones,Total,Total,6,No Aplica,"Es el acceso carnal, con introducción total o parcial del miembro viril, por vía oral, anal o vaginal; o la introducción, por vía vaginal o anal, de objetos, dedos u órganos distintos al miembro viril, a una persona de cualquier sexo.",2017,1,Fiscalía General del Estado - INEC,Denuncias,Paz,ODS 16
4006,17,Pichincha,0000,Total Nacional,Ecuador,Seguridad interna,Seguridad ciudadana,Denuncias de violaciones,Total,Total,80,No Aplica,"Es el acceso carnal, con introducción total o parcial del miembro viril, por vía oral, anal o vaginal; o la introducción, por vía vaginal o anal, de objetos, dedos u órganos distintos al miembro viril, a una persona de cualquier sexo.",2017,1,Fiscalía General del Estado - INEC,Denuncias,Paz,ODS 16
4006,18,Tungurahua,0000,Total Nacional,Ecuador,Seguridad interna,Seguridad ciudadana,Denuncias de violaciones,Total,Total,10,No Aplica,"Es el acceso carnal, con introducción total o parcial del miembro viril, por vía oral, anal o vaginal; o la introducción, por vía vaginal o anal, de objetos, dedos u órganos distintos al miembro viril, a una persona de cualquier sexo.",2017,1,Fiscalía General del Estado - INEC,Denuncias,Paz,ODS 16
4006,19,Zamora Chinchipe,0000,Total Nacional,Ecuador,Seguridad interna,Seguridad ciudadana,Denuncias de violaciones,Total,Total,1,No Aplica,"Es el acceso carnal, con introducción total o parcial del miembro viril, por vía oral, anal o vaginal; o la introducción, por vía vaginal o anal, de objetos, dedos u órganos distintos al miembro viril, a una persona de cualquier sexo.",2017,1,Fiscalía General del Estado - INEC,Denuncias,Paz,ODS 16
4006,20,Galápagos,0000,Total Nacional,Ecuador,Seguridad interna,Seguridad ciudadana,Denuncias de violaciones,Total,Total,0,No Aplica,"Es el acceso carnal, con introducción total o parcial del miembro viril, por vía oral, anal o vaginal; o la introducción, por vía vaginal o anal, de objetos, dedos u órganos distintos al miembro viril, a una persona de cualquier sexo.",2017,1,Fiscalía General del Estado - INEC,Denuncias,Paz,ODS 16
4006,21,Sucumbios,0000,Total Nacional,Ecuador,Seguridad interna,Seguridad ciudadana,Denuncias de violaciones,Total,Total,9,No Aplica,"Es el acceso carnal, con introducción total o parcial del miembro viril, por vía oral, anal o vaginal; o la introducción, por vía vaginal o anal, de objetos, dedos u órganos distintos al miembro viril, a una persona de cualquier sexo.",2017,1,Fiscalía General del Estado - INEC,Denuncias,Paz,ODS 16
4006,22,Orellana,0000,Total Nacional,Ecuador,Seguridad interna,Seguridad ciudadana,Denuncias de violaciones,Total,Total,11,No Aplica,"Es el acceso carnal, con introducción total o parcial del miembro viril, por vía oral, anal o vaginal; o la introducción, por vía vaginal o anal, de objetos, dedos u órganos distintos al miembro viril, a una persona de cualquier sexo.",2017,1,Fiscalía General del Estado - INEC,Denuncias,Paz,ODS 16
4006,23,Santo Domingo de los Tsáchilas,0000,Total Nacional,Ecuador,Seguridad interna,Seguridad ciudadana,Denuncias de violaciones,Total,Total,22,No Aplica,"Es el acceso carnal, con introducción total o parcial del miembro viril, por vía oral, anal o vaginal; o la introducción, por vía vaginal o anal, de objetos, dedos u órganos distintos al miembro viril, a una persona de cualquier sexo.",2017,1,Fiscalía General del Estado - INEC,Denuncias,Paz,ODS 16
4006,24,Santa Elena,0000,Total Nacional,Ecuador,Seguridad interna,Seguridad ciudadana,Denuncias de violaciones,Total,Total,6,No Aplica,"Es el acceso carnal, con introducción total o parcial del miembro viril, por vía oral, anal o vaginal; o la introducción, por vía vaginal o anal, de objetos, dedos u órganos distintos al miembro viril, a una persona de cualquier sexo.",2017,1,Fiscalía General del Estado - INEC,Denuncias,Paz,ODS 16
4006,00,Total Nacional,0000,Total Nacional,Ecuador,Seguridad interna,Seguridad ciudadana,Denuncias de violaciones,Total,Total,375,No Aplica,"Es el acceso carnal, con introducción total o parcial del miembro viril, por vía oral, anal o vaginal; o la introducción, por vía vaginal o anal, de objetos, dedos u órganos distintos al miembro viril, a una persona de cualquier sexo.",2016,12,Fiscalía General del Estado - INEC,Denuncias,Paz,ODS 16
4006,01,Azuay,0000,Total Nacional,Ecuador,Seguridad interna,Seguridad ciudadana,Denuncias de violaciones,Total,Total,19,No Aplica,"Es el acceso carnal, con introducción total o parcial del miembro viril, por vía oral, anal o vaginal; o la introducción, por vía vaginal o anal, de objetos, dedos u órganos distintos al miembro viril, a una persona de cualquier sexo.",2016,12,Fiscalía General del Estado - INEC,Denuncias,Paz,ODS 16
4006,02,Bolívar,0000,Total Nacional,Ecuador,Seguridad interna,Seguridad ciudadana,Denuncias de violaciones,Total,Total,6,No Aplica,"Es el acceso carnal, con introducción total o parcial del miembro viril, por vía oral, anal o vaginal; o la introducción, por vía vaginal o anal, de objetos, dedos u órganos distintos al miembro viril, a una persona de cualquier sexo.",2016,12,Fiscalía General del Estado - INEC,Denuncias,Paz,ODS 16
4006,03,Cañar,0000,Total Nacional,Ecuador,Seguridad interna,Seguridad ciudadana,Denuncias de violaciones,Total,Total,3,No Aplica,"Es el acceso carnal, con introducción total o parcial del miembro viril, por vía oral, anal o vaginal; o la introducción, por vía vaginal o anal, de objetos, dedos u órganos distintos al miembro viril, a una persona de cualquier sexo.",2016,12,Fiscalía General del Estado - INEC,Denuncias,Paz,ODS 16
4006,04,Carchi,0000,Total Nacional,Ecuador,Seguridad interna,Seguridad ciudadana,Denuncias de violaciones,Total,Total,2,No Aplica,"Es el acceso carnal, con introducción total o parcial del miembro viril, por vía oral, anal o vaginal; o la introducción, por vía vaginal o anal, de objetos, dedos u órganos distintos al miembro viril, a una persona de cualquier sexo.",2016,12,Fiscalía General del Estado - INEC,Denuncias,Paz,ODS 16
4006,05,Cotopaxi,0000,Total Nacional,Ecuador,Seguridad interna,Seguridad ciudadana,Denuncias de violaciones,Total,Total,12,No Aplica,"Es el acceso carnal, con introducción total o parcial del miembro viril, por vía oral, anal o vaginal; o la introducción, por vía vaginal o anal, de objetos, dedos u órganos distintos al miembro viril, a una persona de cualquier sexo.",2016,12,Fiscalía General del Estado - INEC,Denuncias,Paz,ODS 16
4006,06,Chimborazo,0000,Total Nacional,Ecuador,Seguridad interna,Seguridad ciudadana,Denuncias de violaciones,Total,Total,11,No Aplica,"Es el acceso carnal, con introducción total o parcial del miembro viril, por vía oral, anal o vaginal; o la introducción, por vía vaginal o anal, de objetos, dedos u órganos distintos al miembro viril, a una persona de cualquier sexo.",2016,12,Fiscalía General del Estado - INEC,Denuncias,Paz,ODS 16
4006,07,El Oro,0000,Total Nacional,Ecuador,Seguridad interna,Seguridad ciudadana,Denuncias de violaciones,Total,Total,18,No Aplica,"Es el acceso carnal, con introducción total o parcial del miembro viril, por vía oral, anal o vaginal; o la introducción, por vía vaginal o anal, de objetos, dedos u órganos distintos al miembro viril, a una persona de cualquier sexo.",2016,12,Fiscalía General del Estado - INEC,Denuncias,Paz,ODS 16
4006,08,Esmeraldas,0000,Total Nacional,Ecuador,Seguridad interna,Seguridad ciudadana,Denuncias de violaciones,Total,Total,19,No Aplica,"Es el acceso carnal, con introducción total o parcial del miembro viril, por vía oral, anal o vaginal; o la introducción, por vía vaginal o anal, de objetos, dedos u órganos distintos al miembro viril, a una persona de cualquier sexo.",2016,12,Fiscalía General del Estado - INEC,Denuncias,Paz,ODS 16
4006,09,Guayas,0000,Total Nacional,Ecuador,Seguridad interna,Seguridad ciudadana,Denuncias de violaciones,Total,Total,71,No Aplica,"Es el acceso carnal, con introducción total o parcial del miembro viril, por vía oral, anal o vaginal; o la introducción, por vía vaginal o anal, de objetos, dedos u órganos distintos al miembro viril, a una persona de cualquier sexo.",2016,12,Fiscalía General del Estado - INEC,Denuncias,Paz,ODS 16
4006,10,Imbabura,0000,Total Nacional,Ecuador,Seguridad interna,Seguridad ciudadana,Denuncias de violaciones,Total,Total,10,No Aplica,"Es el acceso carnal, con introducción total o parcial del miembro viril, por vía oral, anal o vaginal; o la introducción, por vía vaginal o anal, de objetos, dedos u órganos distintos al miembro viril, a una persona de cualquier sexo.",2016,12,Fiscalía General del Estado - INEC,Denuncias,Paz,ODS 16
4006,11,Loja,0000,Total Nacional,Ecuador,Seguridad interna,Seguridad ciudadana,Denuncias de violaciones,Total,Total,6,No Aplica,"Es el acceso carnal, con introducción total o parcial del miembro viril, por vía oral, anal o vaginal; o la introducción, por vía vaginal o anal, de objetos, dedos u órganos distintos al miembro viril, a una persona de cualquier sexo.",2016,12,Fiscalía General del Estado - INEC,Denuncias,Paz,ODS 16
4006,12,Los Ríos,0000,Total Nacional,Ecuador,Seguridad interna,Seguridad ciudadana,Denuncias de violaciones,Total,Total,29,No Aplica,"Es el acceso carnal, con introducción total o parcial del miembro viril, por vía oral, anal o vaginal; o la introducción, por vía vaginal o anal, de objetos, dedos u órganos distintos al miembro viril, a una persona de cualquier sexo.",2016,12,Fiscalía General del Estado - INEC,Denuncias,Paz,ODS 16
4006,13,Manabí,0000,Total Nacional,Ecuador,Seguridad interna,Seguridad ciudadana,Denuncias de violaciones,Total,Total,32,No Aplica,"Es el acceso carnal, con introducción total o parcial del miembro viril, por vía oral, anal o vaginal; o la introducción, por vía vaginal o anal, de objetos, dedos u órganos distintos al miembro viril, a una persona de cualquier sexo.",2016,12,Fiscalía General del Estado - INEC,Denuncias,Paz,ODS 16
4006,14,Morona Santiago,0000,Total Nacional,Ecuador,Seguridad interna,Seguridad ciudadana,Denuncias de violaciones,Total,Total,11,No Aplica,"Es el acceso carnal, con introducción total o parcial del miembro viril, por vía oral, anal o vaginal; o la introducción, por vía vaginal o anal, de objetos, dedos u órganos distintos al miembro viril, a una persona de cualquier sexo.",2016,12,Fiscalía General del Estado - INEC,Denuncias,Paz,ODS 16
4006,15,Napo,0000,Total Nacional,Ecuador,Seguridad interna,Seguridad ciudadana,Denuncias de violaciones,Total,Total,2,No Aplica,"Es el acceso carnal, con introducción total o parcial del miembro viril, por vía oral, anal o vaginal; o la introducción, por vía vaginal o anal, de objetos, dedos u órganos distintos al miembro viril, a una persona de cualquier sexo.",2016,12,Fiscalía General del Estado - INEC,Denuncias,Paz,ODS 16
4006,16,Pastaza,0000,Total Nacional,Ecuador,Seguridad interna,Seguridad ciudadana,Denuncias de violaciones,Total,Total,3,No Aplica,"Es el acceso carnal, con introducción total o parcial del miembro viril, por vía oral, anal o vaginal; o la introducción, por vía vaginal o anal, de objetos, dedos u órganos distintos al miembro viril, a una persona de cualquier sexo.",2016,12,Fiscalía General del Estado - INEC,Denuncias,Paz,ODS 16
4006,17,Pichincha,0000,Total Nacional,Ecuador,Seguridad interna,Seguridad ciudadana,Denuncias de violaciones,Total,Total,59,No Aplica,"Es el acceso carnal, con introducción total o parcial del miembro viril, por vía oral, anal o vaginal; o la introducción, por vía vaginal o anal, de objetos, dedos u órganos distintos al miembro viril, a una persona de cualquier sexo.",2016,12,Fiscalía General del Estado - INEC,Denuncias,Paz,ODS 16
4006,18,Tungurahua,0000,Total Nacional,Ecuador,Seguridad interna,Seguridad ciudadana,Denuncias de violaciones,Total,Total,12,No Aplica,"Es el acceso carnal, con introducción total o parcial del miembro viril, por vía oral, anal o vaginal; o la introducción, por vía vaginal o anal, de objetos, dedos u órganos distintos al miembro viril, a una persona de cualquier sexo.",2016,12,Fiscalía General del Estado - INEC,Denuncias,Paz,ODS 16
4006,19,Zamora Chinchipe,0000,Total Nacional,Ecuador,Seguridad interna,Seguridad ciudadana,Denuncias de violaciones,Total,Total,3,No Aplica,"Es el acceso carnal, con introducción total o parcial del miembro viril, por vía oral, anal o vaginal; o la introducción, por vía vaginal o anal, de objetos, dedos u órganos distintos al miembro viril, a una persona de cualquier sexo.",2016,12,Fiscalía General del Estado - INEC,Denuncias,Paz,ODS 16
4006,20,Galápagos,0000,Total Nacional,Ecuador,Seguridad interna,Seguridad ciudadana,Denuncias de violaciones,Total,Total,2,No Aplica,"Es el acceso carnal, con introducción total o parcial del miembro viril, por vía oral, anal o vaginal; o la introducción, por vía vaginal o anal, de objetos, dedos u órganos distintos al miembro viril, a una persona de cualquier sexo.",2016,12,Fiscalía General del Estado - INEC,Denuncias,Paz,ODS 16
4006,21,Sucumbios,0000,Total Nacional,Ecuador,Seguridad interna,Seguridad ciudadana,Denuncias de violaciones,Total,Total,9,No Aplica,"Es el acceso carnal, con introducción total o parcial del miembro viril, por vía oral, anal o vaginal; o la introducción, por vía vaginal o anal, de objetos, dedos u órganos distintos al miembro viril, a una persona de cualquier sexo.",2016,12,Fiscalía General del Estado - INEC,Denuncias,Paz,ODS 16
4006,22,Orellana,0000,Total Nacional,Ecuador,Seguridad interna,Seguridad ciudadana,Denuncias de violaciones,Total,Total,6,No Aplica,"Es el acceso carnal, con introducción total o parcial del miembro viril, por vía oral, anal o vaginal; o la introducción, por vía vaginal o anal, de objetos, dedos u órganos distintos al miembro viril, a una persona de cualquier sexo.",2016,12,Fiscalía General del Estado - INEC,Denuncias,Paz,ODS 16
4006,23,Santo Domingo de los Tsáchilas,0000,Total Nacional,Ecuador,Seguridad interna,Seguridad ciudadana,Denuncias de violaciones,Total,Total,24,No Aplica,"Es el acceso carnal, con introducción total o parcial del miembro viril, por vía oral, anal o vaginal; o la introducción, por vía vaginal o anal, de objetos, dedos u órganos distintos al miembro viril, a una persona de cualquier sexo.",2016,12,Fiscalía General del Estado - INEC,Denuncias,Paz,ODS 16
4006,24,Santa Elena,0000,Total Nacional,Ecuador,Seguridad interna,Seguridad ciudadana,Denuncias de violaciones,Total,Total,6,No Aplica,"Es el acceso carnal, con introducción total o parcial del miembro viril, por vía oral, anal o vaginal; o la introducción, por vía vaginal o anal, de objetos, dedos u órganos distintos al miembro viril, a una persona de cualquier sexo.",2016,12,Fiscalía General del Estado - INEC,Denuncias,Paz,ODS 16
4006,00,Total Nacional,0000,Total Nacional,Ecuador,Seguridad interna,Seguridad ciudadana,Denuncias de violaciones,Total,Total,382,No Aplica,"Es el acceso carnal, con introducción total o parcial del miembro viril, por vía oral, anal o vaginal; o la introducción, por vía vaginal o anal, de objetos, dedos u órganos distintos al miembro viril, a una persona de cualquier sexo.",2016,11,Fiscalía General del Estado - INEC,Denuncias,Paz,ODS 16
4006,01,Azuay,0000,Total Nacional,Ecuador,Seguridad interna,Seguridad ciudadana,Denuncias de violaciones,Total,Total,30,No Aplica,"Es el acceso carnal, con introducción total o parcial del miembro viril, por vía oral, anal o vaginal; o la introducción, por vía vaginal o anal, de objetos, dedos u órganos distintos al miembro viril, a una persona de cualquier sexo.",2016,11,Fiscalía General del Estado - INEC,Denuncias,Paz,ODS 16
4006,02,Bolívar,0000,Total Nacional,Ecuador,Seguridad interna,Seguridad ciudadana,Denuncias de violaciones,Total,Total,4,No Aplica,"Es el acceso carnal, con introducción total o parcial del miembro viril, por vía oral, anal o vaginal; o la introducción, por vía vaginal o anal, de objetos, dedos u órganos distintos al miembro viril, a una persona de cualquier sexo.",2016,11,Fiscalía General del Estado - INEC,Denuncias,Paz,ODS 16
4006,03,Cañar,0000,Total Nacional,Ecuador,Seguridad interna,Seguridad ciudadana,Denuncias de violaciones,Total,Total,12,No Aplica,"Es el acceso carnal, con introducción total o parcial del miembro viril, por vía oral, anal o vaginal; o la introducción, por vía vaginal o anal, de objetos, dedos u órganos distintos al miembro viril, a una persona de cualquier sexo.",2016,11,Fiscalía General del Estado - INEC,Denuncias,Paz,ODS 16
4006,04,Carchi,0000,Total Nacional,Ecuador,Seguridad interna,Seguridad ciudadana,Denuncias de violaciones,Total,Total,4,No Aplica,"Es el acceso carnal, con introducción total o parcial del miembro viril, por vía oral, anal o vaginal; o la introducción, por vía vaginal o anal, de objetos, dedos u órganos distintos al miembro viril, a una persona de cualquier sexo.",2016,11,Fiscalía General del Estado - INEC,Denuncias,Paz,ODS 16
4006,05,Cotopaxi,0000,Total Nacional,Ecuador,Seguridad interna,Seguridad ciudadana,Denuncias de violaciones,Total,Total,8,No Aplica,"Es el acceso carnal, con introducción total o parcial del miembro viril, por vía oral, anal o vaginal; o la introducción, por vía vaginal o anal, de objetos, dedos u órganos distintos al miembro viril, a una persona de cualquier sexo.",2016,11,Fiscalía General del Estado - INEC,Denuncias,Paz,ODS 16
4006,06,Chimborazo,0000,Total Nacional,Ecuador,Seguridad interna,Seguridad ciudadana,Denuncias de violaciones,Total,Total,10,No Aplica,"Es el acceso carnal, con introducción total o parcial del miembro viril, por vía oral, anal o vaginal; o la introducción, por vía vaginal o anal, de objetos, dedos u órganos distintos al miembro viril, a una persona de cualquier sexo.",2016,11,Fiscalía General del Estado - INEC,Denuncias,Paz,ODS 16
4006,07,El Oro,0000,Total Nacional,Ecuador,Seguridad interna,Seguridad ciudadana,Denuncias de violaciones,Total,Total,27,No Aplica,"Es el acceso carnal, con introducción total o parcial del miembro viril, por vía oral, anal o vaginal; o la introducción, por vía vaginal o anal, de objetos, dedos u órganos distintos al miembro viril, a una persona de cualquier sexo.",2016,11,Fiscalía General del Estado - INEC,Denuncias,Paz,ODS 16
4006,08,Esmeraldas,0000,Total Nacional,Ecuador,Seguridad interna,Seguridad ciudadana,Denuncias de violaciones,Total,Total,10,No Aplica,"Es el acceso carnal, con introducción total o parcial del miembro viril, por vía oral, anal o vaginal; o la introducción, por vía vaginal o anal, de objetos, dedos u órganos distintos al miembro viril, a una persona de cualquier sexo.",2016,11,Fiscalía General del Estado - INEC,Denuncias,Paz,ODS 16
4006,09,Guayas,0000,Total Nacional,Ecuador,Seguridad interna,Seguridad ciudadana,Denuncias de violaciones,Total,Total,65,No Aplica,"Es el acceso carnal, con introducción total o parcial del miembro viril, por vía oral, anal o vaginal; o la introducción, por vía vaginal o anal, de objetos, dedos u órganos distintos al miembro viril, a una persona de cualquier sexo.",2016,11,Fiscalía General del Estado - INEC,Denuncias,Paz,ODS 16
4006,10,Imbabura,0000,Total Nacional,Ecuador,Seguridad interna,Seguridad ciudadana,Denuncias de violaciones,Total,Total,10,No Aplica,"Es el acceso carnal, con introducción total o parcial del miembro viril, por vía oral, anal o vaginal; o la introducción, por vía vaginal o anal, de objetos, dedos u órganos distintos al miembro viril, a una persona de cualquier sexo.",2016,11,Fiscalía General del Estado - INEC,Denuncias,Paz,ODS 16
4006,11,Loja,0000,Total Nacional,Ecuador,Seguridad interna,Seguridad ciudadana,Denuncias de violaciones,Total,Total,11,No Aplica,"Es el acceso carnal, con introducción total o parcial del miembro viril, por vía oral, anal o vaginal; o la introducción, por vía vaginal o anal, de objetos, dedos u órganos distintos al miembro viril, a una persona de cualquier sexo.",2016,11,Fiscalía General del Estado - INEC,Denuncias,Paz,ODS 16
4006,12,Los Ríos,0000,Total Nacional,Ecuador,Seguridad interna,Seguridad ciudadana,Denuncias de violaciones,Total,Total,12,No Aplica,"Es el acceso carnal, con introducción total o parcial del miembro viril, por vía oral, anal o vaginal; o la introducción, por vía vaginal o anal, de objetos, dedos u órganos distintos al miembro viril, a una persona de cualquier sexo.",2016,11,Fiscalía General del Estado - INEC,Denuncias,Paz,ODS 16
4006,13,Manabí,0000,Total Nacional,Ecuador,Seguridad interna,Seguridad ciudadana,Denuncias de violaciones,Total,Total,32,No Aplica,"Es el acceso carnal, con introducción total o parcial del miembro viril, por vía oral, anal o vaginal; o la introducción, por vía vaginal o anal, de objetos, dedos u órganos distintos al miembro viril, a una persona de cualquier sexo.",2016,11,Fiscalía General del Estado - INEC,Denuncias,Paz,ODS 16
4006,14,Morona Santiago,0000,Total Nacional,Ecuador,Seguridad interna,Seguridad ciudadana,Denuncias de violaciones,Total,Total,15,No Aplica,"Es el acceso carnal, con introducción total o parcial del miembro viril, por vía oral, anal o vaginal; o la introducción, por vía vaginal o anal, de objetos, dedos u órganos distintos al miembro viril, a una persona de cualquier sexo.",2016,11,Fiscalía General del Estado - INEC,Denuncias,Paz,ODS 16
4006,15,Napo,0000,Total Nacional,Ecuador,Seguridad interna,Seguridad ciudadana,Denuncias de violaciones,Total,Total,8,No Aplica,"Es el acceso carnal, con introducción total o parcial del miembro viril, por vía oral, anal o vaginal; o la introducción, por vía vaginal o anal, de objetos, dedos u órganos distintos al miembro viril, a una persona de cualquier sexo.",2016,11,Fiscalía General del Estado - INEC,Denuncias,Paz,ODS 16
4006,16,Pastaza,0000,Total Nacional,Ecuador,Seguridad interna,Seguridad ciudadana,Denuncias de violaciones,Total,Total,4,No Aplica,"Es el acceso carnal, con introducción total o parcial del miembro viril, por vía oral, anal o vaginal; o la introducción, por vía vaginal o anal, de objetos, dedos u órganos distintos al miembro viril, a una persona de cualquier sexo.",2016,11,Fiscalía General del Estado - INEC,Denuncias,Paz,ODS 16
4006,17,Pichincha,0000,Total Nacional,Ecuador,Seguridad interna,Seguridad ciudadana,Denuncias de violaciones,Total,Total,72,No Aplica,"Es el acceso carnal, con introducción total o parcial del miembro viril, por vía oral, anal o vaginal; o la introducción, por vía vaginal o anal, de objetos, dedos u órganos distintos al miembro viril, a una persona de cualquier sexo.",2016,11,Fiscalía General del Estado - INEC,Denuncias,Paz,ODS 16
4006,18,Tungurahua,0000,Total Nacional,Ecuador,Seguridad interna,Seguridad ciudadana,Denuncias de violaciones,Total,Total,8,No Aplica,"Es el acceso carnal, con introducción total o parcial del miembro viril, por vía oral, anal o vaginal; o la introducción, por vía vaginal o anal, de objetos, dedos u órganos distintos al miembro viril, a una persona de cualquier sexo.",2016,11,Fiscalía General del Estado - INEC,Denuncias,Paz,ODS 16
4006,19,Zamora Chinchipe,0000,Total Nacional,Ecuador,Seguridad interna,Seguridad ciudadana,Denuncias de violaciones,Total,Total,2,No Aplica,"Es el acceso carnal, con introducción total o parcial del miembro viril, por vía oral, anal o vaginal; o la introducción, por vía vaginal o anal, de objetos, dedos u órganos distintos al miembro viril, a una persona de cualquier sexo.",2016,11,Fiscalía General del Estado - INEC,Denuncias,Paz,ODS 16
4006,20,Galápagos,0000,Total Nacional,Ecuador,Seguridad interna,Seguridad ciudadana,Denuncias de violaciones,Total,Total,3,No Aplica,"Es el acceso carnal, con introducción total o parcial del miembro viril, por vía oral, anal o vaginal; o la introducción, por vía vaginal o anal, de objetos, dedos u órganos distintos al miembro viril, a una persona de cualquier sexo.",2016,11,Fiscalía General del Estado - INEC,Denuncias,Paz,ODS 16
4006,21,Sucumbios,0000,Total Nacional,Ecuador,Seguridad interna,Seguridad ciudadana,Denuncias de violaciones,Total,Total,9,No Aplica,"Es el acceso carnal, con introducción total o parcial del miembro viril, por vía oral, anal o vaginal; o la introducción, por vía vaginal o anal, de objetos, dedos u órganos distintos al miembro viril, a una persona de cualquier sexo.",2016,11,Fiscalía General del Estado - INEC,Denuncias,Paz,ODS 16
4006,22,Orellana,0000,Total Nacional,Ecuador,Seguridad interna,Seguridad ciudadana,Denuncias de violaciones,Total,Total,4,No Aplica,"Es el acceso carnal, con introducción total o parcial del miembro viril, por vía oral, anal o vaginal; o la introducción, por vía vaginal o anal, de objetos, dedos u órganos distintos al miembro viril, a una persona de cualquier sexo.",2016,11,Fiscalía General del Estado - INEC,Denuncias,Paz,ODS 16
4006,23,Santo Domingo de los Tsáchilas,0000,Total Nacional,Ecuador,Seguridad interna,Seguridad ciudadana,Denuncias de violaciones,Total,Total,12,No Aplica,"Es el acceso carnal, con introducción total o parcial del miembro viril, por vía oral, anal o vaginal; o la introducción, por vía vaginal o anal, de objetos, dedos u órganos distintos al miembro viril, a una persona de cualquier sexo.",2016,11,Fiscalía General del Estado - INEC,Denuncias,Paz,ODS 16
4006,24,Santa Elena,0000,Total Nacional,Ecuador,Seguridad interna,Seguridad ciudadana,Denuncias de violaciones,Total,Total,10,No Aplica,"Es el acceso carnal, con introducción total o parcial del miembro viril, por vía oral, anal o vaginal; o la introducción, por vía vaginal o anal, de objetos, dedos u órganos distintos al miembro viril, a una persona de cualquier sexo.",2016,11,Fiscalía General del Estado - INEC,Denuncias,Paz,ODS 16
4006,00,Total Nacional,0000,Total Nacional,Ecuador,Seguridad interna,Seguridad ciudadana,Denuncias de violaciones,Total,Total,384,No Aplica,"Es el acceso carnal, con introducción total o parcial del miembro viril, por vía oral, anal o vaginal; o la introducción, por vía vaginal o anal, de objetos, dedos u órganos distintos al miembro viril, a una persona de cualquier sexo.",2016,10,Fiscalía General del Estado - INEC,Denuncias,Paz,ODS 16
4006,01,Azuay,0000,Total Nacional,Ecuador,Seguridad interna,Seguridad ciudadana,Denuncias de violaciones,Total,Total,19,No Aplica,"Es el acceso carnal, con introducción total o parcial del miembro viril, por vía oral, anal o vaginal; o la introducción, por vía vaginal o anal, de objetos, dedos u órganos distintos al miembro viril, a una persona de cualquier sexo.",2016,10,Fiscalía General del Estado - INEC,Denuncias,Paz,ODS 16
4006,02,Bolívar,0000,Total Nacional,Ecuador,Seguridad interna,Seguridad ciudadana,Denuncias de violaciones,Total,Total,4,No Aplica,"Es el acceso carnal, con introducción total o parcial del miembro viril, por vía oral, anal o vaginal; o la introducción, por vía vaginal o anal, de objetos, dedos u órganos distintos al miembro viril, a una persona de cualquier sexo.",2016,10,Fiscalía General del Estado - INEC,Denuncias,Paz,ODS 16
4006,03,Cañar,0000,Total Nacional,Ecuador,Seguridad interna,Seguridad ciudadana,Denuncias de violaciones,Total,Total,4,No Aplica,"Es el acceso carnal, con introducción total o parcial del miembro viril, por vía oral, anal o vaginal; o la introducción, por vía vaginal o anal, de objetos, dedos u órganos distintos al miembro viril, a una persona de cualquier sexo.",2016,10,Fiscalía General del Estado - INEC,Denuncias,Paz,ODS 16
4006,04,Carchi,0000,Total Nacional,Ecuador,Seguridad interna,Seguridad ciudadana,Denuncias de violaciones,Total,Total,2,No Aplica,"Es el acceso carnal, con introducción total o parcial del miembro viril, por vía oral, anal o vaginal; o la introducción, por vía vaginal o anal, de objetos, dedos u órganos distintos al miembro viril, a una persona de cualquier sexo.",2016,10,Fiscalía General del Estado - INEC,Denuncias,Paz,ODS 16
4006,05,Cotopaxi,0000,Total Nacional,Ecuador,Seguridad interna,Seguridad ciudadana,Denuncias de violaciones,Total,Total,5,No Aplica,"Es el acceso carnal, con introducción total o parcial del miembro viril, por vía oral, anal o vaginal; o la introducción, por vía vaginal o anal, de objetos, dedos u órganos distintos al miembro viril, a una persona de cualquier sexo.",2016,10,Fiscalía General del Estado - INEC,Denuncias,Paz,ODS 16
4006,06,Chimborazo,0000,Total Nacional,Ecuador,Seguridad interna,Seguridad ciudadana,Denuncias de violaciones,Total,Total,13,No Aplica,"Es el acceso carnal, con introducción total o parcial del miembro viril, por vía oral, anal o vaginal; o la introducción, por vía vaginal o anal, de objetos, dedos u órganos distintos al miembro viril, a una persona de cualquier sexo.",2016,10,Fiscalía General del Estado - INEC,Denuncias,Paz,ODS 16
4006,07,El Oro,0000,Total Nacional,Ecuador,Seguridad interna,Seguridad ciudadana,Denuncias de violaciones,Total,Total,20,No Aplica,"Es el acceso carnal, con introducción total o parcial del miembro viril, por vía oral, anal o vaginal; o la introducción, por vía vaginal o anal, de objetos, dedos u órganos distintos al miembro viril, a una persona de cualquier sexo.",2016,10,Fiscalía General del Estado - INEC,Denuncias,Paz,ODS 16
4006,08,Esmeraldas,0000,Total Nacional,Ecuador,Seguridad interna,Seguridad ciudadana,Denuncias de violaciones,Total,Total,16,No Aplica,"Es el acceso carnal, con introducción total o parcial del miembro viril, por vía oral, anal o vaginal; o la introducción, por vía vaginal o anal, de objetos, dedos u órganos distintos al miembro viril, a una persona de cualquier sexo.",2016,10,Fiscalía General del Estado - INEC,Denuncias,Paz,ODS 16
4006,09,Guayas,0000,Total Nacional,Ecuador,Seguridad interna,Seguridad ciudadana,Denuncias de violaciones,Total,Total,65,No Aplica,"Es el acceso carnal, con introducción total o parcial del miembro viril, por vía oral, anal o vaginal; o la introducción, por vía vaginal o anal, de objetos, dedos u órganos distintos al miembro viril, a una persona de cualquier sexo.",2016,10,Fiscalía General del Estado - INEC,Denuncias,Paz,ODS 16
4006,10,Imbabura,0000,Total Nacional,Ecuador,Seguridad interna,Seguridad ciudadana,Denuncias de violaciones,Total,Total,11,No Aplica,"Es el acceso carnal, con introducción total o parcial del miembro viril, por vía oral, anal o vaginal; o la introducción, por vía vaginal o anal, de objetos, dedos u órganos distintos al miembro viril, a una persona de cualquier sexo.",2016,10,Fiscalía General del Estado - INEC,Denuncias,Paz,ODS 16
4006,11,Loja,0000,Total Nacional,Ecuador,Seguridad interna,Seguridad ciudadana,Denuncias de violaciones,Total,Total,17,No Aplica,"Es el acceso carnal, con introducción total o parcial del miembro viril, por vía oral, anal o vaginal; o la introducción, por vía vaginal o anal, de objetos, dedos u órganos distintos al miembro viril, a una persona de cualquier sexo.",2016,10,Fiscalía General del Estado - INEC,Denuncias,Paz,ODS 16
4006,12,Los Ríos,0000,Total Nacional,Ecuador,Seguridad interna,Seguridad ciudadana,Denuncias de violaciones,Total,Total,14,No Aplica,"Es el acceso carnal, con introducción total o parcial del miembro viril, por vía oral, anal o vaginal; o la introducción, por vía vaginal o anal, de objetos, dedos u órganos distintos al miembro viril, a una persona de cualquier sexo.",2016,10,Fiscalía General del Estado - INEC,Denuncias,Paz,ODS 16
4006,13,Manabí,0000,Total Nacional,Ecuador,Seguridad interna,Seguridad ciudadana,Denuncias de violaciones,Total,Total,28,No Aplica,"Es el acceso carnal, con introducción total o parcial del miembro viril, por vía oral, anal o vaginal; o la introducción, por vía vaginal o anal, de objetos, dedos u órganos distintos al miembro viril, a una persona de cualquier sexo.",2016,10,Fiscalía General del Estado - INEC,Denuncias,Paz,ODS 16
4006,14,Morona Santiago,0000,Total Nacional,Ecuador,Seguridad interna,Seguridad ciudadana,Denuncias de violaciones,Total,Total,19,No Aplica,"Es el acceso carnal, con introducción total o parcial del miembro viril, por vía oral, anal o vaginal; o la introducción, por vía vaginal o anal, de objetos, dedos u órganos distintos al miembro viril, a una persona de cualquier sexo.",2016,10,Fiscalía General del Estado - INEC,Denuncias,Paz,ODS 16
4006,15,Napo,0000,Total Nacional,Ecuador,Seguridad interna,Seguridad ciudadana,Denuncias de violaciones,Total,Total,9,No Aplica,"Es el acceso carnal, con introducción total o parcial del miembro viril, por vía oral, anal o vaginal; o la introducción, por vía vaginal o anal, de objetos, dedos u órganos distintos al miembro viril, a una persona de cualquier sexo.",2016,10,Fiscalía General del Estado - INEC,Denuncias,Paz,ODS 16
4006,16,Pastaza,0000,Total Nacional,Ecuador,Seguridad interna,Seguridad ciudadana,Denuncias de violaciones,Total,Total,3,No Aplica,"Es el acceso carnal, con introducción total o parcial del miembro viril, por vía oral, anal o vaginal; o la introducción, por vía vaginal o anal, de objetos, dedos u órganos distintos al miembro viril, a una persona de cualquier sexo.",2016,10,Fiscalía General del Estado - INEC,Denuncias,Paz,ODS 16
4006,17,Pichincha,0000,Total Nacional,Ecuador,Seguridad interna,Seguridad ciudadana,Denuncias de violaciones,Total,Total,72,No Aplica,"Es el acceso carnal, con introducción total o parcial del miembro viril, por vía oral, anal o vaginal; o la introducción, por vía vaginal o anal, de objetos, dedos u órganos distintos al miembro viril, a una persona de cualquier sexo.",2016,10,Fiscalía General del Estado - INEC,Denuncias,Paz,ODS 16
4006,18,Tungurahua,0000,Total Nacional,Ecuador,Seguridad interna,Seguridad ciudadana,Denuncias de violaciones,Total,Total,11,No Aplica,"Es el acceso carnal, con introducción total o parcial del miembro viril, por vía oral, anal o vaginal; o la introducción, por vía vaginal o anal, de objetos, dedos u órganos distintos al miembro viril, a una persona de cualquier sexo.",2016,10,Fiscalía General del Estado - INEC,Denuncias,Paz,ODS 16
4006,19,Zamora Chinchipe,0000,Total Nacional,Ecuador,Seguridad interna,Seguridad ciudadana,Denuncias de violaciones,Total,Total,5,No Aplica,"Es el acceso carnal, con introducción total o parcial del miembro viril, por vía oral, anal o vaginal; o la introducción, por vía vaginal o anal, de objetos, dedos u órganos distintos al miembro viril, a una persona de cualquier sexo.",2016,10,Fiscalía General del Estado - INEC,Denuncias,Paz,ODS 16
4006,20,Galápagos,0000,Total Nacional,Ecuador,Seguridad interna,Seguridad ciudadana,Denuncias de violaciones,Total,Total,1,No Aplica,"Es el acceso carnal, con introducción total o parcial del miembro viril, por vía oral, anal o vaginal; o la introducción, por vía vaginal o anal, de objetos, dedos u órganos distintos al miembro viril, a una persona de cualquier sexo.",2016,10,Fiscalía General del Estado - INEC,Denuncias,Paz,ODS 16
4006,21,Sucumbios,0000,Total Nacional,Ecuador,Seguridad interna,Seguridad ciudadana,Denuncias de violaciones,Total,Total,6,No Aplica,"Es el acceso carnal, con introducción total o parcial del miembro viril, por vía oral, anal o vaginal; o la introducción, por vía vaginal o anal, de objetos, dedos u órganos distintos al miembro viril, a una persona de cualquier sexo.",2016,10,Fiscalía General del Estado - INEC,Denuncias,Paz,ODS 16
4006,22,Orellana,0000,Total Nacional,Ecuador,Seguridad interna,Seguridad ciudadana,Denuncias de violaciones,Total,Total,9,No Aplica,"Es el acceso carnal, con introducción total o parcial del miembro viril, por vía oral, anal o vaginal; o la introducción, por vía vaginal o anal, de objetos, dedos u órganos distintos al miembro viril, a una persona de cualquier sexo.",2016,10,Fiscalía General del Estado - INEC,Denuncias,Paz,ODS 16
4006,23,Santo Domingo de los Tsáchilas,0000,Total Nacional,Ecuador,Seguridad interna,Seguridad ciudadana,Denuncias de violaciones,Total,Total,25,No Aplica,"Es el acceso carnal, con introducción total o parcial del miembro viril, por vía oral, anal o vaginal; o la introducción, por vía vaginal o anal, de objetos, dedos u órganos distintos al miembro viril, a una persona de cualquier sexo.",2016,10,Fiscalía General del Estado - INEC,Denuncias,Paz,ODS 16
4006,24,Santa Elena,0000,Total Nacional,Ecuador,Seguridad interna,Seguridad ciudadana,Denuncias de violaciones,Total,Total,6,No Aplica,"Es el acceso carnal, con introducción total o parcial del miembro viril, por vía oral, anal o vaginal; o la introducción, por vía vaginal o anal, de objetos, dedos u órganos distintos al miembro viril, a una persona de cualquier sexo.",2016,10,Fiscalía General del Estado - INEC,Denuncias,Paz,ODS 16
4006,00,Total Nacional,0000,Total Nacional,Ecuador,Seguridad interna,Seguridad ciudadana,Denuncias de violaciones,Total,Total,360,No Aplica,"Es el acceso carnal, con introducción total o parcial del miembro viril, por vía oral, anal o vaginal; o la introducción, por vía vaginal o anal, de objetos, dedos u órganos distintos al miembro viril, a una persona de cualquier sexo.",2016,9,Fiscalía General del Estado - INEC,Denuncias,Paz,ODS 16
4006,01,Azuay,0000,Total Nacional,Ecuador,Seguridad interna,Seguridad ciudadana,Denuncias de violaciones,Total,Total,18,No Aplica,"Es el acceso carnal, con introducción total o parcial del miembro viril, por vía oral, anal o vaginal; o la introducción, por vía vaginal o anal, de objetos, dedos u órganos distintos al miembro viril, a una persona de cualquier sexo.",2016,9,Fiscalía General del Estado - INEC,Denuncias,Paz,ODS 16
4006,02,Bolívar,0000,Total Nacional,Ecuador,Seguridad interna,Seguridad ciudadana,Denuncias de violaciones,Total,Total,6,No Aplica,"Es el acceso carnal, con introducción total o parcial del miembro viril, por vía oral, anal o vaginal; o la introducción, por vía vaginal o anal, de objetos, dedos u órganos distintos al miembro viril, a una persona de cualquier sexo.",2016,9,Fiscalía General del Estado - INEC,Denuncias,Paz,ODS 16
4006,03,Cañar,0000,Total Nacional,Ecuador,Seguridad interna,Seguridad ciudadana,Denuncias de violaciones,Total,Total,11,No Aplica,"Es el acceso carnal, con introducción total o parcial del miembro viril, por vía oral, anal o vaginal; o la introducción, por vía vaginal o anal, de objetos, dedos u órganos distintos al miembro viril, a una persona de cualquier sexo.",2016,9,Fiscalía General del Estado - INEC,Denuncias,Paz,ODS 16
4006,04,Carchi,0000,Total Nacional,Ecuador,Seguridad interna,Seguridad ciudadana,Denuncias de violaciones,Total,Total,4,No Aplica,"Es el acceso carnal, con introducción total o parcial del miembro viril, por vía oral, anal o vaginal; o la introducción, por vía vaginal o anal, de objetos, dedos u órganos distintos al miembro viril, a una persona de cualquier sexo.",2016,9,Fiscalía General del Estado - INEC,Denuncias,Paz,ODS 16
4006,05,Cotopaxi,0000,Total Nacional,Ecuador,Seguridad interna,Seguridad ciudadana,Denuncias de violaciones,Total,Total,6,No Aplica,"Es el acceso carnal, con introducción total o parcial del miembro viril, por vía oral, anal o vaginal; o la introducción, por vía vaginal o anal, de objetos, dedos u órganos distintos al miembro viril, a una persona de cualquier sexo.",2016,9,Fiscalía General del Estado - INEC,Denuncias,Paz,ODS 16
4006,06,Chimborazo,0000,Total Nacional,Ecuador,Seguridad interna,Seguridad ciudadana,Denuncias de violaciones,Total,Total,16,No Aplica,"Es el acceso carnal, con introducción total o parcial del miembro viril, por vía oral, anal o vaginal; o la introducción, por vía vaginal o anal, de objetos, dedos u órganos distintos al miembro viril, a una persona de cualquier sexo.",2016,9,Fiscalía General del Estado - INEC,Denuncias,Paz,ODS 16
4006,07,El Oro,0000,Total Nacional,Ecuador,Seguridad interna,Seguridad ciudadana,Denuncias de violaciones,Total,Total,12,No Aplica,"Es el acceso carnal, con introducción total o parcial del miembro viril, por vía oral, anal o vaginal; o la introducción, por vía vaginal o anal, de objetos, dedos u órganos distintos al miembro viril, a una persona de cualquier sexo.",2016,9,Fiscalía General del Estado - INEC,Denuncias,Paz,ODS 16
4006,08,Esmeraldas,0000,Total Nacional,Ecuador,Seguridad interna,Seguridad ciudadana,Denuncias de violaciones,Total,Total,11,No Aplica,"Es el acceso carnal, con introducción total o parcial del miembro viril, por vía oral, anal o vaginal; o la introducción, por vía vaginal o anal, de objetos, dedos u órganos distintos al miembro viril, a una persona de cualquier sexo.",2016,9,Fiscalía General del Estado - INEC,Denuncias,Paz,ODS 16
4006,09,Guayas,0000,Total Nacional,Ecuador,Seguridad interna,Seguridad ciudadana,Denuncias de violaciones,Total,Total,73,No Aplica,"Es el acceso carnal, con introducción total o parcial del miembro viril, por vía oral, anal o vaginal; o la introducción, por vía vaginal o anal, de objetos, dedos u órganos distintos al miembro viril, a una persona de cualquier sexo.",2016,9,Fiscalía General del Estado - INEC,Denuncias,Paz,ODS 16
4006,10,Imbabura,0000,Total Nacional,Ecuador,Seguridad interna,Seguridad ciudadana,Denuncias de violaciones,Total,Total,12,No Aplica,"Es el acceso carnal, con introducción total o parcial del miembro viril, por vía oral, anal o vaginal; o la introducción, por vía vaginal o anal, de objetos, dedos u órganos distintos al miembro viril, a una persona de cualquier sexo.",2016,9,Fiscalía General del Estado - INEC,Denuncias,Paz,ODS 16
4006,11,Loja,0000,Total Nacional,Ecuador,Seguridad interna,Seguridad ciudadana,Denuncias de violaciones,Total,Total,9,No Aplica,"Es el acceso carnal, con introducción total o parcial del miembro viril, por vía oral, anal o vaginal; o la introducción, por vía vaginal o anal, de objetos, dedos u órganos distintos al miembro viril, a una persona de cualquier sexo.",2016,9,Fiscalía General del Estado - INEC,Denuncias,Paz,ODS 16
4006,12,Los Ríos,0000,Total Nacional,Ecuador,Seguridad interna,Seguridad ciudadana,Denuncias de violaciones,Total,Total,20,No Aplica,"Es el acceso carnal, con introducción total o parcial del miembro viril, por vía oral, anal o vaginal; o la introducción, por vía vaginal o anal, de objetos, dedos u órganos distintos al miembro viril, a una persona de cualquier sexo.",2016,9,Fiscalía General del Estado - INEC,Denuncias,Paz,ODS 16
4006,13,Manabí,0000,Total Nacional,Ecuador,Seguridad interna,Seguridad ciudadana,Denuncias de violaciones,Total,Total,29,No Aplica,"Es el acceso carnal, con introducción total o parcial del miembro viril, por vía oral, anal o vaginal; o la introducción, por vía vaginal o anal, de objetos, dedos u órganos distintos al miembro viril, a una persona de cualquier sexo.",2016,9,Fiscalía General del Estado - INEC,Denuncias,Paz,ODS 16
4006,14,Morona Santiago,0000,Total Nacional,Ecuador,Seguridad interna,Seguridad ciudadana,Denuncias de violaciones,Total,Total,11,No Aplica,"Es el acceso carnal, con introducción total o parcial del miembro viril, por vía oral, anal o vaginal; o la introducción, por vía vaginal o anal, de objetos, dedos u órganos distintos al miembro viril, a una persona de cualquier sexo.",2016,9,Fiscalía General del Estado - INEC,Denuncias,Paz,ODS 16
4006,15,Napo,0000,Total Nacional,Ecuador,Seguridad interna,Seguridad ciudadana,Denuncias de violaciones,Total,Total,11,No Aplica,"Es el acceso carnal, con introducción total o parcial del miembro viril, por vía oral, anal o vaginal; o la introducción, por vía vaginal o anal, de objetos, dedos u órganos distintos al miembro viril, a una persona de cualquier sexo.",2016,9,Fiscalía General del Estado - INEC,Denuncias,Paz,ODS 16
4006,16,Pastaza,0000,Total Nacional,Ecuador,Seguridad interna,Seguridad ciudadana,Denuncias de violaciones,Total,Total,1,No Aplica,"Es el acceso carnal, con introducción total o parcial del miembro viril, por vía oral, anal o vaginal; o la introducción, por vía vaginal o anal, de objetos, dedos u órganos distintos al miembro viril, a una persona de cualquier sexo.",2016,9,Fiscalía General del Estado - INEC,Denuncias,Paz,ODS 16
4006,17,Pichincha,0000,Total Nacional,Ecuador,Seguridad interna,Seguridad ciudadana,Denuncias de violaciones,Total,Total,65,No Aplica,"Es el acceso carnal, con introducción total o parcial del miembro viril, por vía oral, anal o vaginal; o la introducción, por vía vaginal o anal, de objetos, dedos u órganos distintos al miembro viril, a una persona de cualquier sexo.",2016,9,Fiscalía General del Estado - INEC,Denuncias,Paz,ODS 16
4006,18,Tungurahua,0000,Total Nacional,Ecuador,Seguridad interna,Seguridad ciudadana,Denuncias de violaciones,Total,Total,5,No Aplica,"Es el acceso carnal, con introducción total o parcial del miembro viril, por vía oral, anal o vaginal; o la introducción, por vía vaginal o anal, de objetos, dedos u órganos distintos al miembro viril, a una persona de cualquier sexo.",2016,9,Fiscalía General del Estado - INEC,Denuncias,Paz,ODS 16
4006,19,Zamora Chinchipe,0000,Total Nacional,Ecuador,Seguridad interna,Seguridad ciudadana,Denuncias de violaciones,Total,Total,3,No Aplica,"Es el acceso carnal, con introducción total o parcial del miembro viril, por vía oral, anal o vaginal; o la introducción, por vía vaginal o anal, de objetos, dedos u órganos distintos al miembro viril, a una persona de cualquier sexo.",2016,9,Fiscalía General del Estado - INEC,Denuncias,Paz,ODS 16
4006,20,Galápagos,0000,Total Nacional,Ecuador,Seguridad interna,Seguridad ciudadana,Denuncias de violaciones,Total,Total,4,No Aplica,"Es el acceso carnal, con introducción total o parcial del miembro viril, por vía oral, anal o vaginal; o la introducción, por vía vaginal o anal, de objetos, dedos u órganos distintos al miembro viril, a una persona de cualquier sexo.",2016,9,Fiscalía General del Estado - INEC,Denuncias,Paz,ODS 16
4006,21,Sucumbios,0000,Total Nacional,Ecuador,Seguridad interna,Seguridad ciudadana,Denuncias de violaciones,Total,Total,13,No Aplica,"Es el acceso carnal, con introducción total o parcial del miembro viril, por vía oral, anal o vaginal; o la introducción, por vía vaginal o anal, de objetos, dedos u órganos distintos al miembro viril, a una persona de cualquier sexo.",2016,9,Fiscalía General del Estado - INEC,Denuncias,Paz,ODS 16
4006,22,Orellana,0000,Total Nacional,Ecuador,Seguridad interna,Seguridad ciudadana,Denuncias de violaciones,Total,Total,3,No Aplica,"Es el acceso carnal, con introducción total o parcial del miembro viril, por vía oral, anal o vaginal; o la introducción, por vía vaginal o anal, de objetos, dedos u órganos distintos al miembro viril, a una persona de cualquier sexo.",2016,9,Fiscalía General del Estado - INEC,Denuncias,Paz,ODS 16
4006,23,Santo Domingo de los Tsáchilas,0000,Total Nacional,Ecuador,Seguridad interna,Seguridad ciudadana,Denuncias de violaciones,Total,Total,15,No Aplica,"Es el acceso carnal, con introducción total o parcial del miembro viril, por vía oral, anal o vaginal; o la introducción, por vía vaginal o anal, de objetos, dedos u órganos distintos al miembro viril, a una persona de cualquier sexo.",2016,9,Fiscalía General del Estado - INEC,Denuncias,Paz,ODS 16
4006,24,Santa Elena,0000,Total Nacional,Ecuador,Seguridad interna,Seguridad ciudadana,Denuncias de violaciones,Total,Total,2,No Aplica,"Es el acceso carnal, con introducción total o parcial del miembro viril, por vía oral, anal o vaginal; o la introducción, por vía vaginal o anal, de objetos, dedos u órganos distintos al miembro viril, a una persona de cualquier sexo.",2016,9,Fiscalía General del Estado - INEC,Denuncias,Paz,ODS 16
4006,00,Total Nacional,0000,Total Nacional,Ecuador,Seguridad interna,Seguridad ciudadana,Denuncias de violaciones,Total,Total,377,No Aplica,"Es el acceso carnal, con introducción total o parcial del miembro viril, por vía oral, anal o vaginal; o la introducción, por vía vaginal o anal, de objetos, dedos u órganos distintos al miembro viril, a una persona de cualquier sexo.",2016,8,Fiscalía General del Estado - INEC,Denuncias,Paz,ODS 16
4006,01,Azuay,0000,Total Nacional,Ecuador,Seguridad interna,Seguridad ciudadana,Denuncias de violaciones,Total,Total,19,No Aplica,"Es el acceso carnal, con introducción total o parcial del miembro viril, por vía oral, anal o vaginal; o la introducción, por vía vaginal o anal, de objetos, dedos u órganos distintos al miembro viril, a una persona de cualquier sexo.",2016,8,Fiscalía General del Estado - INEC,Denuncias,Paz,ODS 16
4006,02,Bolívar,0000,Total Nacional,Ecuador,Seguridad interna,Seguridad ciudadana,Denuncias de violaciones,Total,Total,1,No Aplica,"Es el acceso carnal, con introducción total o parcial del miembro viril, por vía oral, anal o vaginal; o la introducción, por vía vaginal o anal, de objetos, dedos u órganos distintos al miembro viril, a una persona de cualquier sexo.",2016,8,Fiscalía General del Estado - INEC,Denuncias,Paz,ODS 16
4006,03,Cañar,0000,Total Nacional,Ecuador,Seguridad interna,Seguridad ciudadana,Denuncias de violaciones,Total,Total,6,No Aplica,"Es el acceso carnal, con introducción total o parcial del miembro viril, por vía oral, anal o vaginal; o la introducción, por vía vaginal o anal, de objetos, dedos u órganos distintos al miembro viril, a una persona de cualquier sexo.",2016,8,Fiscalía General del Estado - INEC,Denuncias,Paz,ODS 16
4006,04,Carchi,0000,Total Nacional,Ecuador,Seguridad interna,Seguridad ciudadana,Denuncias de violaciones,Total,Total,2,No Aplica,"Es el acceso carnal, con introducción total o parcial del miembro viril, por vía oral, anal o vaginal; o la introducción, por vía vaginal o anal, de objetos, dedos u órganos distintos al miembro viril, a una persona de cualquier sexo.",2016,8,Fiscalía General del Estado - INEC,Denuncias,Paz,ODS 16
4006,05,Cotopaxi,0000,Total Nacional,Ecuador,Seguridad interna,Seguridad ciudadana,Denuncias de violaciones,Total,Total,7,No Aplica,"Es el acceso carnal, con introducción total o parcial del miembro viril, por vía oral, anal o vaginal; o la introducción, por vía vaginal o anal, de objetos, dedos u órganos distintos al miembro viril, a una persona de cualquier sexo.",2016,8,Fiscalía General del Estado - INEC,Denuncias,Paz,ODS 16
4006,06,Chimborazo,0000,Total Nacional,Ecuador,Seguridad interna,Seguridad ciudadana,Denuncias de violaciones,Total,Total,13,No Aplica,"Es el acceso carnal, con introducción total o parcial del miembro viril, por vía oral, anal o vaginal; o la introducción, por vía vaginal o anal, de objetos, dedos u órganos distintos al miembro viril, a una persona de cualquier sexo.",2016,8,Fiscalía General del Estado - INEC,Denuncias,Paz,ODS 16
4006,07,El Oro,0000,Total Nacional,Ecuador,Seguridad interna,Seguridad ciudadana,Denuncias de violaciones,Total,Total,20,No Aplica,"Es el acceso carnal, con introducción total o parcial del miembro viril, por vía oral, anal o vaginal; o la introducción, por vía vaginal o anal, de objetos, dedos u órganos distintos al miembro viril, a una persona de cualquier sexo.",2016,8,Fiscalía General del Estado - INEC,Denuncias,Paz,ODS 16
4006,08,Esmeraldas,0000,Total Nacional,Ecuador,Seguridad interna,Seguridad ciudadana,Denuncias de violaciones,Total,Total,20,No Aplica,"Es el acceso carnal, con introducción total o parcial del miembro viril, por vía oral, anal o vaginal; o la introducción, por vía vaginal o anal, de objetos, dedos u órganos distintos al miembro viril, a una persona de cualquier sexo.",2016,8,Fiscalía General del Estado - INEC,Denuncias,Paz,ODS 16
4006,09,Guayas,0000,Total Nacional,Ecuador,Seguridad interna,Seguridad ciudadana,Denuncias de violaciones,Total,Total,79,No Aplica,"Es el acceso carnal, con introducción total o parcial del miembro viril, por vía oral, anal o vaginal; o la introducción, por vía vaginal o anal, de objetos, dedos u órganos distintos al miembro viril, a una persona de cualquier sexo.",2016,8,Fiscalía General del Estado - INEC,Denuncias,Paz,ODS 16
4006,10,Imbabura,0000,Total Nacional,Ecuador,Seguridad interna,Seguridad ciudadana,Denuncias de violaciones,Total,Total,11,No Aplica,"Es el acceso carnal, con introducción total o parcial del miembro viril, por vía oral, anal o vaginal; o la introducción, por vía vaginal o anal, de objetos, dedos u órganos distintos al miembro viril, a una persona de cualquier sexo.",2016,8,Fiscalía General del Estado - INEC,Denuncias,Paz,ODS 16
4006,11,Loja,0000,Total Nacional,Ecuador,Seguridad interna,Seguridad ciudadana,Denuncias de violaciones,Total,Total,13,No Aplica,"Es el acceso carnal, con introducción total o parcial del miembro viril, por vía oral, anal o vaginal; o la introducción, por vía vaginal o anal, de objetos, dedos u órganos distintos al miembro viril, a una persona de cualquier sexo.",2016,8,Fiscalía General del Estado - INEC,Denuncias,Paz,ODS 16
4006,12,Los Ríos,0000,Total Nacional,Ecuador,Seguridad interna,Seguridad ciudadana,Denuncias de violaciones,Total,Total,19,No Aplica,"Es el acceso carnal, con introducción total o parcial del miembro viril, por vía oral, anal o vaginal; o la introducción, por vía vaginal o anal, de objetos, dedos u órganos distintos al miembro viril, a una persona de cualquier sexo.",2016,8,Fiscalía General del Estado - INEC,Denuncias,Paz,ODS 16
4006,13,Manabí,0000,Total Nacional,Ecuador,Seguridad interna,Seguridad ciudadana,Denuncias de violaciones,Total,Total,22,No Aplica,"Es el acceso carnal, con introducción total o parcial del miembro viril, por vía oral, anal o vaginal; o la introducción, por vía vaginal o anal, de objetos, dedos u órganos distintos al miembro viril, a una persona de cualquier sexo.",2016,8,Fiscalía General del Estado - INEC,Denuncias,Paz,ODS 16
4006,14,Morona Santiago,0000,Total Nacional,Ecuador,Seguridad interna,Seguridad ciudadana,Denuncias de violaciones,Total,Total,15,No Aplica,"Es el acceso carnal, con introducción total o parcial del miembro viril, por vía oral, anal o vaginal; o la introducción, por vía vaginal o anal, de objetos, dedos u órganos distintos al miembro viril, a una persona de cualquier sexo.",2016,8,Fiscalía General del Estado - INEC,Denuncias,Paz,ODS 16
4006,15,Napo,0000,Total Nacional,Ecuador,Seguridad interna,Seguridad ciudadana,Denuncias de violaciones,Total,Total,4,No Aplica,"Es el acceso carnal, con introducción total o parcial del miembro viril, por vía oral, anal o vaginal; o la introducción, por vía vaginal o anal, de objetos, dedos u órganos distintos al miembro viril, a una persona de cualquier sexo.",2016,8,Fiscalía General del Estado - INEC,Denuncias,Paz,ODS 16
4006,16,Pastaza,0000,Total Nacional,Ecuador,Seguridad interna,Seguridad ciudadana,Denuncias de violaciones,Total,Total,1,No Aplica,"Es el acceso carnal, con introducción total o parcial del miembro viril, por vía oral, anal o vaginal; o la introducción, por vía vaginal o anal, de objetos, dedos u órganos distintos al miembro viril, a una persona de cualquier sexo.",2016,8,Fiscalía General del Estado - INEC,Denuncias,Paz,ODS 16
4006,17,Pichincha,0000,Total Nacional,Ecuador,Seguridad interna,Seguridad ciudadana,Denuncias de violaciones,Total,Total,67,No Aplica,"Es el acceso carnal, con introducción total o parcial del miembro viril, por vía oral, anal o vaginal; o la introducción, por vía vaginal o anal, de objetos, dedos u órganos distintos al miembro viril, a una persona de cualquier sexo.",2016,8,Fiscalía General del Estado - INEC,Denuncias,Paz,ODS 16
4006,18,Tungurahua,0000,Total Nacional,Ecuador,Seguridad interna,Seguridad ciudadana,Denuncias de violaciones,Total,Total,10,No Aplica,"Es el acceso carnal, con introducción total o parcial del miembro viril, por vía oral, anal o vaginal; o la introducción, por vía vaginal o anal, de objetos, dedos u órganos distintos al miembro viril, a una persona de cualquier sexo.",2016,8,Fiscalía General del Estado - INEC,Denuncias,Paz,ODS 16
4006,19,Zamora Chinchipe,0000,Total Nacional,Ecuador,Seguridad interna,Seguridad ciudadana,Denuncias de violaciones,Total,Total,5,No Aplica,"Es el acceso carnal, con introducción total o parcial del miembro viril, por vía oral, anal o vaginal; o la introducción, por vía vaginal o anal, de objetos, dedos u órganos distintos al miembro viril, a una persona de cualquier sexo.",2016,8,Fiscalía General del Estado - INEC,Denuncias,Paz,ODS 16
4006,20,Galápagos,0000,Total Nacional,Ecuador,Seguridad interna,Seguridad ciudadana,Denuncias de violaciones,Total,Total,0,No Aplica,"Es el acceso carnal, con introducción total o parcial del miembro viril, por vía oral, anal o vaginal; o la introducción, por vía vaginal o anal, de objetos, dedos u órganos distintos al miembro viril, a una persona de cualquier sexo.",2016,8,Fiscalía General del Estado - INEC,Denuncias,Paz,ODS 16
4006,21,Sucumbios,0000,Total Nacional,Ecuador,Seguridad interna,Seguridad ciudadana,Denuncias de violaciones,Total,Total,3,No Aplica,"Es el acceso carnal, con introducción total o parcial del miembro viril, por vía oral, anal o vaginal; o la introducción, por vía vaginal o anal, de objetos, dedos u órganos distintos al miembro viril, a una persona de cualquier sexo.",2016,8,Fiscalía General del Estado - INEC,Denuncias,Paz,ODS 16
4006,22,Orellana,0000,Total Nacional,Ecuador,Seguridad interna,Seguridad ciudadana,Denuncias de violaciones,Total,Total,9,No Aplica,"Es el acceso carnal, con introducción total o parcial del miembro viril, por vía oral, anal o vaginal; o la introducción, por vía vaginal o anal, de objetos, dedos u órganos distintos al miembro viril, a una persona de cualquier sexo.",2016,8,Fiscalía General del Estado - INEC,Denuncias,Paz,ODS 16
4006,23,Santo Domingo de los Tsáchilas,0000,Total Nacional,Ecuador,Seguridad interna,Seguridad ciudadana,Denuncias de violaciones,Total,Total,25,No Aplica,"Es el acceso carnal, con introducción total o parcial del miembro viril, por vía oral, anal o vaginal; o la introducción, por vía vaginal o anal, de objetos, dedos u órganos distintos al miembro viril, a una persona de cualquier sexo.",2016,8,Fiscalía General del Estado - INEC,Denuncias,Paz,ODS 16
4006,24,Santa Elena,0000,Total Nacional,Ecuador,Seguridad interna,Seguridad ciudadana,Denuncias de violaciones,Total,Total,6,No Aplica,"Es el acceso carnal, con introducción total o parcial del miembro viril, por vía oral, anal o vaginal; o la introducción, por vía vaginal o anal, de objetos, dedos u órganos distintos al miembro viril, a una persona de cualquier sexo.",2016,8,Fiscalía General del Estado - INEC,Denuncias,Paz,ODS 16
4006,00,Total Nacional,0000,Total Nacional,Ecuador,Seguridad interna,Seguridad ciudadana,Denuncias de violaciones,Total,Total,373,No Aplica,"Es el acceso carnal, con introducción total o parcial del miembro viril, por vía oral, anal o vaginal; o la introducción, por vía vaginal o anal, de objetos, dedos u órganos distintos al miembro viril, a una persona de cualquier sexo.",2016,7,Fiscalía General del Estado - INEC,Denuncias,Paz,ODS 16
4006,01,Azuay,0000,Total Nacional,Ecuador,Seguridad interna,Seguridad ciudadana,Denuncias de violaciones,Total,Total,15,No Aplica,"Es el acceso carnal, con introducción total o parcial del miembro viril, por vía oral, anal o vaginal; o la introducción, por vía vaginal o anal, de objetos, dedos u órganos distintos al miembro viril, a una persona de cualquier sexo.",2016,7,Fiscalía General del Estado - INEC,Denuncias,Paz,ODS 16
4006,02,Bolívar,0000,Total Nacional,Ecuador,Seguridad interna,Seguridad ciudadana,Denuncias de violaciones,Total,Total,6,No Aplica,"Es el acceso carnal, con introducción total o parcial del miembro viril, por vía oral, anal o vaginal; o la introducción, por vía vaginal o anal, de objetos, dedos u órganos distintos al miembro viril, a una persona de cualquier sexo.",2016,7,Fiscalía General del Estado - INEC,Denuncias,Paz,ODS 16
4006,03,Cañar,0000,Total Nacional,Ecuador,Seguridad interna,Seguridad ciudadana,Denuncias de violaciones,Total,Total,10,No Aplica,"Es el acceso carnal, con introducción total o parcial del miembro viril, por vía oral, anal o vaginal; o la introducción, por vía vaginal o anal, de objetos, dedos u órganos distintos al miembro viril, a una persona de cualquier sexo.",2016,7,Fiscalía General del Estado - INEC,Denuncias,Paz,ODS 16
4006,04,Carchi,0000,Total Nacional,Ecuador,Seguridad interna,Seguridad ciudadana,Denuncias de violaciones,Total,Total,3,No Aplica,"Es el acceso carnal, con introducción total o parcial del miembro viril, por vía oral, anal o vaginal; o la introducción, por vía vaginal o anal, de objetos, dedos u órganos distintos al miembro viril, a una persona de cualquier sexo.",2016,7,Fiscalía General del Estado - INEC,Denuncias,Paz,ODS 16
4006,05,Cotopaxi,0000,Total Nacional,Ecuador,Seguridad interna,Seguridad ciudadana,Denuncias de violaciones,Total,Total,9,No Aplica,"Es el acceso carnal, con introducción total o parcial del miembro viril, por vía oral, anal o vaginal; o la introducción, por vía vaginal o anal, de objetos, dedos u órganos distintos al miembro viril, a una persona de cualquier sexo.",2016,7,Fiscalía General del Estado - INEC,Denuncias,Paz,ODS 16
4006,06,Chimborazo,0000,Total Nacional,Ecuador,Seguridad interna,Seguridad ciudadana,Denuncias de violaciones,Total,Total,14,No Aplica,"Es el acceso carnal, con introducción total o parcial del miembro viril, por vía oral, anal o vaginal; o la introducción, por vía vaginal o anal, de objetos, dedos u órganos distintos al miembro viril, a una persona de cualquier sexo.",2016,7,Fiscalía General del Estado - INEC,Denuncias,Paz,ODS 16
4006,07,El Oro,0000,Total Nacional,Ecuador,Seguridad interna,Seguridad ciudadana,Denuncias de violaciones,Total,Total,22,No Aplica,"Es el acceso carnal, con introducción total o parcial del miembro viril, por vía oral, anal o vaginal; o la introducción, por vía vaginal o anal, de objetos, dedos u órganos distintos al miembro viril, a una persona de cualquier sexo.",2016,7,Fiscalía General del Estado - INEC,Denuncias,Paz,ODS 16
4006,08,Esmeraldas,0000,Total Nacional,Ecuador,Seguridad interna,Seguridad ciudadana,Denuncias de violaciones,Total,Total,10,No Aplica,"Es el acceso carnal, con introducción total o parcial del miembro viril, por vía oral, anal o vaginal; o la introducción, por vía vaginal o anal, de objetos, dedos u órganos distintos al miembro viril, a una persona de cualquier sexo.",2016,7,Fiscalía General del Estado - INEC,Denuncias,Paz,ODS 16
4006,09,Guayas,0000,Total Nacional,Ecuador,Seguridad interna,Seguridad ciudadana,Denuncias de violaciones,Total,Total,66,No Aplica,"Es el acceso carnal, con introducción total o parcial del miembro viril, por vía oral, anal o vaginal; o la introducción, por vía vaginal o anal, de objetos, dedos u órganos distintos al miembro viril, a una persona de cualquier sexo.",2016,7,Fiscalía General del Estado - INEC,Denuncias,Paz,ODS 16
4006,10,Imbabura,0000,Total Nacional,Ecuador,Seguridad interna,Seguridad ciudadana,Denuncias de violaciones,Total,Total,16,No Aplica,"Es el acceso carnal, con introducción total o parcial del miembro viril, por vía oral, anal o vaginal; o la introducción, por vía vaginal o anal, de objetos, dedos u órganos distintos al miembro viril, a una persona de cualquier sexo.",2016,7,Fiscalía General del Estado - INEC,Denuncias,Paz,ODS 16
4006,11,Loja,0000,Total Nacional,Ecuador,Seguridad interna,Seguridad ciudadana,Denuncias de violaciones,Total,Total,14,No Aplica,"Es el acceso carnal, con introducción total o parcial del miembro viril, por vía oral, anal o vaginal; o la introducción, por vía vaginal o anal, de objetos, dedos u órganos distintos al miembro viril, a una persona de cualquier sexo.",2016,7,Fiscalía General del Estado - INEC,Denuncias,Paz,ODS 16
4006,12,Los Ríos,0000,Total Nacional,Ecuador,Seguridad interna,Seguridad ciudadana,Denuncias de violaciones,Total,Total,20,No Aplica,"Es el acceso carnal, con introducción total o parcial del miembro viril, por vía oral, anal o vaginal; o la introducción, por vía vaginal o anal, de objetos, dedos u órganos distintos al miembro viril, a una persona de cualquier sexo.",2016,7,Fiscalía General del Estado - INEC,Denuncias,Paz,ODS 16
4006,13,Manabí,0000,Total Nacional,Ecuador,Seguridad interna,Seguridad ciudadana,Denuncias de violaciones,Total,Total,22,No Aplica,"Es el acceso carnal, con introducción total o parcial del miembro viril, por vía oral, anal o vaginal; o la introducción, por vía vaginal o anal, de objetos, dedos u órganos distintos al miembro viril, a una persona de cualquier sexo.",2016,7,Fiscalía General del Estado - INEC,Denuncias,Paz,ODS 16
4006,14,Morona Santiago,0000,Total Nacional,Ecuador,Seguridad interna,Seguridad ciudadana,Denuncias de violaciones,Total,Total,22,No Aplica,"Es el acceso carnal, con introducción total o parcial del miembro viril, por vía oral, anal o vaginal; o la introducción, por vía vaginal o anal, de objetos, dedos u órganos distintos al miembro viril, a una persona de cualquier sexo.",2016,7,Fiscalía General del Estado - INEC,Denuncias,Paz,ODS 16
4006,15,Napo,0000,Total Nacional,Ecuador,Seguridad interna,Seguridad ciudadana,Denuncias de violaciones,Total,Total,3,No Aplica,"Es el acceso carnal, con introducción total o parcial del miembro viril, por vía oral, anal o vaginal; o la introducción, por vía vaginal o anal, de objetos, dedos u órganos distintos al miembro viril, a una persona de cualquier sexo.",2016,7,Fiscalía General del Estado - INEC,Denuncias,Paz,ODS 16
4006,16,Pastaza,0000,Total Nacional,Ecuador,Seguridad interna,Seguridad ciudadana,Denuncias de violaciones,Total,Total,5,No Aplica,"Es el acceso carnal, con introducción total o parcial del miembro viril, por vía oral, anal o vaginal; o la introducción, por vía vaginal o anal, de objetos, dedos u órganos distintos al miembro viril, a una persona de cualquier sexo.",2016,7,Fiscalía General del Estado - INEC,Denuncias,Paz,ODS 16
4006,17,Pichincha,0000,Total Nacional,Ecuador,Seguridad interna,Seguridad ciudadana,Denuncias de violaciones,Total,Total,65,No Aplica,"Es el acceso carnal, con introducción total o parcial del miembro viril, por vía oral, anal o vaginal; o la introducción, por vía vaginal o anal, de objetos, dedos u órganos distintos al miembro viril, a una persona de cualquier sexo.",2016,7,Fiscalía General del Estado - INEC,Denuncias,Paz,ODS 16
4006,18,Tungurahua,0000,Total Nacional,Ecuador,Seguridad interna,Seguridad ciudadana,Denuncias de violaciones,Total,Total,8,No Aplica,"Es el acceso carnal, con introducción total o parcial del miembro viril, por vía oral, anal o vaginal; o la introducción, por vía vaginal o anal, de objetos, dedos u órganos distintos al miembro viril, a una persona de cualquier sexo.",2016,7,Fiscalía General del Estado - INEC,Denuncias,Paz,ODS 16
4006,19,Zamora Chinchipe,0000,Total Nacional,Ecuador,Seguridad interna,Seguridad ciudadana,Denuncias de violaciones,Total,Total,4,No Aplica,"Es el acceso carnal, con introducción total o parcial del miembro viril, por vía oral, anal o vaginal; o la introducción, por vía vaginal o anal, de objetos, dedos u órganos distintos al miembro viril, a una persona de cualquier sexo.",2016,7,Fiscalía General del Estado - INEC,Denuncias,Paz,ODS 16
4006,20,Galápagos,0000,Total Nacional,Ecuador,Seguridad interna,Seguridad ciudadana,Denuncias de violaciones,Total,Total,0,No Aplica,"Es el acceso carnal, con introducción total o parcial del miembro viril, por vía oral, anal o vaginal; o la introducción, por vía vaginal o anal, de objetos, dedos u órganos distintos al miembro viril, a una persona de cualquier sexo.",2016,7,Fiscalía General del Estado - INEC,Denuncias,Paz,ODS 16
4006,21,Sucumbios,0000,Total Nacional,Ecuador,Seguridad interna,Seguridad ciudadana,Denuncias de violaciones,Total,Total,16,No Aplica,"Es el acceso carnal, con introducción total o parcial del miembro viril, por vía oral, anal o vaginal; o la introducción, por vía vaginal o anal, de objetos, dedos u órganos distintos al miembro viril, a una persona de cualquier sexo.",2016,7,Fiscalía General del Estado - INEC,Denuncias,Paz,ODS 16
4006,22,Orellana,0000,Total Nacional,Ecuador,Seguridad interna,Seguridad ciudadana,Denuncias de violaciones,Total,Total,2,No Aplica,"Es el acceso carnal, con introducción total o parcial del miembro viril, por vía oral, anal o vaginal; o la introducción, por vía vaginal o anal, de objetos, dedos u órganos distintos al miembro viril, a una persona de cualquier sexo.",2016,7,Fiscalía General del Estado - INEC,Denuncias,Paz,ODS 16
4006,23,Santo Domingo de los Tsáchilas,0000,Total Nacional,Ecuador,Seguridad interna,Seguridad ciudadana,Denuncias de violaciones,Total,Total,16,No Aplica,"Es el acceso carnal, con introducción total o parcial del miembro viril, por vía oral, anal o vaginal; o la introducción, por vía vaginal o anal, de objetos, dedos u órganos distintos al miembro viril, a una persona de cualquier sexo.",2016,7,Fiscalía General del Estado - INEC,Denuncias,Paz,ODS 16
4006,24,Santa Elena,0000,Total Nacional,Ecuador,Seguridad interna,Seguridad ciudadana,Denuncias de violaciones,Total,Total,5,No Aplica,"Es el acceso carnal, con introducción total o parcial del miembro viril, por vía oral, anal o vaginal; o la introducción, por vía vaginal o anal, de objetos, dedos u órganos distintos al miembro viril, a una persona de cualquier sexo.",2016,7,Fiscalía General del Estado - INEC,Denuncias,Paz,ODS 16
4006,00,Total Nacional,0000,Total Nacional,Ecuador,Seguridad interna,Seguridad ciudadana,Denuncias de violaciones,Total,Total,380,No Aplica,"Es el acceso carnal, con introducción total o parcial del miembro viril, por vía oral, anal o vaginal; o la introducción, por vía vaginal o anal, de objetos, dedos u órganos distintos al miembro viril, a una persona de cualquier sexo.",2016,6,Fiscalía General del Estado - INEC,Denuncias,Paz,ODS 16
4006,01,Azuay,0000,Total Nacional,Ecuador,Seguridad interna,Seguridad ciudadana,Denuncias de violaciones,Total,Total,23,No Aplica,"Es el acceso carnal, con introducción total o parcial del miembro viril, por vía oral, anal o vaginal; o la introducción, por vía vaginal o anal, de objetos, dedos u órganos distintos al miembro viril, a una persona de cualquier sexo.",2016,6,Fiscalía General del Estado - INEC,Denuncias,Paz,ODS 16
4006,02,Bolívar,0000,Total Nacional,Ecuador,Seguridad interna,Seguridad ciudadana,Denuncias de violaciones,Total,Total,1,No Aplica,"Es el acceso carnal, con introducción total o parcial del miembro viril, por vía oral, anal o vaginal; o la introducción, por vía vaginal o anal, de objetos, dedos u órganos distintos al miembro viril, a una persona de cualquier sexo.",2016,6,Fiscalía General del Estado - INEC,Denuncias,Paz,ODS 16
4006,03,Cañar,0000,Total Nacional,Ecuador,Seguridad interna,Seguridad ciudadana,Denuncias de violaciones,Total,Total,8,No Aplica,"Es el acceso carnal, con introducción total o parcial del miembro viril, por vía oral, anal o vaginal; o la introducción, por vía vaginal o anal, de objetos, dedos u órganos distintos al miembro viril, a una persona de cualquier sexo.",2016,6,Fiscalía General del Estado - INEC,Denuncias,Paz,ODS 16
4006,04,Carchi,0000,Total Nacional,Ecuador,Seguridad interna,Seguridad ciudadana,Denuncias de violaciones,Total,Total,2,No Aplica,"Es el acceso carnal, con introducción total o parcial del miembro viril, por vía oral, anal o vaginal; o la introducción, por vía vaginal o anal, de objetos, dedos u órganos distintos al miembro viril, a una persona de cualquier sexo.",2016,6,Fiscalía General del Estado - INEC,Denuncias,Paz,ODS 16
4006,05,Cotopaxi,0000,Total Nacional,Ecuador,Seguridad interna,Seguridad ciudadana,Denuncias de violaciones,Total,Total,10,No Aplica,"Es el acceso carnal, con introducción total o parcial del miembro viril, por vía oral, anal o vaginal; o la introducción, por vía vaginal o anal, de objetos, dedos u órganos distintos al miembro viril, a una persona de cualquier sexo.",2016,6,Fiscalía General del Estado - INEC,Denuncias,Paz,ODS 16
4006,06,Chimborazo,0000,Total Nacional,Ecuador,Seguridad interna,Seguridad ciudadana,Denuncias de violaciones,Total,Total,7,No Aplica,"Es el acceso carnal, con introducción total o parcial del miembro viril, por vía oral, anal o vaginal; o la introducción, por vía vaginal o anal, de objetos, dedos u órganos distintos al miembro viril, a una persona de cualquier sexo.",2016,6,Fiscalía General del Estado - INEC,Denuncias,Paz,ODS 16
4006,07,El Oro,0000,Total Nacional,Ecuador,Seguridad interna,Seguridad ciudadana,Denuncias de violaciones,Total,Total,30,No Aplica,"Es el acceso carnal, con introducción total o parcial del miembro viril, por vía oral, anal o vaginal; o la introducción, por vía vaginal o anal, de objetos, dedos u órganos distintos al miembro viril, a una persona de cualquier sexo.",2016,6,Fiscalía General del Estado - INEC,Denuncias,Paz,ODS 16
4006,08,Esmeraldas,0000,Total Nacional,Ecuador,Seguridad interna,Seguridad ciudadana,Denuncias de violaciones,Total,Total,17,No Aplica,"Es el acceso carnal, con introducción total o parcial del miembro viril, por vía oral, anal o vaginal; o la introducción, por vía vaginal o anal, de objetos, dedos u órganos distintos al miembro viril, a una persona de cualquier sexo.",2016,6,Fiscalía General del Estado - INEC,Denuncias,Paz,ODS 16
4006,09,Guayas,0000,Total Nacional,Ecuador,Seguridad interna,Seguridad ciudadana,Denuncias de violaciones,Total,Total,82,No Aplica,"Es el acceso carnal, con introducción total o parcial del miembro viril, por vía oral, anal o vaginal; o la introducción, por vía vaginal o anal, de objetos, dedos u órganos distintos al miembro viril, a una persona de cualquier sexo.",2016,6,Fiscalía General del Estado - INEC,Denuncias,Paz,ODS 16
4006,10,Imbabura,0000,Total Nacional,Ecuador,Seguridad interna,Seguridad ciudadana,Denuncias de violaciones,Total,Total,12,No Aplica,"Es el acceso carnal, con introducción total o parcial del miembro viril, por vía oral, anal o vaginal; o la introducción, por vía vaginal o anal, de objetos, dedos u órganos distintos al miembro viril, a una persona de cualquier sexo.",2016,6,Fiscalía General del Estado - INEC,Denuncias,Paz,ODS 16
4006,11,Loja,0000,Total Nacional,Ecuador,Seguridad interna,Seguridad ciudadana,Denuncias de violaciones,Total,Total,12,No Aplica,"Es el acceso carnal, con introducción total o parcial del miembro viril, por vía oral, anal o vaginal; o la introducción, por vía vaginal o anal, de objetos, dedos u órganos distintos al miembro viril, a una persona de cualquier sexo.",2016,6,Fiscalía General del Estado - INEC,Denuncias,Paz,ODS 16
4006,12,Los Ríos,0000,Total Nacional,Ecuador,Seguridad interna,Seguridad ciudadana,Denuncias de violaciones,Total,Total,13,No Aplica,"Es el acceso carnal, con introducción total o parcial del miembro viril, por vía oral, anal o vaginal; o la introducción, por vía vaginal o anal, de objetos, dedos u órganos distintos al miembro viril, a una persona de cualquier sexo.",2016,6,Fiscalía General del Estado - INEC,Denuncias,Paz,ODS 16
4006,13,Manabí,0000,Total Nacional,Ecuador,Seguridad interna,Seguridad ciudadana,Denuncias de violaciones,Total,Total,33,No Aplica,"Es el acceso carnal, con introducción total o parcial del miembro viril, por vía oral, anal o vaginal; o la introducción, por vía vaginal o anal, de objetos, dedos u órganos distintos al miembro viril, a una persona de cualquier sexo.",2016,6,Fiscalía General del Estado - INEC,Denuncias,Paz,ODS 16
4006,14,Morona Santiago,0000,Total Nacional,Ecuador,Seguridad interna,Seguridad ciudadana,Denuncias de violaciones,Total,Total,7,No Aplica,"Es el acceso carnal, con introducción total o parcial del miembro viril, por vía oral, anal o vaginal; o la introducción, por vía vaginal o anal, de objetos, dedos u órganos distintos al miembro viril, a una persona de cualquier sexo.",2016,6,Fiscalía General del Estado - INEC,Denuncias,Paz,ODS 16
4006,15,Napo,0000,Total Nacional,Ecuador,Seguridad interna,Seguridad ciudadana,Denuncias de violaciones,Total,Total,2,No Aplica,"Es el acceso carnal, con introducción total o parcial del miembro viril, por vía oral, anal o vaginal; o la introducción, por vía vaginal o anal, de objetos, dedos u órganos distintos al miembro viril, a una persona de cualquier sexo.",2016,6,Fiscalía General del Estado - INEC,Denuncias,Paz,ODS 16
4006,16,Pastaza,0000,Total Nacional,Ecuador,Seguridad interna,Seguridad ciudadana,Denuncias de violaciones,Total,Total,3,No Aplica,"Es el acceso carnal, con introducción total o parcial del miembro viril, por vía oral, anal o vaginal; o la introducción, por vía vaginal o anal, de objetos, dedos u órganos distintos al miembro viril, a una persona de cualquier sexo.",2016,6,Fiscalía General del Estado - INEC,Denuncias,Paz,ODS 16
4006,17,Pichincha,0000,Total Nacional,Ecuador,Seguridad interna,Seguridad ciudadana,Denuncias de violaciones,Total,Total,65,No Aplica,"Es el acceso carnal, con introducción total o parcial del miembro viril, por vía oral, anal o vaginal; o la introducción, por vía vaginal o anal, de objetos, dedos u órganos distintos al miembro viril, a una persona de cualquier sexo.",2016,6,Fiscalía General del Estado - INEC,Denuncias,Paz,ODS 16
4006,18,Tungurahua,0000,Total Nacional,Ecuador,Seguridad interna,Seguridad ciudadana,Denuncias de violaciones,Total,Total,5,No Aplica,"Es el acceso carnal, con introducción total o parcial del miembro viril, por vía oral, anal o vaginal; o la introducción, por vía vaginal o anal, de objetos, dedos u órganos distintos al miembro viril, a una persona de cualquier sexo.",2016,6,Fiscalía General del Estado - INEC,Denuncias,Paz,ODS 16
4006,19,Zamora Chinchipe,0000,Total Nacional,Ecuador,Seguridad interna,Seguridad ciudadana,Denuncias de violaciones,Total,Total,5,No Aplica,"Es el acceso carnal, con introducción total o parcial del miembro viril, por vía oral, anal o vaginal; o la introducción, por vía vaginal o anal, de objetos, dedos u órganos distintos al miembro viril, a una persona de cualquier sexo.",2016,6,Fiscalía General del Estado - INEC,Denuncias,Paz,ODS 16
4006,20,Galápagos,0000,Total Nacional,Ecuador,Seguridad interna,Seguridad ciudadana,Denuncias de violaciones,Total,Total,0,No Aplica,"Es el acceso carnal, con introducción total o parcial del miembro viril, por vía oral, anal o vaginal; o la introducción, por vía vaginal o anal, de objetos, dedos u órganos distintos al miembro viril, a una persona de cualquier sexo.",2016,6,Fiscalía General del Estado - INEC,Denuncias,Paz,ODS 16
4006,21,Sucumbios,0000,Total Nacional,Ecuador,Seguridad interna,Seguridad ciudadana,Denuncias de violaciones,Total,Total,7,No Aplica,"Es el acceso carnal, con introducción total o parcial del miembro viril, por vía oral, anal o vaginal; o la introducción, por vía vaginal o anal, de objetos, dedos u órganos distintos al miembro viril, a una persona de cualquier sexo.",2016,6,Fiscalía General del Estado - INEC,Denuncias,Paz,ODS 16
4006,22,Orellana,0000,Total Nacional,Ecuador,Seguridad interna,Seguridad ciudadana,Denuncias de violaciones,Total,Total,9,No Aplica,"Es el acceso carnal, con introducción total o parcial del miembro viril, por vía oral, anal o vaginal; o la introducción, por vía vaginal o anal, de objetos, dedos u órganos distintos al miembro viril, a una persona de cualquier sexo.",2016,6,Fiscalía General del Estado - INEC,Denuncias,Paz,ODS 16
4006,23,Santo Domingo de los Tsáchilas,0000,Total Nacional,Ecuador,Seguridad interna,Seguridad ciudadana,Denuncias de violaciones,Total,Total,16,No Aplica,"Es el acceso carnal, con introducción total o parcial del miembro viril, por vía oral, anal o vaginal; o la introducción, por vía vaginal o anal, de objetos, dedos u órganos distintos al miembro viril, a una persona de cualquier sexo.",2016,6,Fiscalía General del Estado - INEC,Denuncias,Paz,ODS 16
4006,24,Santa Elena,0000,Total Nacional,Ecuador,Seguridad interna,Seguridad ciudadana,Denuncias de violaciones,Total,Total,11,No Aplica,"Es el acceso carnal, con introducción total o parcial del miembro viril, por vía oral, anal o vaginal; o la introducción, por vía vaginal o anal, de objetos, dedos u órganos distintos al miembro viril, a una persona de cualquier sexo.",2016,6,Fiscalía General del Estado - INEC,Denuncias,Paz,ODS 16
4006,00,Total Nacional,0000,Total Nacional,Ecuador,Seguridad interna,Seguridad ciudadana,Denuncias de violaciones,Total,Total,416,No Aplica,"Es el acceso carnal, con introducción total o parcial del miembro viril, por vía oral, anal o vaginal; o la introducción, por vía vaginal o anal, de objetos, dedos u órganos distintos al miembro viril, a una persona de cualquier sexo.",2016,5,Fiscalía General del Estado - INEC,Denuncias,Paz,ODS 16
4006,01,Azuay,0000,Total Nacional,Ecuador,Seguridad interna,Seguridad ciudadana,Denuncias de violaciones,Total,Total,29,No Aplica,"Es el acceso carnal, con introducción total o parcial del miembro viril, por vía oral, anal o vaginal; o la introducción, por vía vaginal o anal, de objetos, dedos u órganos distintos al miembro viril, a una persona de cualquier sexo.",2016,5,Fiscalía General del Estado - INEC,Denuncias,Paz,ODS 16
4006,02,Bolívar,0000,Total Nacional,Ecuador,Seguridad interna,Seguridad ciudadana,Denuncias de violaciones,Total,Total,5,No Aplica,"Es el acceso carnal, con introducción total o parcial del miembro viril, por vía oral, anal o vaginal; o la introducción, por vía vaginal o anal, de objetos, dedos u órganos distintos al miembro viril, a una persona de cualquier sexo.",2016,5,Fiscalía General del Estado - INEC,Denuncias,Paz,ODS 16
4006,03,Cañar,0000,Total Nacional,Ecuador,Seguridad interna,Seguridad ciudadana,Denuncias de violaciones,Total,Total,13,No Aplica,"Es el acceso carnal, con introducción total o parcial del miembro viril, por vía oral, anal o vaginal; o la introducción, por vía vaginal o anal, de objetos, dedos u órganos distintos al miembro viril, a una persona de cualquier sexo.",2016,5,Fiscalía General del Estado - INEC,Denuncias,Paz,ODS 16
4006,04,Carchi,0000,Total Nacional,Ecuador,Seguridad interna,Seguridad ciudadana,Denuncias de violaciones,Total,Total,6,No Aplica,"Es el acceso carnal, con introducción total o parcial del miembro viril, por vía oral, anal o vaginal; o la introducción, por vía vaginal o anal, de objetos, dedos u órganos distintos al miembro viril, a una persona de cualquier sexo.",2016,5,Fiscalía General del Estado - INEC,Denuncias,Paz,ODS 16
4006,05,Cotopaxi,0000,Total Nacional,Ecuador,Seguridad interna,Seguridad ciudadana,Denuncias de violaciones,Total,Total,5,No Aplica,"Es el acceso carnal, con introducción total o parcial del miembro viril, por vía oral, anal o vaginal; o la introducción, por vía vaginal o anal, de objetos, dedos u órganos distintos al miembro viril, a una persona de cualquier sexo.",2016,5,Fiscalía General del Estado - INEC,Denuncias,Paz,ODS 16
4006,06,Chimborazo,0000,Total Nacional,Ecuador,Seguridad interna,Seguridad ciudadana,Denuncias de violaciones,Total,Total,9,No Aplica,"Es el acceso carnal, con introducción total o parcial del miembro viril, por vía oral, anal o vaginal; o la introducción, por vía vaginal o anal, de objetos, dedos u órganos distintos al miembro viril, a una persona de cualquier sexo.",2016,5,Fiscalía General del Estado - INEC,Denuncias,Paz,ODS 16
4006,07,El Oro,0000,Total Nacional,Ecuador,Seguridad interna,Seguridad ciudadana,Denuncias de violaciones,Total,Total,12,No Aplica,"Es el acceso carnal, con introducción total o parcial del miembro viril, por vía oral, anal o vaginal; o la introducción, por vía vaginal o anal, de objetos, dedos u órganos distintos al miembro viril, a una persona de cualquier sexo.",2016,5,Fiscalía General del Estado - INEC,Denuncias,Paz,ODS 16
4006,08,Esmeraldas,0000,Total Nacional,Ecuador,Seguridad interna,Seguridad ciudadana,Denuncias de violaciones,Total,Total,20,No Aplica,"Es el acceso carnal, con introducción total o parcial del miembro viril, por vía oral, anal o vaginal; o la introducción, por vía vaginal o anal, de objetos, dedos u órganos distintos al miembro viril, a una persona de cualquier sexo.",2016,5,Fiscalía General del Estado - INEC,Denuncias,Paz,ODS 16
4006,09,Guayas,0000,Total Nacional,Ecuador,Seguridad interna,Seguridad ciudadana,Denuncias de violaciones,Total,Total,75,No Aplica,"Es el acceso carnal, con introducción total o parcial del miembro viril, por vía oral, anal o vaginal; o la introducción, por vía vaginal o anal, de objetos, dedos u órganos distintos al miembro viril, a una persona de cualquier sexo.",2016,5,Fiscalía General del Estado - INEC,Denuncias,Paz,ODS 16
4006,10,Imbabura,0000,Total Nacional,Ecuador,Seguridad interna,Seguridad ciudadana,Denuncias de violaciones,Total,Total,10,No Aplica,"Es el acceso carnal, con introducción total o parcial del miembro viril, por vía oral, anal o vaginal; o la introducción, por vía vaginal o anal, de objetos, dedos u órganos distintos al miembro viril, a una persona de cualquier sexo.",2016,5,Fiscalía General del Estado - INEC,Denuncias,Paz,ODS 16
4006,11,Loja,0000,Total Nacional,Ecuador,Seguridad interna,Seguridad ciudadana,Denuncias de violaciones,Total,Total,17,No Aplica,"Es el acceso carnal, con introducción total o parcial del miembro viril, por vía oral, anal o vaginal; o la introducción, por vía vaginal o anal, de objetos, dedos u órganos distintos al miembro viril, a una persona de cualquier sexo.",2016,5,Fiscalía General del Estado - INEC,Denuncias,Paz,ODS 16
4006,12,Los Ríos,0000,Total Nacional,Ecuador,Seguridad interna,Seguridad ciudadana,Denuncias de violaciones,Total,Total,27,No Aplica,"Es el acceso carnal, con introducción total o parcial del miembro viril, por vía oral, anal o vaginal; o la introducción, por vía vaginal o anal, de objetos, dedos u órganos distintos al miembro viril, a una persona de cualquier sexo.",2016,5,Fiscalía General del Estado - INEC,Denuncias,Paz,ODS 16
4006,13,Manabí,0000,Total Nacional,Ecuador,Seguridad interna,Seguridad ciudadana,Denuncias de violaciones,Total,Total,29,No Aplica,"Es el acceso carnal, con introducción total o parcial del miembro viril, por vía oral, anal o vaginal; o la introducción, por vía vaginal o anal, de objetos, dedos u órganos distintos al miembro viril, a una persona de cualquier sexo.",2016,5,Fiscalía General del Estado - INEC,Denuncias,Paz,ODS 16
4006,14,Morona Santiago,0000,Total Nacional,Ecuador,Seguridad interna,Seguridad ciudadana,Denuncias de violaciones,Total,Total,16,No Aplica,"Es el acceso carnal, con introducción total o parcial del miembro viril, por vía oral, anal o vaginal; o la introducción, por vía vaginal o anal, de objetos, dedos u órganos distintos al miembro viril, a una persona de cualquier sexo.",2016,5,Fiscalía General del Estado - INEC,Denuncias,Paz,ODS 16
4006,15,Napo,0000,Total Nacional,Ecuador,Seguridad interna,Seguridad ciudadana,Denuncias de violaciones,Total,Total,8,No Aplica,"Es el acceso carnal, con introducción total o parcial del miembro viril, por vía oral, anal o vaginal; o la introducción, por vía vaginal o anal, de objetos, dedos u órganos distintos al miembro viril, a una persona de cualquier sexo.",2016,5,Fiscalía General del Estado - INEC,Denuncias,Paz,ODS 16
4006,16,Pastaza,0000,Total Nacional,Ecuador,Seguridad interna,Seguridad ciudadana,Denuncias de violaciones,Total,Total,5,No Aplica,"Es el acceso carnal, con introducción total o parcial del miembro viril, por vía oral, anal o vaginal; o la introducción, por vía vaginal o anal, de objetos, dedos u órganos distintos al miembro viril, a una persona de cualquier sexo.",2016,5,Fiscalía General del Estado - INEC,Denuncias,Paz,ODS 16
4006,17,Pichincha,0000,Total Nacional,Ecuador,Seguridad interna,Seguridad ciudadana,Denuncias de violaciones,Total,Total,78,No Aplica,"Es el acceso carnal, con introducción total o parcial del miembro viril, por vía oral, anal o vaginal; o la introducción, por vía vaginal o anal, de objetos, dedos u órganos distintos al miembro viril, a una persona de cualquier sexo.",2016,5,Fiscalía General del Estado - INEC,Denuncias,Paz,ODS 16
4006,18,Tungurahua,0000,Total Nacional,Ecuador,Seguridad interna,Seguridad ciudadana,Denuncias de violaciones,Total,Total,12,No Aplica,"Es el acceso carnal, con introducción total o parcial del miembro viril, por vía oral, anal o vaginal; o la introducción, por vía vaginal o anal, de objetos, dedos u órganos distintos al miembro viril, a una persona de cualquier sexo.",2016,5,Fiscalía General del Estado - INEC,Denuncias,Paz,ODS 16
4006,19,Zamora Chinchipe,0000,Total Nacional,Ecuador,Seguridad interna,Seguridad ciudadana,Denuncias de violaciones,Total,Total,5,No Aplica,"Es el acceso carnal, con introducción total o parcial del miembro viril, por vía oral, anal o vaginal; o la introducción, por vía vaginal o anal, de objetos, dedos u órganos distintos al miembro viril, a una persona de cualquier sexo.",2016,5,Fiscalía General del Estado - INEC,Denuncias,Paz,ODS 16
4006,20,Galápagos,0000,Total Nacional,Ecuador,Seguridad interna,Seguridad ciudadana,Denuncias de violaciones,Total,Total,0,No Aplica,"Es el acceso carnal, con introducción total o parcial del miembro viril, por vía oral, anal o vaginal; o la introducción, por vía vaginal o anal, de objetos, dedos u órganos distintos al miembro viril, a una persona de cualquier sexo.",2016,5,Fiscalía General del Estado - INEC,Denuncias,Paz,ODS 16
4006,21,Sucumbios,0000,Total Nacional,Ecuador,Seguridad interna,Seguridad ciudadana,Denuncias de violaciones,Total,Total,10,No Aplica,"Es el acceso carnal, con introducción total o parcial del miembro viril, por vía oral, anal o vaginal; o la introducción, por vía vaginal o anal, de objetos, dedos u órganos distintos al miembro viril, a una persona de cualquier sexo.",2016,5,Fiscalía General del Estado - INEC,Denuncias,Paz,ODS 16
4006,22,Orellana,0000,Total Nacional,Ecuador,Seguridad interna,Seguridad ciudadana,Denuncias de violaciones,Total,Total,12,No Aplica,"Es el acceso carnal, con introducción total o parcial del miembro viril, por vía oral, anal o vaginal; o la introducción, por vía vaginal o anal, de objetos, dedos u órganos distintos al miembro viril, a una persona de cualquier sexo.",2016,5,Fiscalía General del Estado - INEC,Denuncias,Paz,ODS 16
4006,23,Santo Domingo de los Tsáchilas,0000,Total Nacional,Ecuador,Seguridad interna,Seguridad ciudadana,Denuncias de violaciones,Total,Total,10,No Aplica,"Es el acceso carnal, con introducción total o parcial del miembro viril, por vía oral, anal o vaginal; o la introducción, por vía vaginal o anal, de objetos, dedos u órganos distintos al miembro viril, a una persona de cualquier sexo.",2016,5,Fiscalía General del Estado - INEC,Denuncias,Paz,ODS 16
4006,24,Santa Elena,0000,Total Nacional,Ecuador,Seguridad interna,Seguridad ciudadana,Denuncias de violaciones,Total,Total,3,No Aplica,"Es el acceso carnal, con introducción total o parcial del miembro viril, por vía oral, anal o vaginal; o la introducción, por vía vaginal o anal, de objetos, dedos u órganos distintos al miembro viril, a una persona de cualquier sexo.",2016,5,Fiscalía General del Estado - INEC,Denuncias,Paz,ODS 16
4006,00,Total Nacional,0000,Total Nacional,Ecuador,Seguridad interna,Seguridad ciudadana,Denuncias de violaciones,Total,Total,364,No Aplica,"Es el acceso carnal, con introducción total o parcial del miembro viril, por vía oral, anal o vaginal; o la introducción, por vía vaginal o anal, de objetos, dedos u órganos distintos al miembro viril, a una persona de cualquier sexo.",2016,4,Fiscalía General del Estado - INEC,Denuncias,Paz,ODS 16
4006,01,Azuay,0000,Total Nacional,Ecuador,Seguridad interna,Seguridad ciudadana,Denuncias de violaciones,Total,Total,26,No Aplica,"Es el acceso carnal, con introducción total o parcial del miembro viril, por vía oral, anal o vaginal; o la introducción, por vía vaginal o anal, de objetos, dedos u órganos distintos al miembro viril, a una persona de cualquier sexo.",2016,4,Fiscalía General del Estado - INEC,Denuncias,Paz,ODS 16
4006,02,Bolívar,0000,Total Nacional,Ecuador,Seguridad interna,Seguridad ciudadana,Denuncias de violaciones,Total,Total,2,No Aplica,"Es el acceso carnal, con introducción total o parcial del miembro viril, por vía oral, anal o vaginal; o la introducción, por vía vaginal o anal, de objetos, dedos u órganos distintos al miembro viril, a una persona de cualquier sexo.",2016,4,Fiscalía General del Estado - INEC,Denuncias,Paz,ODS 16
4006,03,Cañar,0000,Total Nacional,Ecuador,Seguridad interna,Seguridad ciudadana,Denuncias de violaciones,Total,Total,4,No Aplica,"Es el acceso carnal, con introducción total o parcial del miembro viril, por vía oral, anal o vaginal; o la introducción, por vía vaginal o anal, de objetos, dedos u órganos distintos al miembro viril, a una persona de cualquier sexo.",2016,4,Fiscalía General del Estado - INEC,Denuncias,Paz,ODS 16
4006,04,Carchi,0000,Total Nacional,Ecuador,Seguridad interna,Seguridad ciudadana,Denuncias de violaciones,Total,Total,8,No Aplica,"Es el acceso carnal, con introducción total o parcial del miembro viril, por vía oral, anal o vaginal; o la introducción, por vía vaginal o anal, de objetos, dedos u órganos distintos al miembro viril, a una persona de cualquier sexo.",2016,4,Fiscalía General del Estado - INEC,Denuncias,Paz,ODS 16
4006,05,Cotopaxi,0000,Total Nacional,Ecuador,Seguridad interna,Seguridad ciudadana,Denuncias de violaciones,Total,Total,6,No Aplica,"Es el acceso carnal, con introducción total o parcial del miembro viril, por vía oral, anal o vaginal; o la introducción, por vía vaginal o anal, de objetos, dedos u órganos distintos al miembro viril, a una persona de cualquier sexo.",2016,4,Fiscalía General del Estado - INEC,Denuncias,Paz,ODS 16
4006,06,Chimborazo,0000,Total Nacional,Ecuador,Seguridad interna,Seguridad ciudadana,Denuncias de violaciones,Total,Total,8,No Aplica,"Es el acceso carnal, con introducción total o parcial del miembro viril, por vía oral, anal o vaginal; o la introducción, por vía vaginal o anal, de objetos, dedos u órganos distintos al miembro viril, a una persona de cualquier sexo.",2016,4,Fiscalía General del Estado - INEC,Denuncias,Paz,ODS 16
4006,07,El Oro,0000,Total Nacional,Ecuador,Seguridad interna,Seguridad ciudadana,Denuncias de violaciones,Total,Total,26,No Aplica,"Es el acceso carnal, con introducción total o parcial del miembro viril, por vía oral, anal o vaginal; o la introducción, por vía vaginal o anal, de objetos, dedos u órganos distintos al miembro viril, a una persona de cualquier sexo.",2016,4,Fiscalía General del Estado - INEC,Denuncias,Paz,ODS 16
4006,08,Esmeraldas,0000,Total Nacional,Ecuador,Seguridad interna,Seguridad ciudadana,Denuncias de violaciones,Total,Total,15,No Aplica,"Es el acceso carnal, con introducción total o parcial del miembro viril, por vía oral, anal o vaginal; o la introducción, por vía vaginal o anal, de objetos, dedos u órganos distintos al miembro viril, a una persona de cualquier sexo.",2016,4,Fiscalía General del Estado - INEC,Denuncias,Paz,ODS 16
4006,09,Guayas,0000,Total Nacional,Ecuador,Seguridad interna,Seguridad ciudadana,Denuncias de violaciones,Total,Total,66,No Aplica,"Es el acceso carnal, con introducción total o parcial del miembro viril, por vía oral, anal o vaginal; o la introducción, por vía vaginal o anal, de objetos, dedos u órganos distintos al miembro viril, a una persona de cualquier sexo.",2016,4,Fiscalía General del Estado - INEC,Denuncias,Paz,ODS 16
4006,10,Imbabura,0000,Total Nacional,Ecuador,Seguridad interna,Seguridad ciudadana,Denuncias de violaciones,Total,Total,11,No Aplica,"Es el acceso carnal, con introducción total o parcial del miembro viril, por vía oral, anal o vaginal; o la introducción, por vía vaginal o anal, de objetos, dedos u órganos distintos al miembro viril, a una persona de cualquier sexo.",2016,4,Fiscalía General del Estado - INEC,Denuncias,Paz,ODS 16
4006,11,Loja,0000,Total Nacional,Ecuador,Seguridad interna,Seguridad ciudadana,Denuncias de violaciones,Total,Total,6,No Aplica,"Es el acceso carnal, con introducción total o parcial del miembro viril, por vía oral, anal o vaginal; o la introducción, por vía vaginal o anal, de objetos, dedos u órganos distintos al miembro viril, a una persona de cualquier sexo.",2016,4,Fiscalía General del Estado - INEC,Denuncias,Paz,ODS 16
4006,12,Los Ríos,0000,Total Nacional,Ecuador,Seguridad interna,Seguridad ciudadana,Denuncias de violaciones,Total,Total,18,No Aplica,"Es el acceso carnal, con introducción total o parcial del miembro viril, por vía oral, anal o vaginal; o la introducción, por vía vaginal o anal, de objetos, dedos u órganos distintos al miembro viril, a una persona de cualquier sexo.",2016,4,Fiscalía General del Estado - INEC,Denuncias,Paz,ODS 16
4006,13,Manabí,0000,Total Nacional,Ecuador,Seguridad interna,Seguridad ciudadana,Denuncias de violaciones,Total,Total,20,No Aplica,"Es el acceso carnal, con introducción total o parcial del miembro viril, por vía oral, anal o vaginal; o la introducción, por vía vaginal o anal, de objetos, dedos u órganos distintos al miembro viril, a una persona de cualquier sexo.",2016,4,Fiscalía General del Estado - INEC,Denuncias,Paz,ODS 16
4006,14,Morona Santiago,0000,Total Nacional,Ecuador,Seguridad interna,Seguridad ciudadana,Denuncias de violaciones,Total,Total,16,No Aplica,"Es el acceso carnal, con introducción total o parcial del miembro viril, por vía oral, anal o vaginal; o la introducción, por vía vaginal o anal, de objetos, dedos u órganos distintos al miembro viril, a una persona de cualquier sexo.",2016,4,Fiscalía General del Estado - INEC,Denuncias,Paz,ODS 16
4006,15,Napo,0000,Total Nacional,Ecuador,Seguridad interna,Seguridad ciudadana,Denuncias de violaciones,Total,Total,7,No Aplica,"Es el acceso carnal, con introducción total o parcial del miembro viril, por vía oral, anal o vaginal; o la introducción, por vía vaginal o anal, de objetos, dedos u órganos distintos al miembro viril, a una persona de cualquier sexo.",2016,4,Fiscalía General del Estado - INEC,Denuncias,Paz,ODS 16
4006,16,Pastaza,0000,Total Nacional,Ecuador,Seguridad interna,Seguridad ciudadana,Denuncias de violaciones,Total,Total,4,No Aplica,"Es el acceso carnal, con introducción total o parcial del miembro viril, por vía oral, anal o vaginal; o la introducción, por vía vaginal o anal, de objetos, dedos u órganos distintos al miembro viril, a una persona de cualquier sexo.",2016,4,Fiscalía General del Estado - INEC,Denuncias,Paz,ODS 16
4006,17,Pichincha,0000,Total Nacional,Ecuador,Seguridad interna,Seguridad ciudadana,Denuncias de violaciones,Total,Total,70,No Aplica,"Es el acceso carnal, con introducción total o parcial del miembro viril, por vía oral, anal o vaginal; o la introducción, por vía vaginal o anal, de objetos, dedos u órganos distintos al miembro viril, a una persona de cualquier sexo.",2016,4,Fiscalía General del Estado - INEC,Denuncias,Paz,ODS 16
4006,18,Tungurahua,0000,Total Nacional,Ecuador,Seguridad interna,Seguridad ciudadana,Denuncias de violaciones,Total,Total,7,No Aplica,"Es el acceso carnal, con introducción total o parcial del miembro viril, por vía oral, anal o vaginal; o la introducción, por vía vaginal o anal, de objetos, dedos u órganos distintos al miembro viril, a una persona de cualquier sexo.",2016,4,Fiscalía General del Estado - INEC,Denuncias,Paz,ODS 16
4006,19,Zamora Chinchipe,0000,Total Nacional,Ecuador,Seguridad interna,Seguridad ciudadana,Denuncias de violaciones,Total,Total,2,No Aplica,"Es el acceso carnal, con introducción total o parcial del miembro viril, por vía oral, anal o vaginal; o la introducción, por vía vaginal o anal, de objetos, dedos u órganos distintos al miembro viril, a una persona de cualquier sexo.",2016,4,Fiscalía General del Estado - INEC,Denuncias,Paz,ODS 16
4006,20,Galápagos,0000,Total Nacional,Ecuador,Seguridad interna,Seguridad ciudadana,Denuncias de violaciones,Total,Total,2,No Aplica,"Es el acceso carnal, con introducción total o parcial del miembro viril, por vía oral, anal o vaginal; o la introducción, por vía vaginal o anal, de objetos, dedos u órganos distintos al miembro viril, a una persona de cualquier sexo.",2016,4,Fiscalía General del Estado - INEC,Denuncias,Paz,ODS 16
4006,21,Sucumbios,0000,Total Nacional,Ecuador,Seguridad interna,Seguridad ciudadana,Denuncias de violaciones,Total,Total,8,No Aplica,"Es el acceso carnal, con introducción total o parcial del miembro viril, por vía oral, anal o vaginal; o la introducción, por vía vaginal o anal, de objetos, dedos u órganos distintos al miembro viril, a una persona de cualquier sexo.",2016,4,Fiscalía General del Estado - INEC,Denuncias,Paz,ODS 16
4006,22,Orellana,0000,Total Nacional,Ecuador,Seguridad interna,Seguridad ciudadana,Denuncias de violaciones,Total,Total,7,No Aplica,"Es el acceso carnal, con introducción total o parcial del miembro viril, por vía oral, anal o vaginal; o la introducción, por vía vaginal o anal, de objetos, dedos u órganos distintos al miembro viril, a una persona de cualquier sexo.",2016,4,Fiscalía General del Estado - INEC,Denuncias,Paz,ODS 16
4006,23,Santo Domingo de los Tsáchilas,0000,Total Nacional,Ecuador,Seguridad interna,Seguridad ciudadana,Denuncias de violaciones,Total,Total,20,No Aplica,"Es el acceso carnal, con introducción total o parcial del miembro viril, por vía oral, anal o vaginal; o la introducción, por vía vaginal o anal, de objetos, dedos u órganos distintos al miembro viril, a una persona de cualquier sexo.",2016,4,Fiscalía General del Estado - INEC,Denuncias,Paz,ODS 16
4006,24,Santa Elena,0000,Total Nacional,Ecuador,Seguridad interna,Seguridad ciudadana,Denuncias de violaciones,Total,Total,5,No Aplica,"Es el acceso carnal, con introducción total o parcial del miembro viril, por vía oral, anal o vaginal; o la introducción, por vía vaginal o anal, de objetos, dedos u órganos distintos al miembro viril, a una persona de cualquier sexo.",2016,4,Fiscalía General del Estado - INEC,Denuncias,Paz,ODS 16
4006,00,Total Nacional,0000,Total Nacional,Ecuador,Seguridad interna,Seguridad ciudadana,Denuncias de violaciones,Total,Total,366,No Aplica,"Es el acceso carnal, con introducción total o parcial del miembro viril, por vía oral, anal o vaginal; o la introducción, por vía vaginal o anal, de objetos, dedos u órganos distintos al miembro viril, a una persona de cualquier sexo.",2016,3,Fiscalía General del Estado - INEC,Denuncias,Paz,ODS 16
4006,01,Azuay,0000,Total Nacional,Ecuador,Seguridad interna,Seguridad ciudadana,Denuncias de violaciones,Total,Total,28,No Aplica,"Es el acceso carnal, con introducción total o parcial del miembro viril, por vía oral, anal o vaginal; o la introducción, por vía vaginal o anal, de objetos, dedos u órganos distintos al miembro viril, a una persona de cualquier sexo.",2016,3,Fiscalía General del Estado - INEC,Denuncias,Paz,ODS 16
4006,02,Bolívar,0000,Total Nacional,Ecuador,Seguridad interna,Seguridad ciudadana,Denuncias de violaciones,Total,Total,5,No Aplica,"Es el acceso carnal, con introducción total o parcial del miembro viril, por vía oral, anal o vaginal; o la introducción, por vía vaginal o anal, de objetos, dedos u órganos distintos al miembro viril, a una persona de cualquier sexo.",2016,3,Fiscalía General del Estado - INEC,Denuncias,Paz,ODS 16
4006,03,Cañar,0000,Total Nacional,Ecuador,Seguridad interna,Seguridad ciudadana,Denuncias de violaciones,Total,Total,4,No Aplica,"Es el acceso carnal, con introducción total o parcial del miembro viril, por vía oral, anal o vaginal; o la introducción, por vía vaginal o anal, de objetos, dedos u órganos distintos al miembro viril, a una persona de cualquier sexo.",2016,3,Fiscalía General del Estado - INEC,Denuncias,Paz,ODS 16
4006,04,Carchi,0000,Total Nacional,Ecuador,Seguridad interna,Seguridad ciudadana,Denuncias de violaciones,Total,Total,3,No Aplica,"Es el acceso carnal, con introducción total o parcial del miembro viril, por vía oral, anal o vaginal; o la introducción, por vía vaginal o anal, de objetos, dedos u órganos distintos al miembro viril, a una persona de cualquier sexo.",2016,3,Fiscalía General del Estado - INEC,Denuncias,Paz,ODS 16
4006,05,Cotopaxi,0000,Total Nacional,Ecuador,Seguridad interna,Seguridad ciudadana,Denuncias de violaciones,Total,Total,5,No Aplica,"Es el acceso carnal, con introducción total o parcial del miembro viril, por vía oral, anal o vaginal; o la introducción, por vía vaginal o anal, de objetos, dedos u órganos distintos al miembro viril, a una persona de cualquier sexo.",2016,3,Fiscalía General del Estado - INEC,Denuncias,Paz,ODS 16
4006,06,Chimborazo,0000,Total Nacional,Ecuador,Seguridad interna,Seguridad ciudadana,Denuncias de violaciones,Total,Total,12,No Aplica,"Es el acceso carnal, con introducción total o parcial del miembro viril, por vía oral, anal o vaginal; o la introducción, por vía vaginal o anal, de objetos, dedos u órganos distintos al miembro viril, a una persona de cualquier sexo.",2016,3,Fiscalía General del Estado - INEC,Denuncias,Paz,ODS 16
4006,07,El Oro,0000,Total Nacional,Ecuador,Seguridad interna,Seguridad ciudadana,Denuncias de violaciones,Total,Total,27,No Aplica,"Es el acceso carnal, con introducción total o parcial del miembro viril, por vía oral, anal o vaginal; o la introducción, por vía vaginal o anal, de objetos, dedos u órganos distintos al miembro viril, a una persona de cualquier sexo.",2016,3,Fiscalía General del Estado - INEC,Denuncias,Paz,ODS 16
4006,08,Esmeraldas,0000,Total Nacional,Ecuador,Seguridad interna,Seguridad ciudadana,Denuncias de violaciones,Total,Total,11,No Aplica,"Es el acceso carnal, con introducción total o parcial del miembro viril, por vía oral, anal o vaginal; o la introducción, por vía vaginal o anal, de objetos, dedos u órganos distintos al miembro viril, a una persona de cualquier sexo.",2016,3,Fiscalía General del Estado - INEC,Denuncias,Paz,ODS 16
4006,09,Guayas,0000,Total Nacional,Ecuador,Seguridad interna,Seguridad ciudadana,Denuncias de violaciones,Total,Total,68,No Aplica,"Es el acceso carnal, con introducción total o parcial del miembro viril, por vía oral, anal o vaginal; o la introducción, por vía vaginal o anal, de objetos, dedos u órganos distintos al miembro viril, a una persona de cualquier sexo.",2016,3,Fiscalía General del Estado - INEC,Denuncias,Paz,ODS 16
4006,10,Imbabura,0000,Total Nacional,Ecuador,Seguridad interna,Seguridad ciudadana,Denuncias de violaciones,Total,Total,11,No Aplica,"Es el acceso carnal, con introducción total o parcial del miembro viril, por vía oral, anal o vaginal; o la introducción, por vía vaginal o anal, de objetos, dedos u órganos distintos al miembro viril, a una persona de cualquier sexo.",2016,3,Fiscalía General del Estado - INEC,Denuncias,Paz,ODS 16
4006,11,Loja,0000,Total Nacional,Ecuador,Seguridad interna,Seguridad ciudadana,Denuncias de violaciones,Total,Total,21,No Aplica,"Es el acceso carnal, con introducción total o parcial del miembro viril, por vía oral, anal o vaginal; o la introducción, por vía vaginal o anal, de objetos, dedos u órganos distintos al miembro viril, a una persona de cualquier sexo.",2016,3,Fiscalía General del Estado - INEC,Denuncias,Paz,ODS 16
4006,12,Los Ríos,0000,Total Nacional,Ecuador,Seguridad interna,Seguridad ciudadana,Denuncias de violaciones,Total,Total,12,No Aplica,"Es el acceso carnal, con introducción total o parcial del miembro viril, por vía oral, anal o vaginal; o la introducción, por vía vaginal o anal, de objetos, dedos u órganos distintos al miembro viril, a una persona de cualquier sexo.",2016,3,Fiscalía General del Estado - INEC,Denuncias,Paz,ODS 16
4006,13,Manabí,0000,Total Nacional,Ecuador,Seguridad interna,Seguridad ciudadana,Denuncias de violaciones,Total,Total,16,No Aplica,"Es el acceso carnal, con introducción total o parcial del miembro viril, por vía oral, anal o vaginal; o la introducción, por vía vaginal o anal, de objetos, dedos u órganos distintos al miembro viril, a una persona de cualquier sexo.",2016,3,Fiscalía General del Estado - INEC,Denuncias,Paz,ODS 16
4006,14,Morona Santiago,0000,Total Nacional,Ecuador,Seguridad interna,Seguridad ciudadana,Denuncias de violaciones,Total,Total,16,No Aplica,"Es el acceso carnal, con introducción total o parcial del miembro viril, por vía oral, anal o vaginal; o la introducción, por vía vaginal o anal, de objetos, dedos u órganos distintos al miembro viril, a una persona de cualquier sexo.",2016,3,Fiscalía General del Estado - INEC,Denuncias,Paz,ODS 16
4006,15,Napo,0000,Total Nacional,Ecuador,Seguridad interna,Seguridad ciudadana,Denuncias de violaciones,Total,Total,5,No Aplica,"Es el acceso carnal, con introducción total o parcial del miembro viril, por vía oral, anal o vaginal; o la introducción, por vía vaginal o anal, de objetos, dedos u órganos distintos al miembro viril, a una persona de cualquier sexo.",2016,3,Fiscalía General del Estado - INEC,Denuncias,Paz,ODS 16
4006,16,Pastaza,0000,Total Nacional,Ecuador,Seguridad interna,Seguridad ciudadana,Denuncias de violaciones,Total,Total,1,No Aplica,"Es el acceso carnal, con introducción total o parcial del miembro viril, por vía oral, anal o vaginal; o la introducción, por vía vaginal o anal, de objetos, dedos u órganos distintos al miembro viril, a una persona de cualquier sexo.",2016,3,Fiscalía General del Estado - INEC,Denuncias,Paz,ODS 16
4006,17,Pichincha,0000,Total Nacional,Ecuador,Seguridad interna,Seguridad ciudadana,Denuncias de violaciones,Total,Total,71,No Aplica,"Es el acceso carnal, con introducción total o parcial del miembro viril, por vía oral, anal o vaginal; o la introducción, por vía vaginal o anal, de objetos, dedos u órganos distintos al miembro viril, a una persona de cualquier sexo.",2016,3,Fiscalía General del Estado - INEC,Denuncias,Paz,ODS 16
4006,18,Tungurahua,0000,Total Nacional,Ecuador,Seguridad interna,Seguridad ciudadana,Denuncias de violaciones,Total,Total,7,No Aplica,"Es el acceso carnal, con introducción total o parcial del miembro viril, por vía oral, anal o vaginal; o la introducción, por vía vaginal o anal, de objetos, dedos u órganos distintos al miembro viril, a una persona de cualquier sexo.",2016,3,Fiscalía General del Estado - INEC,Denuncias,Paz,ODS 16
4006,19,Zamora Chinchipe,0000,Total Nacional,Ecuador,Seguridad interna,Seguridad ciudadana,Denuncias de violaciones,Total,Total,1,No Aplica,"Es el acceso carnal, con introducción total o parcial del miembro viril, por vía oral, anal o vaginal; o la introducción, por vía vaginal o anal, de objetos, dedos u órganos distintos al miembro viril, a una persona de cualquier sexo.",2016,3,Fiscalía General del Estado - INEC,Denuncias,Paz,ODS 16
4006,20,Galápagos,0000,Total Nacional,Ecuador,Seguridad interna,Seguridad ciudadana,Denuncias de violaciones,Total,Total,1,No Aplica,"Es el acceso carnal, con introducción total o parcial del miembro viril, por vía oral, anal o vaginal; o la introducción, por vía vaginal o anal, de objetos, dedos u órganos distintos al miembro viril, a una persona de cualquier sexo.",2016,3,Fiscalía General del Estado - INEC,Denuncias,Paz,ODS 16
4006,21,Sucumbios,0000,Total Nacional,Ecuador,Seguridad interna,Seguridad ciudadana,Denuncias de violaciones,Total,Total,12,No Aplica,"Es el acceso carnal, con introducción total o parcial del miembro viril, por vía oral, anal o vaginal; o la introducción, por vía vaginal o anal, de objetos, dedos u órganos distintos al miembro viril, a una persona de cualquier sexo.",2016,3,Fiscalía General del Estado - INEC,Denuncias,Paz,ODS 16
4006,22,Orellana,0000,Total Nacional,Ecuador,Seguridad interna,Seguridad ciudadana,Denuncias de violaciones,Total,Total,11,No Aplica,"Es el acceso carnal, con introducción total o parcial del miembro viril, por vía oral, anal o vaginal; o la introducción, por vía vaginal o anal, de objetos, dedos u órganos distintos al miembro viril, a una persona de cualquier sexo.",2016,3,Fiscalía General del Estado - INEC,Denuncias,Paz,ODS 16
4006,23,Santo Domingo de los Tsáchilas,0000,Total Nacional,Ecuador,Seguridad interna,Seguridad ciudadana,Denuncias de violaciones,Total,Total,14,No Aplica,"Es el acceso carnal, con introducción total o parcial del miembro viril, por vía oral, anal o vaginal; o la introducción, por vía vaginal o anal, de objetos, dedos u órganos distintos al miembro viril, a una persona de cualquier sexo.",2016,3,Fiscalía General del Estado - INEC,Denuncias,Paz,ODS 16
4006,24,Santa Elena,0000,Total Nacional,Ecuador,Seguridad interna,Seguridad ciudadana,Denuncias de violaciones,Total,Total,4,No Aplica,"Es el acceso carnal, con introducción total o parcial del miembro viril, por vía oral, anal o vaginal; o la introducción, por vía vaginal o anal, de objetos, dedos u órganos distintos al miembro viril, a una persona de cualquier sexo.",2016,3,Fiscalía General del Estado - INEC,Denuncias,Paz,ODS 16
4006,00,Total Nacional,0000,Total Nacional,Ecuador,Seguridad interna,Seguridad ciudadana,Denuncias de violaciones,Total,Total,353,No Aplica,"Es el acceso carnal, con introducción total o parcial del miembro viril, por vía oral, anal o vaginal; o la introducción, por vía vaginal o anal, de objetos, dedos u órganos distintos al miembro viril, a una persona de cualquier sexo.",2016,2,Fiscalía General del Estado - INEC,Denuncias,Paz,ODS 16
4006,01,Azuay,0000,Total Nacional,Ecuador,Seguridad interna,Seguridad ciudadana,Denuncias de violaciones,Total,Total,19,No Aplica,"Es el acceso carnal, con introducción total o parcial del miembro viril, por vía oral, anal o vaginal; o la introducción, por vía vaginal o anal, de objetos, dedos u órganos distintos al miembro viril, a una persona de cualquier sexo.",2016,2,Fiscalía General del Estado - INEC,Denuncias,Paz,ODS 16
4006,02,Bolívar,0000,Total Nacional,Ecuador,Seguridad interna,Seguridad ciudadana,Denuncias de violaciones,Total,Total,4,No Aplica,"Es el acceso carnal, con introducción total o parcial del miembro viril, por vía oral, anal o vaginal; o la introducción, por vía vaginal o anal, de objetos, dedos u órganos distintos al miembro viril, a una persona de cualquier sexo.",2016,2,Fiscalía General del Estado - INEC,Denuncias,Paz,ODS 16
4006,03,Cañar,0000,Total Nacional,Ecuador,Seguridad interna,Seguridad ciudadana,Denuncias de violaciones,Total,Total,3,No Aplica,"Es el acceso carnal, con introducción total o parcial del miembro viril, por vía oral, anal o vaginal; o la introducción, por vía vaginal o anal, de objetos, dedos u órganos distintos al miembro viril, a una persona de cualquier sexo.",2016,2,Fiscalía General del Estado - INEC,Denuncias,Paz,ODS 16
4006,04,Carchi,0000,Total Nacional,Ecuador,Seguridad interna,Seguridad ciudadana,Denuncias de violaciones,Total,Total,3,No Aplica,"Es el acceso carnal, con introducción total o parcial del miembro viril, por vía oral, anal o vaginal; o la introducción, por vía vaginal o anal, de objetos, dedos u órganos distintos al miembro viril, a una persona de cualquier sexo.",2016,2,Fiscalía General del Estado - INEC,Denuncias,Paz,ODS 16
4006,05,Cotopaxi,0000,Total Nacional,Ecuador,Seguridad interna,Seguridad ciudadana,Denuncias de violaciones,Total,Total,8,No Aplica,"Es el acceso carnal, con introducción total o parcial del miembro viril, por vía oral, anal o vaginal; o la introducción, por vía vaginal o anal, de objetos, dedos u órganos distintos al miembro viril, a una persona de cualquier sexo.",2016,2,Fiscalía General del Estado - INEC,Denuncias,Paz,ODS 16
4006,06,Chimborazo,0000,Total Nacional,Ecuador,Seguridad interna,Seguridad ciudadana,Denuncias de violaciones,Total,Total,7,No Aplica,"Es el acceso carnal, con introducción total o parcial del miembro viril, por vía oral, anal o vaginal; o la introducción, por vía vaginal o anal, de objetos, dedos u órganos distintos al miembro viril, a una persona de cualquier sexo.",2016,2,Fiscalía General del Estado - INEC,Denuncias,Paz,ODS 16
4006,07,El Oro,0000,Total Nacional,Ecuador,Seguridad interna,Seguridad ciudadana,Denuncias de violaciones,Total,Total,19,No Aplica,"Es el acceso carnal, con introducción total o parcial del miembro viril, por vía oral, anal o vaginal; o la introducción, por vía vaginal o anal, de objetos, dedos u órganos distintos al miembro viril, a una persona de cualquier sexo.",2016,2,Fiscalía General del Estado - INEC,Denuncias,Paz,ODS 16
4006,08,Esmeraldas,0000,Total Nacional,Ecuador,Seguridad interna,Seguridad ciudadana,Denuncias de violaciones,Total,Total,18,No Aplica,"Es el acceso carnal, con introducción total o parcial del miembro viril, por vía oral, anal o vaginal; o la introducción, por vía vaginal o anal, de objetos, dedos u órganos distintos al miembro viril, a una persona de cualquier sexo.",2016,2,Fiscalía General del Estado - INEC,Denuncias,Paz,ODS 16
4006,09,Guayas,0000,Total Nacional,Ecuador,Seguridad interna,Seguridad ciudadana,Denuncias de violaciones,Total,Total,74,No Aplica,"Es el acceso carnal, con introducción total o parcial del miembro viril, por vía oral, anal o vaginal; o la introducción, por vía vaginal o anal, de objetos, dedos u órganos distintos al miembro viril, a una persona de cualquier sexo.",2016,2,Fiscalía General del Estado - INEC,Denuncias,Paz,ODS 16
4006,10,Imbabura,0000,Total Nacional,Ecuador,Seguridad interna,Seguridad ciudadana,Denuncias de violaciones,Total,Total,14,No Aplica,"Es el acceso carnal, con introducción total o parcial del miembro viril, por vía oral, anal o vaginal; o la introducción, por vía vaginal o anal, de objetos, dedos u órganos distintos al miembro viril, a una persona de cualquier sexo.",2016,2,Fiscalía General del Estado - INEC,Denuncias,Paz,ODS 16
4006,11,Loja,0000,Total Nacional,Ecuador,Seguridad interna,Seguridad ciudadana,Denuncias de violaciones,Total,Total,9,No Aplica,"Es el acceso carnal, con introducción total o parcial del miembro viril, por vía oral, anal o vaginal; o la introducción, por vía vaginal o anal, de objetos, dedos u órganos distintos al miembro viril, a una persona de cualquier sexo.",2016,2,Fiscalía General del Estado - INEC,Denuncias,Paz,ODS 16
4006,12,Los Ríos,0000,Total Nacional,Ecuador,Seguridad interna,Seguridad ciudadana,Denuncias de violaciones,Total,Total,16,No Aplica,"Es el acceso carnal, con introducción total o parcial del miembro viril, por vía oral, anal o vaginal; o la introducción, por vía vaginal o anal, de objetos, dedos u órganos distintos al miembro viril, a una persona de cualquier sexo.",2016,2,Fiscalía General del Estado - INEC,Denuncias,Paz,ODS 16
4006,13,Manabí,0000,Total Nacional,Ecuador,Seguridad interna,Seguridad ciudadana,Denuncias de violaciones,Total,Total,22,No Aplica,"Es el acceso carnal, con introducción total o parcial del miembro viril, por vía oral, anal o vaginal; o la introducción, por vía vaginal o anal, de objetos, dedos u órganos distintos al miembro viril, a una persona de cualquier sexo.",2016,2,Fiscalía General del Estado - INEC,Denuncias,Paz,ODS 16
4006,14,Morona Santiago,0000,Total Nacional,Ecuador,Seguridad interna,Seguridad ciudadana,Denuncias de violaciones,Total,Total,17,No Aplica,"Es el acceso carnal, con introducción total o parcial del miembro viril, por vía oral, anal o vaginal; o la introducción, por vía vaginal o anal, de objetos, dedos u órganos distintos al miembro viril, a una persona de cualquier sexo.",2016,2,Fiscalía General del Estado - INEC,Denuncias,Paz,ODS 16
4006,15,Napo,0000,Total Nacional,Ecuador,Seguridad interna,Seguridad ciudadana,Denuncias de violaciones,Total,Total,9,No Aplica,"Es el acceso carnal, con introducción total o parcial del miembro viril, por vía oral, anal o vaginal; o la introducción, por vía vaginal o anal, de objetos, dedos u órganos distintos al miembro viril, a una persona de cualquier sexo.",2016,2,Fiscalía General del Estado - INEC,Denuncias,Paz,ODS 16
4006,16,Pastaza,0000,Total Nacional,Ecuador,Seguridad interna,Seguridad ciudadana,Denuncias de violaciones,Total,Total,3,No Aplica,"Es el acceso carnal, con introducción total o parcial del miembro viril, por vía oral, anal o vaginal; o la introducción, por vía vaginal o anal, de objetos, dedos u órganos distintos al miembro viril, a una persona de cualquier sexo.",2016,2,Fiscalía General del Estado - INEC,Denuncias,Paz,ODS 16
4006,17,Pichincha,0000,Total Nacional,Ecuador,Seguridad interna,Seguridad ciudadana,Denuncias de violaciones,Total,Total,71,No Aplica,"Es el acceso carnal, con introducción total o parcial del miembro viril, por vía oral, anal o vaginal; o la introducción, por vía vaginal o anal, de objetos, dedos u órganos distintos al miembro viril, a una persona de cualquier sexo.",2016,2,Fiscalía General del Estado - INEC,Denuncias,Paz,ODS 16
4006,18,Tungurahua,0000,Total Nacional,Ecuador,Seguridad interna,Seguridad ciudadana,Denuncias de violaciones,Total,Total,6,No Aplica,"Es el acceso carnal, con introducción total o parcial del miembro viril, por vía oral, anal o vaginal; o la introducción, por vía vaginal o anal, de objetos, dedos u órganos distintos al miembro viril, a una persona de cualquier sexo.",2016,2,Fiscalía General del Estado - INEC,Denuncias,Paz,ODS 16
4006,19,Zamora Chinchipe,0000,Total Nacional,Ecuador,Seguridad interna,Seguridad ciudadana,Denuncias de violaciones,Total,Total,2,No Aplica,"Es el acceso carnal, con introducción total o parcial del miembro viril, por vía oral, anal o vaginal; o la introducción, por vía vaginal o anal, de objetos, dedos u órganos distintos al miembro viril, a una persona de cualquier sexo.",2016,2,Fiscalía General del Estado - INEC,Denuncias,Paz,ODS 16
4006,20,Galápagos,0000,Total Nacional,Ecuador,Seguridad interna,Seguridad ciudadana,Denuncias de violaciones,Total,Total,0,No Aplica,"Es el acceso carnal, con introducción total o parcial del miembro viril, por vía oral, anal o vaginal; o la introducción, por vía vaginal o anal, de objetos, dedos u órganos distintos al miembro viril, a una persona de cualquier sexo.",2016,2,Fiscalía General del Estado - INEC,Denuncias,Paz,ODS 16
4006,21,Sucumbios,0000,Total Nacional,Ecuador,Seguridad interna,Seguridad ciudadana,Denuncias de violaciones,Total,Total,5,No Aplica,"Es el acceso carnal, con introducción total o parcial del miembro viril, por vía oral, anal o vaginal; o la introducción, por vía vaginal o anal, de objetos, dedos u órganos distintos al miembro viril, a una persona de cualquier sexo.",2016,2,Fiscalía General del Estado - INEC,Denuncias,Paz,ODS 16
4006,22,Orellana,0000,Total Nacional,Ecuador,Seguridad interna,Seguridad ciudadana,Denuncias de violaciones,Total,Total,2,No Aplica,"Es el acceso carnal, con introducción total o parcial del miembro viril, por vía oral, anal o vaginal; o la introducción, por vía vaginal o anal, de objetos, dedos u órganos distintos al miembro viril, a una persona de cualquier sexo.",2016,2,Fiscalía General del Estado - INEC,Denuncias,Paz,ODS 16
4006,23,Santo Domingo de los Tsáchilas,0000,Total Nacional,Ecuador,Seguridad interna,Seguridad ciudadana,Denuncias de violaciones,Total,Total,14,No Aplica,"Es el acceso carnal, con introducción total o parcial del miembro viril, por vía oral, anal o vaginal; o la introducción, por vía vaginal o anal, de objetos, dedos u órganos distintos al miembro viril, a una persona de cualquier sexo.",2016,2,Fiscalía General del Estado - INEC,Denuncias,Paz,ODS 16
4006,24,Santa Elena,0000,Total Nacional,Ecuador,Seguridad interna,Seguridad ciudadana,Denuncias de violaciones,Total,Total,8,No Aplica,"Es el acceso carnal, con introducción total o parcial del miembro viril, por vía oral, anal o vaginal; o la introducción, por vía vaginal o anal, de objetos, dedos u órganos distintos al miembro viril, a una persona de cualquier sexo.",2016,2,Fiscalía General del Estado - INEC,Denuncias,Paz,ODS 16
4006,00,Total Nacional,0000,Total Nacional,Ecuador,Seguridad interna,Seguridad ciudadana,Denuncias de violaciones,Total,Total,413,No Aplica,"Es el acceso carnal, con introducción total o parcial del miembro viril, por vía oral, anal o vaginal; o la introducción, por vía vaginal o anal, de objetos, dedos u órganos distintos al miembro viril, a una persona de cualquier sexo.",2016,1,Fiscalía General del Estado - INEC,Denuncias,Paz,ODS 16
4006,01,Azuay,0000,Total Nacional,Ecuador,Seguridad interna,Seguridad ciudadana,Denuncias de violaciones,Total,Total,25,No Aplica,"Es el acceso carnal, con introducción total o parcial del miembro viril, por vía oral, anal o vaginal; o la introducción, por vía vaginal o anal, de objetos, dedos u órganos distintos al miembro viril, a una persona de cualquier sexo.",2016,1,Fiscalía General del Estado - INEC,Denuncias,Paz,ODS 16
4006,02,Bolívar,0000,Total Nacional,Ecuador,Seguridad interna,Seguridad ciudadana,Denuncias de violaciones,Total,Total,6,No Aplica,"Es el acceso carnal, con introducción total o parcial del miembro viril, por vía oral, anal o vaginal; o la introducción, por vía vaginal o anal, de objetos, dedos u órganos distintos al miembro viril, a una persona de cualquier sexo.",2016,1,Fiscalía General del Estado - INEC,Denuncias,Paz,ODS 16
4006,03,Cañar,0000,Total Nacional,Ecuador,Seguridad interna,Seguridad ciudadana,Denuncias de violaciones,Total,Total,7,No Aplica,"Es el acceso carnal, con introducción total o parcial del miembro viril, por vía oral, anal o vaginal; o la introducción, por vía vaginal o anal, de objetos, dedos u órganos distintos al miembro viril, a una persona de cualquier sexo.",2016,1,Fiscalía General del Estado - INEC,Denuncias,Paz,ODS 16
4006,04,Carchi,0000,Total Nacional,Ecuador,Seguridad interna,Seguridad ciudadana,Denuncias de violaciones,Total,Total,7,No Aplica,"Es el acceso carnal, con introducción total o parcial del miembro viril, por vía oral, anal o vaginal; o la introducción, por vía vaginal o anal, de objetos, dedos u órganos distintos al miembro viril, a una persona de cualquier sexo.",2016,1,Fiscalía General del Estado - INEC,Denuncias,Paz,ODS 16
4006,05,Cotopaxi,0000,Total Nacional,Ecuador,Seguridad interna,Seguridad ciudadana,Denuncias de violaciones,Total,Total,11,No Aplica,"Es el acceso carnal, con introducción total o parcial del miembro viril, por vía oral, anal o vaginal; o la introducción, por vía vaginal o anal, de objetos, dedos u órganos distintos al miembro viril, a una persona de cualquier sexo.",2016,1,Fiscalía General del Estado - INEC,Denuncias,Paz,ODS 16
4006,06,Chimborazo,0000,Total Nacional,Ecuador,Seguridad interna,Seguridad ciudadana,Denuncias de violaciones,Total,Total,9,No Aplica,"Es el acceso carnal, con introducción total o parcial del miembro viril, por vía oral, anal o vaginal; o la introducción, por vía vaginal o anal, de objetos, dedos u órganos distintos al miembro viril, a una persona de cualquier sexo.",2016,1,Fiscalía General del Estado - INEC,Denuncias,Paz,ODS 16
4006,07,El Oro,0000,Total Nacional,Ecuador,Seguridad interna,Seguridad ciudadana,Denuncias de violaciones,Total,Total,22,No Aplica,"Es el acceso carnal, con introducción total o parcial del miembro viril, por vía oral, anal o vaginal; o la introducción, por vía vaginal o anal, de objetos, dedos u órganos distintos al miembro viril, a una persona de cualquier sexo.",2016,1,Fiscalía General del Estado - INEC,Denuncias,Paz,ODS 16
4006,08,Esmeraldas,0000,Total Nacional,Ecuador,Seguridad interna,Seguridad ciudadana,Denuncias de violaciones,Total,Total,17,No Aplica,"Es el acceso carnal, con introducción total o parcial del miembro viril, por vía oral, anal o vaginal; o la introducción, por vía vaginal o anal, de objetos, dedos u órganos distintos al miembro viril, a una persona de cualquier sexo.",2016,1,Fiscalía General del Estado - INEC,Denuncias,Paz,ODS 16
4006,09,Guayas,0000,Total Nacional,Ecuador,Seguridad interna,Seguridad ciudadana,Denuncias de violaciones,Total,Total,83,No Aplica,"Es el acceso carnal, con introducción total o parcial del miembro viril, por vía oral, anal o vaginal; o la introducción, por vía vaginal o anal, de objetos, dedos u órganos distintos al miembro viril, a una persona de cualquier sexo.",2016,1,Fiscalía General del Estado - INEC,Denuncias,Paz,ODS 16
4006,10,Imbabura,0000,Total Nacional,Ecuador,Seguridad interna,Seguridad ciudadana,Denuncias de violaciones,Total,Total,12,No Aplica,"Es el acceso carnal, con introducción total o parcial del miembro viril, por vía oral, anal o vaginal; o la introducción, por vía vaginal o anal, de objetos, dedos u órganos distintos al miembro viril, a una persona de cualquier sexo.",2016,1,Fiscalía General del Estado - INEC,Denuncias,Paz,ODS 16
4006,11,Loja,0000,Total Nacional,Ecuador,Seguridad interna,Seguridad ciudadana,Denuncias de violaciones,Total,Total,14,No Aplica,"Es el acceso carnal, con introducción total o parcial del miembro viril, por vía oral, anal o vaginal; o la introducción, por vía vaginal o anal, de objetos, dedos u órganos distintos al miembro viril, a una persona de cualquier sexo.",2016,1,Fiscalía General del Estado - INEC,Denuncias,Paz,ODS 16
4006,12,Los Ríos,0000,Total Nacional,Ecuador,Seguridad interna,Seguridad ciudadana,Denuncias de violaciones,Total,Total,27,No Aplica,"Es el acceso carnal, con introducción total o parcial del miembro viril, por vía oral, anal o vaginal; o la introducción, por vía vaginal o anal, de objetos, dedos u órganos distintos al miembro viril, a una persona de cualquier sexo.",2016,1,Fiscalía General del Estado - INEC,Denuncias,Paz,ODS 16
4006,13,Manabí,0000,Total Nacional,Ecuador,Seguridad interna,Seguridad ciudadana,Denuncias de violaciones,Total,Total,25,No Aplica,"Es el acceso carnal, con introducción total o parcial del miembro viril, por vía oral, anal o vaginal; o la introducción, por vía vaginal o anal, de objetos, dedos u órganos distintos al miembro viril, a una persona de cualquier sexo.",2016,1,Fiscalía General del Estado - INEC,Denuncias,Paz,ODS 16
4006,14,Morona Santiago,0000,Total Nacional,Ecuador,Seguridad interna,Seguridad ciudadana,Denuncias de violaciones,Total,Total,14,No Aplica,"Es el acceso carnal, con introducción total o parcial del miembro viril, por vía oral, anal o vaginal; o la introducción, por vía vaginal o anal, de objetos, dedos u órganos distintos al miembro viril, a una persona de cualquier sexo.",2016,1,Fiscalía General del Estado - INEC,Denuncias,Paz,ODS 16
4006,15,Napo,0000,Total Nacional,Ecuador,Seguridad interna,Seguridad ciudadana,Denuncias de violaciones,Total,Total,7,No Aplica,"Es el acceso carnal, con introducción total o parcial del miembro viril, por vía oral, anal o vaginal; o la introducción, por vía vaginal o anal, de objetos, dedos u órganos distintos al miembro viril, a una persona de cualquier sexo.",2016,1,Fiscalía General del Estado - INEC,Denuncias,Paz,ODS 16
4006,16,Pastaza,0000,Total Nacional,Ecuador,Seguridad interna,Seguridad ciudadana,Denuncias de violaciones,Total,Total,7,No Aplica,"Es el acceso carnal, con introducción total o parcial del miembro viril, por vía oral, anal o vaginal; o la introducción, por vía vaginal o anal, de objetos, dedos u órganos distintos al miembro viril, a una persona de cualquier sexo.",2016,1,Fiscalía General del Estado - INEC,Denuncias,Paz,ODS 16
4006,17,Pichincha,0000,Total Nacional,Ecuador,Seguridad interna,Seguridad ciudadana,Denuncias de violaciones,Total,Total,78,No Aplica,"Es el acceso carnal, con introducción total o parcial del miembro viril, por vía oral, anal o vaginal; o la introducción, por vía vaginal o anal, de objetos, dedos u órganos distintos al miembro viril, a una persona de cualquier sexo.",2016,1,Fiscalía General del Estado - INEC,Denuncias,Paz,ODS 16
4006,18,Tungurahua,0000,Total Nacional,Ecuador,Seguridad interna,Seguridad ciudadana,Denuncias de violaciones,Total,Total,7,No Aplica,"Es el acceso carnal, con introducción total o parcial del miembro viril, por vía oral, anal o vaginal; o la introducción, por vía vaginal o anal, de objetos, dedos u órganos distintos al miembro viril, a una persona de cualquier sexo.",2016,1,Fiscalía General del Estado - INEC,Denuncias,Paz,ODS 16
4006,19,Zamora Chinchipe,0000,Total Nacional,Ecuador,Seguridad interna,Seguridad ciudadana,Denuncias de violaciones,Total,Total,3,No Aplica,"Es el acceso carnal, con introducción total o parcial del miembro viril, por vía oral, anal o vaginal; o la introducción, por vía vaginal o anal, de objetos, dedos u órganos distintos al miembro viril, a una persona de cualquier sexo.",2016,1,Fiscalía General del Estado - INEC,Denuncias,Paz,ODS 16
4006,20,Galápagos,0000,Total Nacional,Ecuador,Seguridad interna,Seguridad ciudadana,Denuncias de violaciones,Total,Total,1,No Aplica,"Es el acceso carnal, con introducción total o parcial del miembro viril, por vía oral, anal o vaginal; o la introducción, por vía vaginal o anal, de objetos, dedos u órganos distintos al miembro viril, a una persona de cualquier sexo.",2016,1,Fiscalía General del Estado - INEC,Denuncias,Paz,ODS 16
4006,21,Sucumbios,0000,Total Nacional,Ecuador,Seguridad interna,Seguridad ciudadana,Denuncias de violaciones,Total,Total,10,No Aplica,"Es el acceso carnal, con introducción total o parcial del miembro viril, por vía oral, anal o vaginal; o la introducción, por vía vaginal o anal, de objetos, dedos u órganos distintos al miembro viril, a una persona de cualquier sexo.",2016,1,Fiscalía General del Estado - INEC,Denuncias,Paz,ODS 16
4006,22,Orellana,0000,Total Nacional,Ecuador,Seguridad interna,Seguridad ciudadana,Denuncias de violaciones,Total,Total,7,No Aplica,"Es el acceso carnal, con introducción total o parcial del miembro viril, por vía oral, anal o vaginal; o la introducción, por vía vaginal o anal, de objetos, dedos u órganos distintos al miembro viril, a una persona de cualquier sexo.",2016,1,Fiscalía General del Estado - INEC,Denuncias,Paz,ODS 16
4006,23,Santo Domingo de los Tsáchilas,0000,Total Nacional,Ecuador,Seguridad interna,Seguridad ciudadana,Denuncias de violaciones,Total,Total,8,No Aplica,"Es el acceso carnal, con introducción total o parcial del miembro viril, por vía oral, anal o vaginal; o la introducción, por vía vaginal o anal, de objetos, dedos u órganos distintos al miembro viril, a una persona de cualquier sexo.",2016,1,Fiscalía General del Estado - INEC,Denuncias,Paz,ODS 16
4006,24,Santa Elena,0000,Total Nacional,Ecuador,Seguridad interna,Seguridad ciudadana,Denuncias de violaciones,Total,Total,6,No Aplica,"Es el acceso carnal, con introducción total o parcial del miembro viril, por vía oral, anal o vaginal; o la introducción, por vía vaginal o anal, de objetos, dedos u órganos distintos al miembro viril, a una persona de cualquier sexo.",2016,1,Fiscalía General del Estado - INEC,Denuncias,Paz,ODS 16
4006,00,Total Nacional,0000,Total Nacional,Ecuador,Seguridad interna,Seguridad ciudadana,Denuncias de violaciones,Total,Total,452,No Aplica,"Es el acceso carnal, con introducción total o parcial del miembro viril, por vía oral, anal o vaginal; o la introducción, por vía vaginal o anal, de objetos, dedos u órganos distintos al miembro viril, a una persona de cualquier sexo.",2015,12,Fiscalía General del Estado - INEC,Denuncias,Paz,ODS 16
4006,01,Azuay,0000,Total Nacional,Ecuador,Seguridad interna,Seguridad ciudadana,Denuncias de violaciones,Total,Total,25,No Aplica,"Es el acceso carnal, con introducción total o parcial del miembro viril, por vía oral, anal o vaginal; o la introducción, por vía vaginal o anal, de objetos, dedos u órganos distintos al miembro viril, a una persona de cualquier sexo.",2015,12,Fiscalía General del Estado - INEC,Denuncias,Paz,ODS 16
4006,02,Bolívar,0000,Total Nacional,Ecuador,Seguridad interna,Seguridad ciudadana,Denuncias de violaciones,Total,Total,5,No Aplica,"Es el acceso carnal, con introducción total o parcial del miembro viril, por vía oral, anal o vaginal; o la introducción, por vía vaginal o anal, de objetos, dedos u órganos distintos al miembro viril, a una persona de cualquier sexo.",2015,12,Fiscalía General del Estado - INEC,Denuncias,Paz,ODS 16
4006,03,Cañar,0000,Total Nacional,Ecuador,Seguridad interna,Seguridad ciudadana,Denuncias de violaciones,Total,Total,4,No Aplica,"Es el acceso carnal, con introducción total o parcial del miembro viril, por vía oral, anal o vaginal; o la introducción, por vía vaginal o anal, de objetos, dedos u órganos distintos al miembro viril, a una persona de cualquier sexo.",2015,12,Fiscalía General del Estado - INEC,Denuncias,Paz,ODS 16
4006,04,Carchi,0000,Total Nacional,Ecuador,Seguridad interna,Seguridad ciudadana,Denuncias de violaciones,Total,Total,4,No Aplica,"Es el acceso carnal, con introducción total o parcial del miembro viril, por vía oral, anal o vaginal; o la introducción, por vía vaginal o anal, de objetos, dedos u órganos distintos al miembro viril, a una persona de cualquier sexo.",2015,12,Fiscalía General del Estado - INEC,Denuncias,Paz,ODS 16
4006,05,Cotopaxi,0000,Total Nacional,Ecuador,Seguridad interna,Seguridad ciudadana,Denuncias de violaciones,Total,Total,6,No Aplica,"Es el acceso carnal, con introducción total o parcial del miembro viril, por vía oral, anal o vaginal; o la introducción, por vía vaginal o anal, de objetos, dedos u órganos distintos al miembro viril, a una persona de cualquier sexo.",2015,12,Fiscalía General del Estado - INEC,Denuncias,Paz,ODS 16
4006,06,Chimborazo,0000,Total Nacional,Ecuador,Seguridad interna,Seguridad ciudadana,Denuncias de violaciones,Total,Total,12,No Aplica,"Es el acceso carnal, con introducción total o parcial del miembro viril, por vía oral, anal o vaginal; o la introducción, por vía vaginal o anal, de objetos, dedos u órganos distintos al miembro viril, a una persona de cualquier sexo.",2015,12,Fiscalía General del Estado - INEC,Denuncias,Paz,ODS 16
4006,07,El Oro,0000,Total Nacional,Ecuador,Seguridad interna,Seguridad ciudadana,Denuncias de violaciones,Total,Total,24,No Aplica,"Es el acceso carnal, con introducción total o parcial del miembro viril, por vía oral, anal o vaginal; o la introducción, por vía vaginal o anal, de objetos, dedos u órganos distintos al miembro viril, a una persona de cualquier sexo.",2015,12,Fiscalía General del Estado - INEC,Denuncias,Paz,ODS 16
4006,08,Esmeraldas,0000,Total Nacional,Ecuador,Seguridad interna,Seguridad ciudadana,Denuncias de violaciones,Total,Total,14,No Aplica,"Es el acceso carnal, con introducción total o parcial del miembro viril, por vía oral, anal o vaginal; o la introducción, por vía vaginal o anal, de objetos, dedos u órganos distintos al miembro viril, a una persona de cualquier sexo.",2015,12,Fiscalía General del Estado - INEC,Denuncias,Paz,ODS 16
4006,09,Guayas,0000,Total Nacional,Ecuador,Seguridad interna,Seguridad ciudadana,Denuncias de violaciones,Total,Total,110,No Aplica,"Es el acceso carnal, con introducción total o parcial del miembro viril, por vía oral, anal o vaginal; o la introducción, por vía vaginal o anal, de objetos, dedos u órganos distintos al miembro viril, a una persona de cualquier sexo.",2015,12,Fiscalía General del Estado - INEC,Denuncias,Paz,ODS 16
4006,10,Imbabura,0000,Total Nacional,Ecuador,Seguridad interna,Seguridad ciudadana,Denuncias de violaciones,Total,Total,11,No Aplica,"Es el acceso carnal, con introducción total o parcial del miembro viril, por vía oral, anal o vaginal; o la introducción, por vía vaginal o anal, de objetos, dedos u órganos distintos al miembro viril, a una persona de cualquier sexo.",2015,12,Fiscalía General del Estado - INEC,Denuncias,Paz,ODS 16
4006,11,Loja,0000,Total Nacional,Ecuador,Seguridad interna,Seguridad ciudadana,Denuncias de violaciones,Total,Total,14,No Aplica,"Es el acceso carnal, con introducción total o parcial del miembro viril, por vía oral, anal o vaginal; o la introducción, por vía vaginal o anal, de objetos, dedos u órganos distintos al miembro viril, a una persona de cualquier sexo.",2015,12,Fiscalía General del Estado - INEC,Denuncias,Paz,ODS 16
4006,12,Los Ríos,0000,Total Nacional,Ecuador,Seguridad interna,Seguridad ciudadana,Denuncias de violaciones,Total,Total,32,No Aplica,"Es el acceso carnal, con introducción total o parcial del miembro viril, por vía oral, anal o vaginal; o la introducción, por vía vaginal o anal, de objetos, dedos u órganos distintos al miembro viril, a una persona de cualquier sexo.",2015,12,Fiscalía General del Estado - INEC,Denuncias,Paz,ODS 16
4006,13,Manabí,0000,Total Nacional,Ecuador,Seguridad interna,Seguridad ciudadana,Denuncias de violaciones,Total,Total,24,No Aplica,"Es el acceso carnal, con introducción total o parcial del miembro viril, por vía oral, anal o vaginal; o la introducción, por vía vaginal o anal, de objetos, dedos u órganos distintos al miembro viril, a una persona de cualquier sexo.",2015,12,Fiscalía General del Estado - INEC,Denuncias,Paz,ODS 16
4006,14,Morona Santiago,0000,Total Nacional,Ecuador,Seguridad interna,Seguridad ciudadana,Denuncias de violaciones,Total,Total,14,No Aplica,"Es el acceso carnal, con introducción total o parcial del miembro viril, por vía oral, anal o vaginal; o la introducción, por vía vaginal o anal, de objetos, dedos u órganos distintos al miembro viril, a una persona de cualquier sexo.",2015,12,Fiscalía General del Estado - INEC,Denuncias,Paz,ODS 16
4006,15,Napo,0000,Total Nacional,Ecuador,Seguridad interna,Seguridad ciudadana,Denuncias de violaciones,Total,Total,7,No Aplica,"Es el acceso carnal, con introducción total o parcial del miembro viril, por vía oral, anal o vaginal; o la introducción, por vía vaginal o anal, de objetos, dedos u órganos distintos al miembro viril, a una persona de cualquier sexo.",2015,12,Fiscalía General del Estado - INEC,Denuncias,Paz,ODS 16
4006,16,Pastaza,0000,Total Nacional,Ecuador,Seguridad interna,Seguridad ciudadana,Denuncias de violaciones,Total,Total,9,No Aplica,"Es el acceso carnal, con introducción total o parcial del miembro viril, por vía oral, anal o vaginal; o la introducción, por vía vaginal o anal, de objetos, dedos u órganos distintos al miembro viril, a una persona de cualquier sexo.",2015,12,Fiscalía General del Estado - INEC,Denuncias,Paz,ODS 16
4006,17,Pichincha,0000,Total Nacional,Ecuador,Seguridad interna,Seguridad ciudadana,Denuncias de violaciones,Total,Total,75,No Aplica,"Es el acceso carnal, con introducción total o parcial del miembro viril, por vía oral, anal o vaginal; o la introducción, por vía vaginal o anal, de objetos, dedos u órganos distintos al miembro viril, a una persona de cualquier sexo.",2015,12,Fiscalía General del Estado - INEC,Denuncias,Paz,ODS 16
4006,18,Tungurahua,0000,Total Nacional,Ecuador,Seguridad interna,Seguridad ciudadana,Denuncias de violaciones,Total,Total,11,No Aplica,"Es el acceso carnal, con introducción total o parcial del miembro viril, por vía oral, anal o vaginal; o la introducción, por vía vaginal o anal, de objetos, dedos u órganos distintos al miembro viril, a una persona de cualquier sexo.",2015,12,Fiscalía General del Estado - INEC,Denuncias,Paz,ODS 16
4006,19,Zamora Chinchipe,0000,Total Nacional,Ecuador,Seguridad interna,Seguridad ciudadana,Denuncias de violaciones,Total,Total,7,No Aplica,"Es el acceso carnal, con introducción total o parcial del miembro viril, por vía oral, anal o vaginal; o la introducción, por vía vaginal o anal, de objetos, dedos u órganos distintos al miembro viril, a una persona de cualquier sexo.",2015,12,Fiscalía General del Estado - INEC,Denuncias,Paz,ODS 16
4006,20,Galápagos,0000,Total Nacional,Ecuador,Seguridad interna,Seguridad ciudadana,Denuncias de violaciones,Total,Total,0,No Aplica,"Es el acceso carnal, con introducción total o parcial del miembro viril, por vía oral, anal o vaginal; o la introducción, por vía vaginal o anal, de objetos, dedos u órganos distintos al miembro viril, a una persona de cualquier sexo.",2015,12,Fiscalía General del Estado - INEC,Denuncias,Paz,ODS 16
4006,21,Sucumbios,0000,Total Nacional,Ecuador,Seguridad interna,Seguridad ciudadana,Denuncias de violaciones,Total,Total,13,No Aplica,"Es el acceso carnal, con introducción total o parcial del miembro viril, por vía oral, anal o vaginal; o la introducción, por vía vaginal o anal, de objetos, dedos u órganos distintos al miembro viril, a una persona de cualquier sexo.",2015,12,Fiscalía General del Estado - INEC,Denuncias,Paz,ODS 16
4006,22,Orellana,0000,Total Nacional,Ecuador,Seguridad interna,Seguridad ciudadana,Denuncias de violaciones,Total,Total,10,No Aplica,"Es el acceso carnal, con introducción total o parcial del miembro viril, por vía oral, anal o vaginal; o la introducción, por vía vaginal o anal, de objetos, dedos u órganos distintos al miembro viril, a una persona de cualquier sexo.",2015,12,Fiscalía General del Estado - INEC,Denuncias,Paz,ODS 16
4006,23,Santo Domingo de los Tsáchilas,0000,Total Nacional,Ecuador,Seguridad interna,Seguridad ciudadana,Denuncias de violaciones,Total,Total,13,No Aplica,"Es el acceso carnal, con introducción total o parcial del miembro viril, por vía oral, anal o vaginal; o la introducción, por vía vaginal o anal, de objetos, dedos u órganos distintos al miembro viril, a una persona de cualquier sexo.",2015,12,Fiscalía General del Estado - INEC,Denuncias,Paz,ODS 16
4006,24,Santa Elena,0000,Total Nacional,Ecuador,Seguridad interna,Seguridad ciudadana,Denuncias de violaciones,Total,Total,8,No Aplica,"Es el acceso carnal, con introducción total o parcial del miembro viril, por vía oral, anal o vaginal; o la introducción, por vía vaginal o anal, de objetos, dedos u órganos distintos al miembro viril, a una persona de cualquier sexo.",2015,12,Fiscalía General del Estado - INEC,Denuncias,Paz,ODS 16
4006,00,Total Nacional,0000,Total Nacional,Ecuador,Seguridad interna,Seguridad ciudadana,Denuncias de violaciones,Total,Total,436,No Aplica,"Es el acceso carnal, con introducción total o parcial del miembro viril, por vía oral, anal o vaginal; o la introducción, por vía vaginal o anal, de objetos, dedos u órganos distintos al miembro viril, a una persona de cualquier sexo.",2015,11,Fiscalía General del Estado - INEC,Denuncias,Paz,ODS 16
4006,01,Azuay,0000,Total Nacional,Ecuador,Seguridad interna,Seguridad ciudadana,Denuncias de violaciones,Total,Total,18,No Aplica,"Es el acceso carnal, con introducción total o parcial del miembro viril, por vía oral, anal o vaginal; o la introducción, por vía vaginal o anal, de objetos, dedos u órganos distintos al miembro viril, a una persona de cualquier sexo.",2015,11,Fiscalía General del Estado - INEC,Denuncias,Paz,ODS 16
4006,02,Bolívar,0000,Total Nacional,Ecuador,Seguridad interna,Seguridad ciudadana,Denuncias de violaciones,Total,Total,6,No Aplica,"Es el acceso carnal, con introducción total o parcial del miembro viril, por vía oral, anal o vaginal; o la introducción, por vía vaginal o anal, de objetos, dedos u órganos distintos al miembro viril, a una persona de cualquier sexo.",2015,11,Fiscalía General del Estado - INEC,Denuncias,Paz,ODS 16
4006,03,Cañar,0000,Total Nacional,Ecuador,Seguridad interna,Seguridad ciudadana,Denuncias de violaciones,Total,Total,10,No Aplica,"Es el acceso carnal, con introducción total o parcial del miembro viril, por vía oral, anal o vaginal; o la introducción, por vía vaginal o anal, de objetos, dedos u órganos distintos al miembro viril, a una persona de cualquier sexo.",2015,11,Fiscalía General del Estado - INEC,Denuncias,Paz,ODS 16
4006,04,Carchi,0000,Total Nacional,Ecuador,Seguridad interna,Seguridad ciudadana,Denuncias de violaciones,Total,Total,6,No Aplica,"Es el acceso carnal, con introducción total o parcial del miembro viril, por vía oral, anal o vaginal; o la introducción, por vía vaginal o anal, de objetos, dedos u órganos distintos al miembro viril, a una persona de cualquier sexo.",2015,11,Fiscalía General del Estado - INEC,Denuncias,Paz,ODS 16
4006,05,Cotopaxi,0000,Total Nacional,Ecuador,Seguridad interna,Seguridad ciudadana,Denuncias de violaciones,Total,Total,10,No Aplica,"Es el acceso carnal, con introducción total o parcial del miembro viril, por vía oral, anal o vaginal; o la introducción, por vía vaginal o anal, de objetos, dedos u órganos distintos al miembro viril, a una persona de cualquier sexo.",2015,11,Fiscalía General del Estado - INEC,Denuncias,Paz,ODS 16
4006,06,Chimborazo,0000,Total Nacional,Ecuador,Seguridad interna,Seguridad ciudadana,Denuncias de violaciones,Total,Total,16,No Aplica,"Es el acceso carnal, con introducción total o parcial del miembro viril, por vía oral, anal o vaginal; o la introducción, por vía vaginal o anal, de objetos, dedos u órganos distintos al miembro viril, a una persona de cualquier sexo.",2015,11,Fiscalía General del Estado - INEC,Denuncias,Paz,ODS 16
4006,07,El Oro,0000,Total Nacional,Ecuador,Seguridad interna,Seguridad ciudadana,Denuncias de violaciones,Total,Total,30,No Aplica,"Es el acceso carnal, con introducción total o parcial del miembro viril, por vía oral, anal o vaginal; o la introducción, por vía vaginal o anal, de objetos, dedos u órganos distintos al miembro viril, a una persona de cualquier sexo.",2015,11,Fiscalía General del Estado - INEC,Denuncias,Paz,ODS 16
4006,08,Esmeraldas,0000,Total Nacional,Ecuador,Seguridad interna,Seguridad ciudadana,Denuncias de violaciones,Total,Total,14,No Aplica,"Es el acceso carnal, con introducción total o parcial del miembro viril, por vía oral, anal o vaginal; o la introducción, por vía vaginal o anal, de objetos, dedos u órganos distintos al miembro viril, a una persona de cualquier sexo.",2015,11,Fiscalía General del Estado - INEC,Denuncias,Paz,ODS 16
4006,09,Guayas,0000,Total Nacional,Ecuador,Seguridad interna,Seguridad ciudadana,Denuncias de violaciones,Total,Total,76,No Aplica,"Es el acceso carnal, con introducción total o parcial del miembro viril, por vía oral, anal o vaginal; o la introducción, por vía vaginal o anal, de objetos, dedos u órganos distintos al miembro viril, a una persona de cualquier sexo.",2015,11,Fiscalía General del Estado - INEC,Denuncias,Paz,ODS 16
4006,10,Imbabura,0000,Total Nacional,Ecuador,Seguridad interna,Seguridad ciudadana,Denuncias de violaciones,Total,Total,13,No Aplica,"Es el acceso carnal, con introducción total o parcial del miembro viril, por vía oral, anal o vaginal; o la introducción, por vía vaginal o anal, de objetos, dedos u órganos distintos al miembro viril, a una persona de cualquier sexo.",2015,11,Fiscalía General del Estado - INEC,Denuncias,Paz,ODS 16
4006,11,Loja,0000,Total Nacional,Ecuador,Seguridad interna,Seguridad ciudadana,Denuncias de violaciones,Total,Total,11,No Aplica,"Es el acceso carnal, con introducción total o parcial del miembro viril, por vía oral, anal o vaginal; o la introducción, por vía vaginal o anal, de objetos, dedos u órganos distintos al miembro viril, a una persona de cualquier sexo.",2015,11,Fiscalía General del Estado - INEC,Denuncias,Paz,ODS 16
4006,12,Los Ríos,0000,Total Nacional,Ecuador,Seguridad interna,Seguridad ciudadana,Denuncias de violaciones,Total,Total,24,No Aplica,"Es el acceso carnal, con introducción total o parcial del miembro viril, por vía oral, anal o vaginal; o la introducción, por vía vaginal o anal, de objetos, dedos u órganos distintos al miembro viril, a una persona de cualquier sexo.",2015,11,Fiscalía General del Estado - INEC,Denuncias,Paz,ODS 16
4006,13,Manabí,0000,Total Nacional,Ecuador,Seguridad interna,Seguridad ciudadana,Denuncias de violaciones,Total,Total,34,No Aplica,"Es el acceso carnal, con introducción total o parcial del miembro viril, por vía oral, anal o vaginal; o la introducción, por vía vaginal o anal, de objetos, dedos u órganos distintos al miembro viril, a una persona de cualquier sexo.",2015,11,Fiscalía General del Estado - INEC,Denuncias,Paz,ODS 16
4006,14,Morona Santiago,0000,Total Nacional,Ecuador,Seguridad interna,Seguridad ciudadana,Denuncias de violaciones,Total,Total,10,No Aplica,"Es el acceso carnal, con introducción total o parcial del miembro viril, por vía oral, anal o vaginal; o la introducción, por vía vaginal o anal, de objetos, dedos u órganos distintos al miembro viril, a una persona de cualquier sexo.",2015,11,Fiscalía General del Estado - INEC,Denuncias,Paz,ODS 16
4006,15,Napo,0000,Total Nacional,Ecuador,Seguridad interna,Seguridad ciudadana,Denuncias de violaciones,Total,Total,6,No Aplica,"Es el acceso carnal, con introducción total o parcial del miembro viril, por vía oral, anal o vaginal; o la introducción, por vía vaginal o anal, de objetos, dedos u órganos distintos al miembro viril, a una persona de cualquier sexo.",2015,11,Fiscalía General del Estado - INEC,Denuncias,Paz,ODS 16
4006,16,Pastaza,0000,Total Nacional,Ecuador,Seguridad interna,Seguridad ciudadana,Denuncias de violaciones,Total,Total,7,No Aplica,"Es el acceso carnal, con introducción total o parcial del miembro viril, por vía oral, anal o vaginal; o la introducción, por vía vaginal o anal, de objetos, dedos u órganos distintos al miembro viril, a una persona de cualquier sexo.",2015,11,Fiscalía General del Estado - INEC,Denuncias,Paz,ODS 16
4006,17,Pichincha,0000,Total Nacional,Ecuador,Seguridad interna,Seguridad ciudadana,Denuncias de violaciones,Total,Total,86,No Aplica,"Es el acceso carnal, con introducción total o parcial del miembro viril, por vía oral, anal o vaginal; o la introducción, por vía vaginal o anal, de objetos, dedos u órganos distintos al miembro viril, a una persona de cualquier sexo.",2015,11,Fiscalía General del Estado - INEC,Denuncias,Paz,ODS 16
4006,18,Tungurahua,0000,Total Nacional,Ecuador,Seguridad interna,Seguridad ciudadana,Denuncias de violaciones,Total,Total,11,No Aplica,"Es el acceso carnal, con introducción total o parcial del miembro viril, por vía oral, anal o vaginal; o la introducción, por vía vaginal o anal, de objetos, dedos u órganos distintos al miembro viril, a una persona de cualquier sexo.",2015,11,Fiscalía General del Estado - INEC,Denuncias,Paz,ODS 16
4006,19,Zamora Chinchipe,0000,Total Nacional,Ecuador,Seguridad interna,Seguridad ciudadana,Denuncias de violaciones,Total,Total,4,No Aplica,"Es el acceso carnal, con introducción total o parcial del miembro viril, por vía oral, anal o vaginal; o la introducción, por vía vaginal o anal, de objetos, dedos u órganos distintos al miembro viril, a una persona de cualquier sexo.",2015,11,Fiscalía General del Estado - INEC,Denuncias,Paz,ODS 16
4006,20,Galápagos,0000,Total Nacional,Ecuador,Seguridad interna,Seguridad ciudadana,Denuncias de violaciones,Total,Total,1,No Aplica,"Es el acceso carnal, con introducción total o parcial del miembro viril, por vía oral, anal o vaginal; o la introducción, por vía vaginal o anal, de objetos, dedos u órganos distintos al miembro viril, a una persona de cualquier sexo.",2015,11,Fiscalía General del Estado - INEC,Denuncias,Paz,ODS 16
4006,21,Sucumbios,0000,Total Nacional,Ecuador,Seguridad interna,Seguridad ciudadana,Denuncias de violaciones,Total,Total,12,No Aplica,"Es el acceso carnal, con introducción total o parcial del miembro viril, por vía oral, anal o vaginal; o la introducción, por vía vaginal o anal, de objetos, dedos u órganos distintos al miembro viril, a una persona de cualquier sexo.",2015,11,Fiscalía General del Estado - INEC,Denuncias,Paz,ODS 16
4006,22,Orellana,0000,Total Nacional,Ecuador,Seguridad interna,Seguridad ciudadana,Denuncias de violaciones,Total,Total,13,No Aplica,"Es el acceso carnal, con introducción total o parcial del miembro viril, por vía oral, anal o vaginal; o la introducción, por vía vaginal o anal, de objetos, dedos u órganos distintos al miembro viril, a una persona de cualquier sexo.",2015,11,Fiscalía General del Estado - INEC,Denuncias,Paz,ODS 16
4006,23,Santo Domingo de los Tsáchilas,0000,Total Nacional,Ecuador,Seguridad interna,Seguridad ciudadana,Denuncias de violaciones,Total,Total,15,No Aplica,"Es el acceso carnal, con introducción total o parcial del miembro viril, por vía oral, anal o vaginal; o la introducción, por vía vaginal o anal, de objetos, dedos u órganos distintos al miembro viril, a una persona de cualquier sexo.",2015,11,Fiscalía General del Estado - INEC,Denuncias,Paz,ODS 16
4006,24,Santa Elena,0000,Total Nacional,Ecuador,Seguridad interna,Seguridad ciudadana,Denuncias de violaciones,Total,Total,3,No Aplica,"Es el acceso carnal, con introducción total o parcial del miembro viril, por vía oral, anal o vaginal; o la introducción, por vía vaginal o anal, de objetos, dedos u órganos distintos al miembro viril, a una persona de cualquier sexo.",2015,11,Fiscalía General del Estado - INEC,Denuncias,Paz,ODS 16
4006,00,Total Nacional,0000,Total Nacional,Ecuador,Seguridad interna,Seguridad ciudadana,Denuncias de violaciones,Total,Total,427,No Aplica,"Es el acceso carnal, con introducción total o parcial del miembro viril, por vía oral, anal o vaginal; o la introducción, por vía vaginal o anal, de objetos, dedos u órganos distintos al miembro viril, a una persona de cualquier sexo.",2015,10,Fiscalía General del Estado - INEC,Denuncias,Paz,ODS 16
4006,01,Azuay,0000,Total Nacional,Ecuador,Seguridad interna,Seguridad ciudadana,Denuncias de violaciones,Total,Total,24,No Aplica,"Es el acceso carnal, con introducción total o parcial del miembro viril, por vía oral, anal o vaginal; o la introducción, por vía vaginal o anal, de objetos, dedos u órganos distintos al miembro viril, a una persona de cualquier sexo.",2015,10,Fiscalía General del Estado - INEC,Denuncias,Paz,ODS 16
4006,02,Bolívar,0000,Total Nacional,Ecuador,Seguridad interna,Seguridad ciudadana,Denuncias de violaciones,Total,Total,5,No Aplica,"Es el acceso carnal, con introducción total o parcial del miembro viril, por vía oral, anal o vaginal; o la introducción, por vía vaginal o anal, de objetos, dedos u órganos distintos al miembro viril, a una persona de cualquier sexo.",2015,10,Fiscalía General del Estado - INEC,Denuncias,Paz,ODS 16
4006,03,Cañar,0000,Total Nacional,Ecuador,Seguridad interna,Seguridad ciudadana,Denuncias de violaciones,Total,Total,9,No Aplica,"Es el acceso carnal, con introducción total o parcial del miembro viril, por vía oral, anal o vaginal; o la introducción, por vía vaginal o anal, de objetos, dedos u órganos distintos al miembro viril, a una persona de cualquier sexo.",2015,10,Fiscalía General del Estado - INEC,Denuncias,Paz,ODS 16
4006,04,Carchi,0000,Total Nacional,Ecuador,Seguridad interna,Seguridad ciudadana,Denuncias de violaciones,Total,Total,3,No Aplica,"Es el acceso carnal, con introducción total o parcial del miembro viril, por vía oral, anal o vaginal; o la introducción, por vía vaginal o anal, de objetos, dedos u órganos distintos al miembro viril, a una persona de cualquier sexo.",2015,10,Fiscalía General del Estado - INEC,Denuncias,Paz,ODS 16
4006,05,Cotopaxi,0000,Total Nacional,Ecuador,Seguridad interna,Seguridad ciudadana,Denuncias de violaciones,Total,Total,13,No Aplica,"Es el acceso carnal, con introducción total o parcial del miembro viril, por vía oral, anal o vaginal; o la introducción, por vía vaginal o anal, de objetos, dedos u órganos distintos al miembro viril, a una persona de cualquier sexo.",2015,10,Fiscalía General del Estado - INEC,Denuncias,Paz,ODS 16
4006,06,Chimborazo,0000,Total Nacional,Ecuador,Seguridad interna,Seguridad ciudadana,Denuncias de violaciones,Total,Total,8,No Aplica,"Es el acceso carnal, con introducción total o parcial del miembro viril, por vía oral, anal o vaginal; o la introducción, por vía vaginal o anal, de objetos, dedos u órganos distintos al miembro viril, a una persona de cualquier sexo.",2015,10,Fiscalía General del Estado - INEC,Denuncias,Paz,ODS 16
4006,07,El Oro,0000,Total Nacional,Ecuador,Seguridad interna,Seguridad ciudadana,Denuncias de violaciones,Total,Total,33,No Aplica,"Es el acceso carnal, con introducción total o parcial del miembro viril, por vía oral, anal o vaginal; o la introducción, por vía vaginal o anal, de objetos, dedos u órganos distintos al miembro viril, a una persona de cualquier sexo.",2015,10,Fiscalía General del Estado - INEC,Denuncias,Paz,ODS 16
4006,08,Esmeraldas,0000,Total Nacional,Ecuador,Seguridad interna,Seguridad ciudadana,Denuncias de violaciones,Total,Total,16,No Aplica,"Es el acceso carnal, con introducción total o parcial del miembro viril, por vía oral, anal o vaginal; o la introducción, por vía vaginal o anal, de objetos, dedos u órganos distintos al miembro viril, a una persona de cualquier sexo.",2015,10,Fiscalía General del Estado - INEC,Denuncias,Paz,ODS 16
4006,09,Guayas,0000,Total Nacional,Ecuador,Seguridad interna,Seguridad ciudadana,Denuncias de violaciones,Total,Total,90,No Aplica,"Es el acceso carnal, con introducción total o parcial del miembro viril, por vía oral, anal o vaginal; o la introducción, por vía vaginal o anal, de objetos, dedos u órganos distintos al miembro viril, a una persona de cualquier sexo.",2015,10,Fiscalía General del Estado - INEC,Denuncias,Paz,ODS 16
4006,10,Imbabura,0000,Total Nacional,Ecuador,Seguridad interna,Seguridad ciudadana,Denuncias de violaciones,Total,Total,13,No Aplica,"Es el acceso carnal, con introducción total o parcial del miembro viril, por vía oral, anal o vaginal; o la introducción, por vía vaginal o anal, de objetos, dedos u órganos distintos al miembro viril, a una persona de cualquier sexo.",2015,10,Fiscalía General del Estado - INEC,Denuncias,Paz,ODS 16
4006,11,Loja,0000,Total Nacional,Ecuador,Seguridad interna,Seguridad ciudadana,Denuncias de violaciones,Total,Total,15,No Aplica,"Es el acceso carnal, con introducción total o parcial del miembro viril, por vía oral, anal o vaginal; o la introducción, por vía vaginal o anal, de objetos, dedos u órganos distintos al miembro viril, a una persona de cualquier sexo.",2015,10,Fiscalía General del Estado - INEC,Denuncias,Paz,ODS 16
4006,12,Los Ríos,0000,Total Nacional,Ecuador,Seguridad interna,Seguridad ciudadana,Denuncias de violaciones,Total,Total,19,No Aplica,"Es el acceso carnal, con introducción total o parcial del miembro viril, por vía oral, anal o vaginal; o la introducción, por vía vaginal o anal, de objetos, dedos u órganos distintos al miembro viril, a una persona de cualquier sexo.",2015,10,Fiscalía General del Estado - INEC,Denuncias,Paz,ODS 16
4006,13,Manabí,0000,Total Nacional,Ecuador,Seguridad interna,Seguridad ciudadana,Denuncias de violaciones,Total,Total,34,No Aplica,"Es el acceso carnal, con introducción total o parcial del miembro viril, por vía oral, anal o vaginal; o la introducción, por vía vaginal o anal, de objetos, dedos u órganos distintos al miembro viril, a una persona de cualquier sexo.",2015,10,Fiscalía General del Estado - INEC,Denuncias,Paz,ODS 16
4006,14,Morona Santiago,0000,Total Nacional,Ecuador,Seguridad interna,Seguridad ciudadana,Denuncias de violaciones,Total,Total,6,No Aplica,"Es el acceso carnal, con introducción total o parcial del miembro viril, por vía oral, anal o vaginal; o la introducción, por vía vaginal o anal, de objetos, dedos u órganos distintos al miembro viril, a una persona de cualquier sexo.",2015,10,Fiscalía General del Estado - INEC,Denuncias,Paz,ODS 16
4006,15,Napo,0000,Total Nacional,Ecuador,Seguridad interna,Seguridad ciudadana,Denuncias de violaciones,Total,Total,9,No Aplica,"Es el acceso carnal, con introducción total o parcial del miembro viril, por vía oral, anal o vaginal; o la introducción, por vía vaginal o anal, de objetos, dedos u órganos distintos al miembro viril, a una persona de cualquier sexo.",2015,10,Fiscalía General del Estado - INEC,Denuncias,Paz,ODS 16
4006,16,Pastaza,0000,Total Nacional,Ecuador,Seguridad interna,Seguridad ciudadana,Denuncias de violaciones,Total,Total,6,No Aplica,"Es el acceso carnal, con introducción total o parcial del miembro viril, por vía oral, anal o vaginal; o la introducción, por vía vaginal o anal, de objetos, dedos u órganos distintos al miembro viril, a una persona de cualquier sexo.",2015,10,Fiscalía General del Estado - INEC,Denuncias,Paz,ODS 16
4006,17,Pichincha,0000,Total Nacional,Ecuador,Seguridad interna,Seguridad ciudadana,Denuncias de violaciones,Total,Total,62,No Aplica,"Es el acceso carnal, con introducción total o parcial del miembro viril, por vía oral, anal o vaginal; o la introducción, por vía vaginal o anal, de objetos, dedos u órganos distintos al miembro viril, a una persona de cualquier sexo.",2015,10,Fiscalía General del Estado - INEC,Denuncias,Paz,ODS 16
4006,18,Tungurahua,0000,Total Nacional,Ecuador,Seguridad interna,Seguridad ciudadana,Denuncias de violaciones,Total,Total,12,No Aplica,"Es el acceso carnal, con introducción total o parcial del miembro viril, por vía oral, anal o vaginal; o la introducción, por vía vaginal o anal, de objetos, dedos u órganos distintos al miembro viril, a una persona de cualquier sexo.",2015,10,Fiscalía General del Estado - INEC,Denuncias,Paz,ODS 16
4006,19,Zamora Chinchipe,0000,Total Nacional,Ecuador,Seguridad interna,Seguridad ciudadana,Denuncias de violaciones,Total,Total,3,No Aplica,"Es el acceso carnal, con introducción total o parcial del miembro viril, por vía oral, anal o vaginal; o la introducción, por vía vaginal o anal, de objetos, dedos u órganos distintos al miembro viril, a una persona de cualquier sexo.",2015,10,Fiscalía General del Estado - INEC,Denuncias,Paz,ODS 16
4006,20,Galápagos,0000,Total Nacional,Ecuador,Seguridad interna,Seguridad ciudadana,Denuncias de violaciones,Total,Total,0,No Aplica,"Es el acceso carnal, con introducción total o parcial del miembro viril, por vía oral, anal o vaginal; o la introducción, por vía vaginal o anal, de objetos, dedos u órganos distintos al miembro viril, a una persona de cualquier sexo.",2015,10,Fiscalía General del Estado - INEC,Denuncias,Paz,ODS 16
4006,21,Sucumbios,0000,Total Nacional,Ecuador,Seguridad interna,Seguridad ciudadana,Denuncias de violaciones,Total,Total,9,No Aplica,"Es el acceso carnal, con introducción total o parcial del miembro viril, por vía oral, anal o vaginal; o la introducción, por vía vaginal o anal, de objetos, dedos u órganos distintos al miembro viril, a una persona de cualquier sexo.",2015,10,Fiscalía General del Estado - INEC,Denuncias,Paz,ODS 16
4006,22,Orellana,0000,Total Nacional,Ecuador,Seguridad interna,Seguridad ciudadana,Denuncias de violaciones,Total,Total,2,No Aplica,"Es el acceso carnal, con introducción total o parcial del miembro viril, por vía oral, anal o vaginal; o la introducción, por vía vaginal o anal, de objetos, dedos u órganos distintos al miembro viril, a una persona de cualquier sexo.",2015,10,Fiscalía General del Estado - INEC,Denuncias,Paz,ODS 16
4006,23,Santo Domingo de los Tsáchilas,0000,Total Nacional,Ecuador,Seguridad interna,Seguridad ciudadana,Denuncias de violaciones,Total,Total,26,No Aplica,"Es el acceso carnal, con introducción total o parcial del miembro viril, por vía oral, anal o vaginal; o la introducción, por vía vaginal o anal, de objetos, dedos u órganos distintos al miembro viril, a una persona de cualquier sexo.",2015,10,Fiscalía General del Estado - INEC,Denuncias,Paz,ODS 16
4006,24,Santa Elena,0000,Total Nacional,Ecuador,Seguridad interna,Seguridad ciudadana,Denuncias de violaciones,Total,Total,10,No Aplica,"Es el acceso carnal, con introducción total o parcial del miembro viril, por vía oral, anal o vaginal; o la introducción, por vía vaginal o anal, de objetos, dedos u órganos distintos al miembro viril, a una persona de cualquier sexo.",2015,10,Fiscalía General del Estado - INEC,Denuncias,Paz,ODS 16
4006,00,Total Nacional,0000,Total Nacional,Ecuador,Seguridad interna,Seguridad ciudadana,Denuncias de violaciones,Total,Total,421,No Aplica,"Es el acceso carnal, con introducción total o parcial del miembro viril, por vía oral, anal o vaginal; o la introducción, por vía vaginal o anal, de objetos, dedos u órganos distintos al miembro viril, a una persona de cualquier sexo.",2015,9,Fiscalía General del Estado - INEC,Denuncias,Paz,ODS 16
4006,01,Azuay,0000,Total Nacional,Ecuador,Seguridad interna,Seguridad ciudadana,Denuncias de violaciones,Total,Total,17,No Aplica,"Es el acceso carnal, con introducción total o parcial del miembro viril, por vía oral, anal o vaginal; o la introducción, por vía vaginal o anal, de objetos, dedos u órganos distintos al miembro viril, a una persona de cualquier sexo.",2015,9,Fiscalía General del Estado - INEC,Denuncias,Paz,ODS 16
4006,02,Bolívar,0000,Total Nacional,Ecuador,Seguridad interna,Seguridad ciudadana,Denuncias de violaciones,Total,Total,2,No Aplica,"Es el acceso carnal, con introducción total o parcial del miembro viril, por vía oral, anal o vaginal; o la introducción, por vía vaginal o anal, de objetos, dedos u órganos distintos al miembro viril, a una persona de cualquier sexo.",2015,9,Fiscalía General del Estado - INEC,Denuncias,Paz,ODS 16
4006,03,Cañar,0000,Total Nacional,Ecuador,Seguridad interna,Seguridad ciudadana,Denuncias de violaciones,Total,Total,6,No Aplica,"Es el acceso carnal, con introducción total o parcial del miembro viril, por vía oral, anal o vaginal; o la introducción, por vía vaginal o anal, de objetos, dedos u órganos distintos al miembro viril, a una persona de cualquier sexo.",2015,9,Fiscalía General del Estado - INEC,Denuncias,Paz,ODS 16
4006,04,Carchi,0000,Total Nacional,Ecuador,Seguridad interna,Seguridad ciudadana,Denuncias de violaciones,Total,Total,6,No Aplica,"Es el acceso carnal, con introducción total o parcial del miembro viril, por vía oral, anal o vaginal; o la introducción, por vía vaginal o anal, de objetos, dedos u órganos distintos al miembro viril, a una persona de cualquier sexo.",2015,9,Fiscalía General del Estado - INEC,Denuncias,Paz,ODS 16
4006,05,Cotopaxi,0000,Total Nacional,Ecuador,Seguridad interna,Seguridad ciudadana,Denuncias de violaciones,Total,Total,3,No Aplica,"Es el acceso carnal, con introducción total o parcial del miembro viril, por vía oral, anal o vaginal; o la introducción, por vía vaginal o anal, de objetos, dedos u órganos distintos al miembro viril, a una persona de cualquier sexo.",2015,9,Fiscalía General del Estado - INEC,Denuncias,Paz,ODS 16
4006,06,Chimborazo,0000,Total Nacional,Ecuador,Seguridad interna,Seguridad ciudadana,Denuncias de violaciones,Total,Total,12,No Aplica,"Es el acceso carnal, con introducción total o parcial del miembro viril, por vía oral, anal o vaginal; o la introducción, por vía vaginal o anal, de objetos, dedos u órganos distintos al miembro viril, a una persona de cualquier sexo.",2015,9,Fiscalía General del Estado - INEC,Denuncias,Paz,ODS 16
4006,07,El Oro,0000,Total Nacional,Ecuador,Seguridad interna,Seguridad ciudadana,Denuncias de violaciones,Total,Total,24,No Aplica,"Es el acceso carnal, con introducción total o parcial del miembro viril, por vía oral, anal o vaginal; o la introducción, por vía vaginal o anal, de objetos, dedos u órganos distintos al miembro viril, a una persona de cualquier sexo.",2015,9,Fiscalía General del Estado - INEC,Denuncias,Paz,ODS 16
4006,08,Esmeraldas,0000,Total Nacional,Ecuador,Seguridad interna,Seguridad ciudadana,Denuncias de violaciones,Total,Total,18,No Aplica,"Es el acceso carnal, con introducción total o parcial del miembro viril, por vía oral, anal o vaginal; o la introducción, por vía vaginal o anal, de objetos, dedos u órganos distintos al miembro viril, a una persona de cualquier sexo.",2015,9,Fiscalía General del Estado - INEC,Denuncias,Paz,ODS 16
4006,09,Guayas,0000,Total Nacional,Ecuador,Seguridad interna,Seguridad ciudadana,Denuncias de violaciones,Total,Total,80,No Aplica,"Es el acceso carnal, con introducción total o parcial del miembro viril, por vía oral, anal o vaginal; o la introducción, por vía vaginal o anal, de objetos, dedos u órganos distintos al miembro viril, a una persona de cualquier sexo.",2015,9,Fiscalía General del Estado - INEC,Denuncias,Paz,ODS 16
4006,10,Imbabura,0000,Total Nacional,Ecuador,Seguridad interna,Seguridad ciudadana,Denuncias de violaciones,Total,Total,10,No Aplica,"Es el acceso carnal, con introducción total o parcial del miembro viril, por vía oral, anal o vaginal; o la introducción, por vía vaginal o anal, de objetos, dedos u órganos distintos al miembro viril, a una persona de cualquier sexo.",2015,9,Fiscalía General del Estado - INEC,Denuncias,Paz,ODS 16
4006,11,Loja,0000,Total Nacional,Ecuador,Seguridad interna,Seguridad ciudadana,Denuncias de violaciones,Total,Total,14,No Aplica,"Es el acceso carnal, con introducción total o parcial del miembro viril, por vía oral, anal o vaginal; o la introducción, por vía vaginal o anal, de objetos, dedos u órganos distintos al miembro viril, a una persona de cualquier sexo.",2015,9,Fiscalía General del Estado - INEC,Denuncias,Paz,ODS 16
4006,12,Los Ríos,0000,Total Nacional,Ecuador,Seguridad interna,Seguridad ciudadana,Denuncias de violaciones,Total,Total,24,No Aplica,"Es el acceso carnal, con introducción total o parcial del miembro viril, por vía oral, anal o vaginal; o la introducción, por vía vaginal o anal, de objetos, dedos u órganos distintos al miembro viril, a una persona de cualquier sexo.",2015,9,Fiscalía General del Estado - INEC,Denuncias,Paz,ODS 16
4006,13,Manabí,0000,Total Nacional,Ecuador,Seguridad interna,Seguridad ciudadana,Denuncias de violaciones,Total,Total,37,No Aplica,"Es el acceso carnal, con introducción total o parcial del miembro viril, por vía oral, anal o vaginal; o la introducción, por vía vaginal o anal, de objetos, dedos u órganos distintos al miembro viril, a una persona de cualquier sexo.",2015,9,Fiscalía General del Estado - INEC,Denuncias,Paz,ODS 16
4006,14,Morona Santiago,0000,Total Nacional,Ecuador,Seguridad interna,Seguridad ciudadana,Denuncias de violaciones,Total,Total,13,No Aplica,"Es el acceso carnal, con introducción total o parcial del miembro viril, por vía oral, anal o vaginal; o la introducción, por vía vaginal o anal, de objetos, dedos u órganos distintos al miembro viril, a una persona de cualquier sexo.",2015,9,Fiscalía General del Estado - INEC,Denuncias,Paz,ODS 16
4006,15,Napo,0000,Total Nacional,Ecuador,Seguridad interna,Seguridad ciudadana,Denuncias de violaciones,Total,Total,8,No Aplica,"Es el acceso carnal, con introducción total o parcial del miembro viril, por vía oral, anal o vaginal; o la introducción, por vía vaginal o anal, de objetos, dedos u órganos distintos al miembro viril, a una persona de cualquier sexo.",2015,9,Fiscalía General del Estado - INEC,Denuncias,Paz,ODS 16
4006,16,Pastaza,0000,Total Nacional,Ecuador,Seguridad interna,Seguridad ciudadana,Denuncias de violaciones,Total,Total,4,No Aplica,"Es el acceso carnal, con introducción total o parcial del miembro viril, por vía oral, anal o vaginal; o la introducción, por vía vaginal o anal, de objetos, dedos u órganos distintos al miembro viril, a una persona de cualquier sexo.",2015,9,Fiscalía General del Estado - INEC,Denuncias,Paz,ODS 16
4006,17,Pichincha,0000,Total Nacional,Ecuador,Seguridad interna,Seguridad ciudadana,Denuncias de violaciones,Total,Total,86,No Aplica,"Es el acceso carnal, con introducción total o parcial del miembro viril, por vía oral, anal o vaginal; o la introducción, por vía vaginal o anal, de objetos, dedos u órganos distintos al miembro viril, a una persona de cualquier sexo.",2015,9,Fiscalía General del Estado - INEC,Denuncias,Paz,ODS 16
4006,18,Tungurahua,0000,Total Nacional,Ecuador,Seguridad interna,Seguridad ciudadana,Denuncias de violaciones,Total,Total,9,No Aplica,"Es el acceso carnal, con introducción total o parcial del miembro viril, por vía oral, anal o vaginal; o la introducción, por vía vaginal o anal, de objetos, dedos u órganos distintos al miembro viril, a una persona de cualquier sexo.",2015,9,Fiscalía General del Estado - INEC,Denuncias,Paz,ODS 16
4006,19,Zamora Chinchipe,0000,Total Nacional,Ecuador,Seguridad interna,Seguridad ciudadana,Denuncias de violaciones,Total,Total,2,No Aplica,"Es el acceso carnal, con introducción total o parcial del miembro viril, por vía oral, anal o vaginal; o la introducción, por vía vaginal o anal, de objetos, dedos u órganos distintos al miembro viril, a una persona de cualquier sexo.",2015,9,Fiscalía General del Estado - INEC,Denuncias,Paz,ODS 16
4006,20,Galápagos,0000,Total Nacional,Ecuador,Seguridad interna,Seguridad ciudadana,Denuncias de violaciones,Total,Total,0,No Aplica,"Es el acceso carnal, con introducción total o parcial del miembro viril, por vía oral, anal o vaginal; o la introducción, por vía vaginal o anal, de objetos, dedos u órganos distintos al miembro viril, a una persona de cualquier sexo.",2015,9,Fiscalía General del Estado - INEC,Denuncias,Paz,ODS 16
4006,21,Sucumbios,0000,Total Nacional,Ecuador,Seguridad interna,Seguridad ciudadana,Denuncias de violaciones,Total,Total,13,No Aplica,"Es el acceso carnal, con introducción total o parcial del miembro viril, por vía oral, anal o vaginal; o la introducción, por vía vaginal o anal, de objetos, dedos u órganos distintos al miembro viril, a una persona de cualquier sexo.",2015,9,Fiscalía General del Estado - INEC,Denuncias,Paz,ODS 16
4006,22,Orellana,0000,Total Nacional,Ecuador,Seguridad interna,Seguridad ciudadana,Denuncias de violaciones,Total,Total,9,No Aplica,"Es el acceso carnal, con introducción total o parcial del miembro viril, por vía oral, anal o vaginal; o la introducción, por vía vaginal o anal, de objetos, dedos u órganos distintos al miembro viril, a una persona de cualquier sexo.",2015,9,Fiscalía General del Estado - INEC,Denuncias,Paz,ODS 16
4006,23,Santo Domingo de los Tsáchilas,0000,Total Nacional,Ecuador,Seguridad interna,Seguridad ciudadana,Denuncias de violaciones,Total,Total,18,No Aplica,"Es el acceso carnal, con introducción total o parcial del miembro viril, por vía oral, anal o vaginal; o la introducción, por vía vaginal o anal, de objetos, dedos u órganos distintos al miembro viril, a una persona de cualquier sexo.",2015,9,Fiscalía General del Estado - INEC,Denuncias,Paz,ODS 16
4006,24,Santa Elena,0000,Total Nacional,Ecuador,Seguridad interna,Seguridad ciudadana,Denuncias de violaciones,Total,Total,6,No Aplica,"Es el acceso carnal, con introducción total o parcial del miembro viril, por vía oral, anal o vaginal; o la introducción, por vía vaginal o anal, de objetos, dedos u órganos distintos al miembro viril, a una persona de cualquier sexo.",2015,9,Fiscalía General del Estado - INEC,Denuncias,Paz,ODS 16
4006,00,Total Nacional,0000,Total Nacional,Ecuador,Seguridad interna,Seguridad ciudadana,Denuncias de violaciones,Total,Total,392,No Aplica,"Es el acceso carnal, con introducción total o parcial del miembro viril, por vía oral, anal o vaginal; o la introducción, por vía vaginal o anal, de objetos, dedos u órganos distintos al miembro viril, a una persona de cualquier sexo.",2015,8,Fiscalía General del Estado - INEC,Denuncias,Paz,ODS 16
4006,01,Azuay,0000,Total Nacional,Ecuador,Seguridad interna,Seguridad ciudadana,Denuncias de violaciones,Total,Total,27,No Aplica,"Es el acceso carnal, con introducción total o parcial del miembro viril, por vía oral, anal o vaginal; o la introducción, por vía vaginal o anal, de objetos, dedos u órganos distintos al miembro viril, a una persona de cualquier sexo.",2015,8,Fiscalía General del Estado - INEC,Denuncias,Paz,ODS 16
4006,02,Bolívar,0000,Total Nacional,Ecuador,Seguridad interna,Seguridad ciudadana,Denuncias de violaciones,Total,Total,2,No Aplica,"Es el acceso carnal, con introducción total o parcial del miembro viril, por vía oral, anal o vaginal; o la introducción, por vía vaginal o anal, de objetos, dedos u órganos distintos al miembro viril, a una persona de cualquier sexo.",2015,8,Fiscalía General del Estado - INEC,Denuncias,Paz,ODS 16
4006,03,Cañar,0000,Total Nacional,Ecuador,Seguridad interna,Seguridad ciudadana,Denuncias de violaciones,Total,Total,4,No Aplica,"Es el acceso carnal, con introducción total o parcial del miembro viril, por vía oral, anal o vaginal; o la introducción, por vía vaginal o anal, de objetos, dedos u órganos distintos al miembro viril, a una persona de cualquier sexo.",2015,8,Fiscalía General del Estado - INEC,Denuncias,Paz,ODS 16
4006,04,Carchi,0000,Total Nacional,Ecuador,Seguridad interna,Seguridad ciudadana,Denuncias de violaciones,Total,Total,4,No Aplica,"Es el acceso carnal, con introducción total o parcial del miembro viril, por vía oral, anal o vaginal; o la introducción, por vía vaginal o anal, de objetos, dedos u órganos distintos al miembro viril, a una persona de cualquier sexo.",2015,8,Fiscalía General del Estado - INEC,Denuncias,Paz,ODS 16
4006,05,Cotopaxi,0000,Total Nacional,Ecuador,Seguridad interna,Seguridad ciudadana,Denuncias de violaciones,Total,Total,7,No Aplica,"Es el acceso carnal, con introducción total o parcial del miembro viril, por vía oral, anal o vaginal; o la introducción, por vía vaginal o anal, de objetos, dedos u órganos distintos al miembro viril, a una persona de cualquier sexo.",2015,8,Fiscalía General del Estado - INEC,Denuncias,Paz,ODS 16
4006,06,Chimborazo,0000,Total Nacional,Ecuador,Seguridad interna,Seguridad ciudadana,Denuncias de violaciones,Total,Total,12,No Aplica,"Es el acceso carnal, con introducción total o parcial del miembro viril, por vía oral, anal o vaginal; o la introducción, por vía vaginal o anal, de objetos, dedos u órganos distintos al miembro viril, a una persona de cualquier sexo.",2015,8,Fiscalía General del Estado - INEC,Denuncias,Paz,ODS 16
4006,07,El Oro,0000,Total Nacional,Ecuador,Seguridad interna,Seguridad ciudadana,Denuncias de violaciones,Total,Total,20,No Aplica,"Es el acceso carnal, con introducción total o parcial del miembro viril, por vía oral, anal o vaginal; o la introducción, por vía vaginal o anal, de objetos, dedos u órganos distintos al miembro viril, a una persona de cualquier sexo.",2015,8,Fiscalía General del Estado - INEC,Denuncias,Paz,ODS 16
4006,08,Esmeraldas,0000,Total Nacional,Ecuador,Seguridad interna,Seguridad ciudadana,Denuncias de violaciones,Total,Total,17,No Aplica,"Es el acceso carnal, con introducción total o parcial del miembro viril, por vía oral, anal o vaginal; o la introducción, por vía vaginal o anal, de objetos, dedos u órganos distintos al miembro viril, a una persona de cualquier sexo.",2015,8,Fiscalía General del Estado - INEC,Denuncias,Paz,ODS 16
4006,09,Guayas,0000,Total Nacional,Ecuador,Seguridad interna,Seguridad ciudadana,Denuncias de violaciones,Total,Total,91,No Aplica,"Es el acceso carnal, con introducción total o parcial del miembro viril, por vía oral, anal o vaginal; o la introducción, por vía vaginal o anal, de objetos, dedos u órganos distintos al miembro viril, a una persona de cualquier sexo.",2015,8,Fiscalía General del Estado - INEC,Denuncias,Paz,ODS 16
4006,10,Imbabura,0000,Total Nacional,Ecuador,Seguridad interna,Seguridad ciudadana,Denuncias de violaciones,Total,Total,12,No Aplica,"Es el acceso carnal, con introducción total o parcial del miembro viril, por vía oral, anal o vaginal; o la introducción, por vía vaginal o anal, de objetos, dedos u órganos distintos al miembro viril, a una persona de cualquier sexo.",2015,8,Fiscalía General del Estado - INEC,Denuncias,Paz,ODS 16
4006,11,Loja,0000,Total Nacional,Ecuador,Seguridad interna,Seguridad ciudadana,Denuncias de violaciones,Total,Total,8,No Aplica,"Es el acceso carnal, con introducción total o parcial del miembro viril, por vía oral, anal o vaginal; o la introducción, por vía vaginal o anal, de objetos, dedos u órganos distintos al miembro viril, a una persona de cualquier sexo.",2015,8,Fiscalía General del Estado - INEC,Denuncias,Paz,ODS 16
4006,12,Los Ríos,0000,Total Nacional,Ecuador,Seguridad interna,Seguridad ciudadana,Denuncias de violaciones,Total,Total,25,No Aplica,"Es el acceso carnal, con introducción total o parcial del miembro viril, por vía oral, anal o vaginal; o la introducción, por vía vaginal o anal, de objetos, dedos u órganos distintos al miembro viril, a una persona de cualquier sexo.",2015,8,Fiscalía General del Estado - INEC,Denuncias,Paz,ODS 16
4006,13,Manabí,0000,Total Nacional,Ecuador,Seguridad interna,Seguridad ciudadana,Denuncias de violaciones,Total,Total,28,No Aplica,"Es el acceso carnal, con introducción total o parcial del miembro viril, por vía oral, anal o vaginal; o la introducción, por vía vaginal o anal, de objetos, dedos u órganos distintos al miembro viril, a una persona de cualquier sexo.",2015,8,Fiscalía General del Estado - INEC,Denuncias,Paz,ODS 16
4006,14,Morona Santiago,0000,Total Nacional,Ecuador,Seguridad interna,Seguridad ciudadana,Denuncias de violaciones,Total,Total,6,No Aplica,"Es el acceso carnal, con introducción total o parcial del miembro viril, por vía oral, anal o vaginal; o la introducción, por vía vaginal o anal, de objetos, dedos u órganos distintos al miembro viril, a una persona de cualquier sexo.",2015,8,Fiscalía General del Estado - INEC,Denuncias,Paz,ODS 16
4006,15,Napo,0000,Total Nacional,Ecuador,Seguridad interna,Seguridad ciudadana,Denuncias de violaciones,Total,Total,1,No Aplica,"Es el acceso carnal, con introducción total o parcial del miembro viril, por vía oral, anal o vaginal; o la introducción, por vía vaginal o anal, de objetos, dedos u órganos distintos al miembro viril, a una persona de cualquier sexo.",2015,8,Fiscalía General del Estado - INEC,Denuncias,Paz,ODS 16
4006,16,Pastaza,0000,Total Nacional,Ecuador,Seguridad interna,Seguridad ciudadana,Denuncias de violaciones,Total,Total,5,No Aplica,"Es el acceso carnal, con introducción total o parcial del miembro viril, por vía oral, anal o vaginal; o la introducción, por vía vaginal o anal, de objetos, dedos u órganos distintos al miembro viril, a una persona de cualquier sexo.",2015,8,Fiscalía General del Estado - INEC,Denuncias,Paz,ODS 16
4006,17,Pichincha,0000,Total Nacional,Ecuador,Seguridad interna,Seguridad ciudadana,Denuncias de violaciones,Total,Total,78,No Aplica,"Es el acceso carnal, con introducción total o parcial del miembro viril, por vía oral, anal o vaginal; o la introducción, por vía vaginal o anal, de objetos, dedos u órganos distintos al miembro viril, a una persona de cualquier sexo.",2015,8,Fiscalía General del Estado - INEC,Denuncias,Paz,ODS 16
4006,18,Tungurahua,0000,Total Nacional,Ecuador,Seguridad interna,Seguridad ciudadana,Denuncias de violaciones,Total,Total,5,No Aplica,"Es el acceso carnal, con introducción total o parcial del miembro viril, por vía oral, anal o vaginal; o la introducción, por vía vaginal o anal, de objetos, dedos u órganos distintos al miembro viril, a una persona de cualquier sexo.",2015,8,Fiscalía General del Estado - INEC,Denuncias,Paz,ODS 16
4006,19,Zamora Chinchipe,0000,Total Nacional,Ecuador,Seguridad interna,Seguridad ciudadana,Denuncias de violaciones,Total,Total,1,No Aplica,"Es el acceso carnal, con introducción total o parcial del miembro viril, por vía oral, anal o vaginal; o la introducción, por vía vaginal o anal, de objetos, dedos u órganos distintos al miembro viril, a una persona de cualquier sexo.",2015,8,Fiscalía General del Estado - INEC,Denuncias,Paz,ODS 16
4006,20,Galápagos,0000,Total Nacional,Ecuador,Seguridad interna,Seguridad ciudadana,Denuncias de violaciones,Total,Total,1,No Aplica,"Es el acceso carnal, con introducción total o parcial del miembro viril, por vía oral, anal o vaginal; o la introducción, por vía vaginal o anal, de objetos, dedos u órganos distintos al miembro viril, a una persona de cualquier sexo.",2015,8,Fiscalía General del Estado - INEC,Denuncias,Paz,ODS 16
4006,21,Sucumbios,0000,Total Nacional,Ecuador,Seguridad interna,Seguridad ciudadana,Denuncias de violaciones,Total,Total,4,No Aplica,"Es el acceso carnal, con introducción total o parcial del miembro viril, por vía oral, anal o vaginal; o la introducción, por vía vaginal o anal, de objetos, dedos u órganos distintos al miembro viril, a una persona de cualquier sexo.",2015,8,Fiscalía General del Estado - INEC,Denuncias,Paz,ODS 16
4006,22,Orellana,0000,Total Nacional,Ecuador,Seguridad interna,Seguridad ciudadana,Denuncias de violaciones,Total,Total,5,No Aplica,"Es el acceso carnal, con introducción total o parcial del miembro viril, por vía oral, anal o vaginal; o la introducción, por vía vaginal o anal, de objetos, dedos u órganos distintos al miembro viril, a una persona de cualquier sexo.",2015,8,Fiscalía General del Estado - INEC,Denuncias,Paz,ODS 16
4006,23,Santo Domingo de los Tsáchilas,0000,Total Nacional,Ecuador,Seguridad interna,Seguridad ciudadana,Denuncias de violaciones,Total,Total,13,No Aplica,"Es el acceso carnal, con introducción total o parcial del miembro viril, por vía oral, anal o vaginal; o la introducción, por vía vaginal o anal, de objetos, dedos u órganos distintos al miembro viril, a una persona de cualquier sexo.",2015,8,Fiscalía General del Estado - INEC,Denuncias,Paz,ODS 16
4006,24,Santa Elena,0000,Total Nacional,Ecuador,Seguridad interna,Seguridad ciudadana,Denuncias de violaciones,Total,Total,16,No Aplica,"Es el acceso carnal, con introducción total o parcial del miembro viril, por vía oral, anal o vaginal; o la introducción, por vía vaginal o anal, de objetos, dedos u órganos distintos al miembro viril, a una persona de cualquier sexo.",2015,8,Fiscalía General del Estado - INEC,Denuncias,Paz,ODS 16
4006,00,Total Nacional,0000,Total Nacional,Ecuador,Seguridad interna,Seguridad ciudadana,Denuncias de violaciones,Total,Total,410,No Aplica,"Es el acceso carnal, con introducción total o parcial del miembro viril, por vía oral, anal o vaginal; o la introducción, por vía vaginal o anal, de objetos, dedos u órganos distintos al miembro viril, a una persona de cualquier sexo.",2015,7,Fiscalía General del Estado - INEC,Denuncias,Paz,ODS 16
4006,01,Azuay,0000,Total Nacional,Ecuador,Seguridad interna,Seguridad ciudadana,Denuncias de violaciones,Total,Total,21,No Aplica,"Es el acceso carnal, con introducción total o parcial del miembro viril, por vía oral, anal o vaginal; o la introducción, por vía vaginal o anal, de objetos, dedos u órganos distintos al miembro viril, a una persona de cualquier sexo.",2015,7,Fiscalía General del Estado - INEC,Denuncias,Paz,ODS 16
4006,02,Bolívar,0000,Total Nacional,Ecuador,Seguridad interna,Seguridad ciudadana,Denuncias de violaciones,Total,Total,4,No Aplica,"Es el acceso carnal, con introducción total o parcial del miembro viril, por vía oral, anal o vaginal; o la introducción, por vía vaginal o anal, de objetos, dedos u órganos distintos al miembro viril, a una persona de cualquier sexo.",2015,7,Fiscalía General del Estado - INEC,Denuncias,Paz,ODS 16
4006,03,Cañar,0000,Total Nacional,Ecuador,Seguridad interna,Seguridad ciudadana,Denuncias de violaciones,Total,Total,10,No Aplica,"Es el acceso carnal, con introducción total o parcial del miembro viril, por vía oral, anal o vaginal; o la introducción, por vía vaginal o anal, de objetos, dedos u órganos distintos al miembro viril, a una persona de cualquier sexo.",2015,7,Fiscalía General del Estado - INEC,Denuncias,Paz,ODS 16
4006,04,Carchi,0000,Total Nacional,Ecuador,Seguridad interna,Seguridad ciudadana,Denuncias de violaciones,Total,Total,6,No Aplica,"Es el acceso carnal, con introducción total o parcial del miembro viril, por vía oral, anal o vaginal; o la introducción, por vía vaginal o anal, de objetos, dedos u órganos distintos al miembro viril, a una persona de cualquier sexo.",2015,7,Fiscalía General del Estado - INEC,Denuncias,Paz,ODS 16
4006,05,Cotopaxi,0000,Total Nacional,Ecuador,Seguridad interna,Seguridad ciudadana,Denuncias de violaciones,Total,Total,10,No Aplica,"Es el acceso carnal, con introducción total o parcial del miembro viril, por vía oral, anal o vaginal; o la introducción, por vía vaginal o anal, de objetos, dedos u órganos distintos al miembro viril, a una persona de cualquier sexo.",2015,7,Fiscalía General del Estado - INEC,Denuncias,Paz,ODS 16
4006,06,Chimborazo,0000,Total Nacional,Ecuador,Seguridad interna,Seguridad ciudadana,Denuncias de violaciones,Total,Total,12,No Aplica,"Es el acceso carnal, con introducción total o parcial del miembro viril, por vía oral, anal o vaginal; o la introducción, por vía vaginal o anal, de objetos, dedos u órganos distintos al miembro viril, a una persona de cualquier sexo.",2015,7,Fiscalía General del Estado - INEC,Denuncias,Paz,ODS 16
4006,07,El Oro,0000,Total Nacional,Ecuador,Seguridad interna,Seguridad ciudadana,Denuncias de violaciones,Total,Total,23,No Aplica,"Es el acceso carnal, con introducción total o parcial del miembro viril, por vía oral, anal o vaginal; o la introducción, por vía vaginal o anal, de objetos, dedos u órganos distintos al miembro viril, a una persona de cualquier sexo.",2015,7,Fiscalía General del Estado - INEC,Denuncias,Paz,ODS 16
4006,08,Esmeraldas,0000,Total Nacional,Ecuador,Seguridad interna,Seguridad ciudadana,Denuncias de violaciones,Total,Total,25,No Aplica,"Es el acceso carnal, con introducción total o parcial del miembro viril, por vía oral, anal o vaginal; o la introducción, por vía vaginal o anal, de objetos, dedos u órganos distintos al miembro viril, a una persona de cualquier sexo.",2015,7,Fiscalía General del Estado - INEC,Denuncias,Paz,ODS 16
4006,09,Guayas,0000,Total Nacional,Ecuador,Seguridad interna,Seguridad ciudadana,Denuncias de violaciones,Total,Total,69,No Aplica,"Es el acceso carnal, con introducción total o parcial del miembro viril, por vía oral, anal o vaginal; o la introducción, por vía vaginal o anal, de objetos, dedos u órganos distintos al miembro viril, a una persona de cualquier sexo.",2015,7,Fiscalía General del Estado - INEC,Denuncias,Paz,ODS 16
4006,10,Imbabura,0000,Total Nacional,Ecuador,Seguridad interna,Seguridad ciudadana,Denuncias de violaciones,Total,Total,14,No Aplica,"Es el acceso carnal, con introducción total o parcial del miembro viril, por vía oral, anal o vaginal; o la introducción, por vía vaginal o anal, de objetos, dedos u órganos distintos al miembro viril, a una persona de cualquier sexo.",2015,7,Fiscalía General del Estado - INEC,Denuncias,Paz,ODS 16
4006,11,Loja,0000,Total Nacional,Ecuador,Seguridad interna,Seguridad ciudadana,Denuncias de violaciones,Total,Total,24,No Aplica,"Es el acceso carnal, con introducción total o parcial del miembro viril, por vía oral, anal o vaginal; o la introducción, por vía vaginal o anal, de objetos, dedos u órganos distintos al miembro viril, a una persona de cualquier sexo.",2015,7,Fiscalía General del Estado - INEC,Denuncias,Paz,ODS 16
4006,12,Los Ríos,0000,Total Nacional,Ecuador,Seguridad interna,Seguridad ciudadana,Denuncias de violaciones,Total,Total,17,No Aplica,"Es el acceso carnal, con introducción total o parcial del miembro viril, por vía oral, anal o vaginal; o la introducción, por vía vaginal o anal, de objetos, dedos u órganos distintos al miembro viril, a una persona de cualquier sexo.",2015,7,Fiscalía General del Estado - INEC,Denuncias,Paz,ODS 16
4006,13,Manabí,0000,Total Nacional,Ecuador,Seguridad interna,Seguridad ciudadana,Denuncias de violaciones,Total,Total,26,No Aplica,"Es el acceso carnal, con introducción total o parcial del miembro viril, por vía oral, anal o vaginal; o la introducción, por vía vaginal o anal, de objetos, dedos u órganos distintos al miembro viril, a una persona de cualquier sexo.",2015,7,Fiscalía General del Estado - INEC,Denuncias,Paz,ODS 16
4006,14,Morona Santiago,0000,Total Nacional,Ecuador,Seguridad interna,Seguridad ciudadana,Denuncias de violaciones,Total,Total,5,No Aplica,"Es el acceso carnal, con introducción total o parcial del miembro viril, por vía oral, anal o vaginal; o la introducción, por vía vaginal o anal, de objetos, dedos u órganos distintos al miembro viril, a una persona de cualquier sexo.",2015,7,Fiscalía General del Estado - INEC,Denuncias,Paz,ODS 16
4006,15,Napo,0000,Total Nacional,Ecuador,Seguridad interna,Seguridad ciudadana,Denuncias de violaciones,Total,Total,5,No Aplica,"Es el acceso carnal, con introducción total o parcial del miembro viril, por vía oral, anal o vaginal; o la introducción, por vía vaginal o anal, de objetos, dedos u órganos distintos al miembro viril, a una persona de cualquier sexo.",2015,7,Fiscalía General del Estado - INEC,Denuncias,Paz,ODS 16
4006,16,Pastaza,0000,Total Nacional,Ecuador,Seguridad interna,Seguridad ciudadana,Denuncias de violaciones,Total,Total,5,No Aplica,"Es el acceso carnal, con introducción total o parcial del miembro viril, por vía oral, anal o vaginal; o la introducción, por vía vaginal o anal, de objetos, dedos u órganos distintos al miembro viril, a una persona de cualquier sexo.",2015,7,Fiscalía General del Estado - INEC,Denuncias,Paz,ODS 16
4006,17,Pichincha,0000,Total Nacional,Ecuador,Seguridad interna,Seguridad ciudadana,Denuncias de violaciones,Total,Total,85,No Aplica,"Es el acceso carnal, con introducción total o parcial del miembro viril, por vía oral, anal o vaginal; o la introducción, por vía vaginal o anal, de objetos, dedos u órganos distintos al miembro viril, a una persona de cualquier sexo.",2015,7,Fiscalía General del Estado - INEC,Denuncias,Paz,ODS 16
4006,18,Tungurahua,0000,Total Nacional,Ecuador,Seguridad interna,Seguridad ciudadana,Denuncias de violaciones,Total,Total,10,No Aplica,"Es el acceso carnal, con introducción total o parcial del miembro viril, por vía oral, anal o vaginal; o la introducción, por vía vaginal o anal, de objetos, dedos u órganos distintos al miembro viril, a una persona de cualquier sexo.",2015,7,Fiscalía General del Estado - INEC,Denuncias,Paz,ODS 16
4006,19,Zamora Chinchipe,0000,Total Nacional,Ecuador,Seguridad interna,Seguridad ciudadana,Denuncias de violaciones,Total,Total,2,No Aplica,"Es el acceso carnal, con introducción total o parcial del miembro viril, por vía oral, anal o vaginal; o la introducción, por vía vaginal o anal, de objetos, dedos u órganos distintos al miembro viril, a una persona de cualquier sexo.",2015,7,Fiscalía General del Estado - INEC,Denuncias,Paz,ODS 16
4006,20,Galápagos,0000,Total Nacional,Ecuador,Seguridad interna,Seguridad ciudadana,Denuncias de violaciones,Total,Total,0,No Aplica,"Es el acceso carnal, con introducción total o parcial del miembro viril, por vía oral, anal o vaginal; o la introducción, por vía vaginal o anal, de objetos, dedos u órganos distintos al miembro viril, a una persona de cualquier sexo.",2015,7,Fiscalía General del Estado - INEC,Denuncias,Paz,ODS 16
4006,21,Sucumbios,0000,Total Nacional,Ecuador,Seguridad interna,Seguridad ciudadana,Denuncias de violaciones,Total,Total,6,No Aplica,"Es el acceso carnal, con introducción total o parcial del miembro viril, por vía oral, anal o vaginal; o la introducción, por vía vaginal o anal, de objetos, dedos u órganos distintos al miembro viril, a una persona de cualquier sexo.",2015,7,Fiscalía General del Estado - INEC,Denuncias,Paz,ODS 16
4006,22,Orellana,0000,Total Nacional,Ecuador,Seguridad interna,Seguridad ciudadana,Denuncias de violaciones,Total,Total,11,No Aplica,"Es el acceso carnal, con introducción total o parcial del miembro viril, por vía oral, anal o vaginal; o la introducción, por vía vaginal o anal, de objetos, dedos u órganos distintos al miembro viril, a una persona de cualquier sexo.",2015,7,Fiscalía General del Estado - INEC,Denuncias,Paz,ODS 16
4006,23,Santo Domingo de los Tsáchilas,0000,Total Nacional,Ecuador,Seguridad interna,Seguridad ciudadana,Denuncias de violaciones,Total,Total,16,No Aplica,"Es el acceso carnal, con introducción total o parcial del miembro viril, por vía oral, anal o vaginal; o la introducción, por vía vaginal o anal, de objetos, dedos u órganos distintos al miembro viril, a una persona de cualquier sexo.",2015,7,Fiscalía General del Estado - INEC,Denuncias,Paz,ODS 16
4006,24,Santa Elena,0000,Total Nacional,Ecuador,Seguridad interna,Seguridad ciudadana,Denuncias de violaciones,Total,Total,4,No Aplica,"Es el acceso carnal, con introducción total o parcial del miembro viril, por vía oral, anal o vaginal; o la introducción, por vía vaginal o anal, de objetos, dedos u órganos distintos al miembro viril, a una persona de cualquier sexo.",2015,7,Fiscalía General del Estado - INEC,Denuncias,Paz,ODS 16
4006,00,Total Nacional,0000,Total Nacional,Ecuador,Seguridad interna,Seguridad ciudadana,Denuncias de violaciones,Total,Total,423,No Aplica,"Es el acceso carnal, con introducción total o parcial del miembro viril, por vía oral, anal o vaginal; o la introducción, por vía vaginal o anal, de objetos, dedos u órganos distintos al miembro viril, a una persona de cualquier sexo.",2015,6,Fiscalía General del Estado - INEC,Denuncias,Paz,ODS 16
4006,01,Azuay,0000,Total Nacional,Ecuador,Seguridad interna,Seguridad ciudadana,Denuncias de violaciones,Total,Total,24,No Aplica,"Es el acceso carnal, con introducción total o parcial del miembro viril, por vía oral, anal o vaginal; o la introducción, por vía vaginal o anal, de objetos, dedos u órganos distintos al miembro viril, a una persona de cualquier sexo.",2015,6,Fiscalía General del Estado - INEC,Denuncias,Paz,ODS 16
4006,02,Bolívar,0000,Total Nacional,Ecuador,Seguridad interna,Seguridad ciudadana,Denuncias de violaciones,Total,Total,7,No Aplica,"Es el acceso carnal, con introducción total o parcial del miembro viril, por vía oral, anal o vaginal; o la introducción, por vía vaginal o anal, de objetos, dedos u órganos distintos al miembro viril, a una persona de cualquier sexo.",2015,6,Fiscalía General del Estado - INEC,Denuncias,Paz,ODS 16
4006,03,Cañar,0000,Total Nacional,Ecuador,Seguridad interna,Seguridad ciudadana,Denuncias de violaciones,Total,Total,8,No Aplica,"Es el acceso carnal, con introducción total o parcial del miembro viril, por vía oral, anal o vaginal; o la introducción, por vía vaginal o anal, de objetos, dedos u órganos distintos al miembro viril, a una persona de cualquier sexo.",2015,6,Fiscalía General del Estado - INEC,Denuncias,Paz,ODS 16
4006,04,Carchi,0000,Total Nacional,Ecuador,Seguridad interna,Seguridad ciudadana,Denuncias de violaciones,Total,Total,2,No Aplica,"Es el acceso carnal, con introducción total o parcial del miembro viril, por vía oral, anal o vaginal; o la introducción, por vía vaginal o anal, de objetos, dedos u órganos distintos al miembro viril, a una persona de cualquier sexo.",2015,6,Fiscalía General del Estado - INEC,Denuncias,Paz,ODS 16
4006,05,Cotopaxi,0000,Total Nacional,Ecuador,Seguridad interna,Seguridad ciudadana,Denuncias de violaciones,Total,Total,10,No Aplica,"Es el acceso carnal, con introducción total o parcial del miembro viril, por vía oral, anal o vaginal; o la introducción, por vía vaginal o anal, de objetos, dedos u órganos distintos al miembro viril, a una persona de cualquier sexo.",2015,6,Fiscalía General del Estado - INEC,Denuncias,Paz,ODS 16
4006,06,Chimborazo,0000,Total Nacional,Ecuador,Seguridad interna,Seguridad ciudadana,Denuncias de violaciones,Total,Total,3,No Aplica,"Es el acceso carnal, con introducción total o parcial del miembro viril, por vía oral, anal o vaginal; o la introducción, por vía vaginal o anal, de objetos, dedos u órganos distintos al miembro viril, a una persona de cualquier sexo.",2015,6,Fiscalía General del Estado - INEC,Denuncias,Paz,ODS 16
4006,07,El Oro,0000,Total Nacional,Ecuador,Seguridad interna,Seguridad ciudadana,Denuncias de violaciones,Total,Total,28,No Aplica,"Es el acceso carnal, con introducción total o parcial del miembro viril, por vía oral, anal o vaginal; o la introducción, por vía vaginal o anal, de objetos, dedos u órganos distintos al miembro viril, a una persona de cualquier sexo.",2015,6,Fiscalía General del Estado - INEC,Denuncias,Paz,ODS 16
4006,08,Esmeraldas,0000,Total Nacional,Ecuador,Seguridad interna,Seguridad ciudadana,Denuncias de violaciones,Total,Total,16,No Aplica,"Es el acceso carnal, con introducción total o parcial del miembro viril, por vía oral, anal o vaginal; o la introducción, por vía vaginal o anal, de objetos, dedos u órganos distintos al miembro viril, a una persona de cualquier sexo.",2015,6,Fiscalía General del Estado - INEC,Denuncias,Paz,ODS 16
4006,09,Guayas,0000,Total Nacional,Ecuador,Seguridad interna,Seguridad ciudadana,Denuncias de violaciones,Total,Total,84,No Aplica,"Es el acceso carnal, con introducción total o parcial del miembro viril, por vía oral, anal o vaginal; o la introducción, por vía vaginal o anal, de objetos, dedos u órganos distintos al miembro viril, a una persona de cualquier sexo.",2015,6,Fiscalía General del Estado - INEC,Denuncias,Paz,ODS 16
4006,10,Imbabura,0000,Total Nacional,Ecuador,Seguridad interna,Seguridad ciudadana,Denuncias de violaciones,Total,Total,9,No Aplica,"Es el acceso carnal, con introducción total o parcial del miembro viril, por vía oral, anal o vaginal; o la introducción, por vía vaginal o anal, de objetos, dedos u órganos distintos al miembro viril, a una persona de cualquier sexo.",2015,6,Fiscalía General del Estado - INEC,Denuncias,Paz,ODS 16
4006,11,Loja,0000,Total Nacional,Ecuador,Seguridad interna,Seguridad ciudadana,Denuncias de violaciones,Total,Total,11,No Aplica,"Es el acceso carnal, con introducción total o parcial del miembro viril, por vía oral, anal o vaginal; o la introducción, por vía vaginal o anal, de objetos, dedos u órganos distintos al miembro viril, a una persona de cualquier sexo.",2015,6,Fiscalía General del Estado - INEC,Denuncias,Paz,ODS 16
4006,12,Los Ríos,0000,Total Nacional,Ecuador,Seguridad interna,Seguridad ciudadana,Denuncias de violaciones,Total,Total,24,No Aplica,"Es el acceso carnal, con introducción total o parcial del miembro viril, por vía oral, anal o vaginal; o la introducción, por vía vaginal o anal, de objetos, dedos u órganos distintos al miembro viril, a una persona de cualquier sexo.",2015,6,Fiscalía General del Estado - INEC,Denuncias,Paz,ODS 16
4006,13,Manabí,0000,Total Nacional,Ecuador,Seguridad interna,Seguridad ciudadana,Denuncias de violaciones,Total,Total,21,No Aplica,"Es el acceso carnal, con introducción total o parcial del miembro viril, por vía oral, anal o vaginal; o la introducción, por vía vaginal o anal, de objetos, dedos u órganos distintos al miembro viril, a una persona de cualquier sexo.",2015,6,Fiscalía General del Estado - INEC,Denuncias,Paz,ODS 16
4006,14,Morona Santiago,0000,Total Nacional,Ecuador,Seguridad interna,Seguridad ciudadana,Denuncias de violaciones,Total,Total,21,No Aplica,"Es el acceso carnal, con introducción total o parcial del miembro viril, por vía oral, anal o vaginal; o la introducción, por vía vaginal o anal, de objetos, dedos u órganos distintos al miembro viril, a una persona de cualquier sexo.",2015,6,Fiscalía General del Estado - INEC,Denuncias,Paz,ODS 16
4006,15,Napo,0000,Total Nacional,Ecuador,Seguridad interna,Seguridad ciudadana,Denuncias de violaciones,Total,Total,9,No Aplica,"Es el acceso carnal, con introducción total o parcial del miembro viril, por vía oral, anal o vaginal; o la introducción, por vía vaginal o anal, de objetos, dedos u órganos distintos al miembro viril, a una persona de cualquier sexo.",2015,6,Fiscalía General del Estado - INEC,Denuncias,Paz,ODS 16
4006,16,Pastaza,0000,Total Nacional,Ecuador,Seguridad interna,Seguridad ciudadana,Denuncias de violaciones,Total,Total,6,No Aplica,"Es el acceso carnal, con introducción total o parcial del miembro viril, por vía oral, anal o vaginal; o la introducción, por vía vaginal o anal, de objetos, dedos u órganos distintos al miembro viril, a una persona de cualquier sexo.",2015,6,Fiscalía General del Estado - INEC,Denuncias,Paz,ODS 16
4006,17,Pichincha,0000,Total Nacional,Ecuador,Seguridad interna,Seguridad ciudadana,Denuncias de violaciones,Total,Total,80,No Aplica,"Es el acceso carnal, con introducción total o parcial del miembro viril, por vía oral, anal o vaginal; o la introducción, por vía vaginal o anal, de objetos, dedos u órganos distintos al miembro viril, a una persona de cualquier sexo.",2015,6,Fiscalía General del Estado - INEC,Denuncias,Paz,ODS 16
4006,18,Tungurahua,0000,Total Nacional,Ecuador,Seguridad interna,Seguridad ciudadana,Denuncias de violaciones,Total,Total,10,No Aplica,"Es el acceso carnal, con introducción total o parcial del miembro viril, por vía oral, anal o vaginal; o la introducción, por vía vaginal o anal, de objetos, dedos u órganos distintos al miembro viril, a una persona de cualquier sexo.",2015,6,Fiscalía General del Estado - INEC,Denuncias,Paz,ODS 16
4006,19,Zamora Chinchipe,0000,Total Nacional,Ecuador,Seguridad interna,Seguridad ciudadana,Denuncias de violaciones,Total,Total,3,No Aplica,"Es el acceso carnal, con introducción total o parcial del miembro viril, por vía oral, anal o vaginal; o la introducción, por vía vaginal o anal, de objetos, dedos u órganos distintos al miembro viril, a una persona de cualquier sexo.",2015,6,Fiscalía General del Estado - INEC,Denuncias,Paz,ODS 16
4006,20,Galápagos,0000,Total Nacional,Ecuador,Seguridad interna,Seguridad ciudadana,Denuncias de violaciones,Total,Total,0,No Aplica,"Es el acceso carnal, con introducción total o parcial del miembro viril, por vía oral, anal o vaginal; o la introducción, por vía vaginal o anal, de objetos, dedos u órganos distintos al miembro viril, a una persona de cualquier sexo.",2015,6,Fiscalía General del Estado - INEC,Denuncias,Paz,ODS 16
4006,21,Sucumbios,0000,Total Nacional,Ecuador,Seguridad interna,Seguridad ciudadana,Denuncias de violaciones,Total,Total,16,No Aplica,"Es el acceso carnal, con introducción total o parcial del miembro viril, por vía oral, anal o vaginal; o la introducción, por vía vaginal o anal, de objetos, dedos u órganos distintos al miembro viril, a una persona de cualquier sexo.",2015,6,Fiscalía General del Estado - INEC,Denuncias,Paz,ODS 16
4006,22,Orellana,0000,Total Nacional,Ecuador,Seguridad interna,Seguridad ciudadana,Denuncias de violaciones,Total,Total,13,No Aplica,"Es el acceso carnal, con introducción total o parcial del miembro viril, por vía oral, anal o vaginal; o la introducción, por vía vaginal o anal, de objetos, dedos u órganos distintos al miembro viril, a una persona de cualquier sexo.",2015,6,Fiscalía General del Estado - INEC,Denuncias,Paz,ODS 16
4006,23,Santo Domingo de los Tsáchilas,0000,Total Nacional,Ecuador,Seguridad interna,Seguridad ciudadana,Denuncias de violaciones,Total,Total,13,No Aplica,"Es el acceso carnal, con introducción total o parcial del miembro viril, por vía oral, anal o vaginal; o la introducción, por vía vaginal o anal, de objetos, dedos u órganos distintos al miembro viril, a una persona de cualquier sexo.",2015,6,Fiscalía General del Estado - INEC,Denuncias,Paz,ODS 16
4006,24,Santa Elena,0000,Total Nacional,Ecuador,Seguridad interna,Seguridad ciudadana,Denuncias de violaciones,Total,Total,5,No Aplica,"Es el acceso carnal, con introducción total o parcial del miembro viril, por vía oral, anal o vaginal; o la introducción, por vía vaginal o anal, de objetos, dedos u órganos distintos al miembro viril, a una persona de cualquier sexo.",2015,6,Fiscalía General del Estado - INEC,Denuncias,Paz,ODS 16
4006,00,Total Nacional,0000,Total Nacional,Ecuador,Seguridad interna,Seguridad ciudadana,Denuncias de violaciones,Total,Total,386,No Aplica,"Es el acceso carnal, con introducción total o parcial del miembro viril, por vía oral, anal o vaginal; o la introducción, por vía vaginal o anal, de objetos, dedos u órganos distintos al miembro viril, a una persona de cualquier sexo.",2015,5,Fiscalía General del Estado - INEC,Denuncias,Paz,ODS 16
4006,01,Azuay,0000,Total Nacional,Ecuador,Seguridad interna,Seguridad ciudadana,Denuncias de violaciones,Total,Total,35,No Aplica,"Es el acceso carnal, con introducción total o parcial del miembro viril, por vía oral, anal o vaginal; o la introducción, por vía vaginal o anal, de objetos, dedos u órganos distintos al miembro viril, a una persona de cualquier sexo.",2015,5,Fiscalía General del Estado - INEC,Denuncias,Paz,ODS 16
4006,02,Bolívar,0000,Total Nacional,Ecuador,Seguridad interna,Seguridad ciudadana,Denuncias de violaciones,Total,Total,5,No Aplica,"Es el acceso carnal, con introducción total o parcial del miembro viril, por vía oral, anal o vaginal; o la introducción, por vía vaginal o anal, de objetos, dedos u órganos distintos al miembro viril, a una persona de cualquier sexo.",2015,5,Fiscalía General del Estado - INEC,Denuncias,Paz,ODS 16
4006,03,Cañar,0000,Total Nacional,Ecuador,Seguridad interna,Seguridad ciudadana,Denuncias de violaciones,Total,Total,8,No Aplica,"Es el acceso carnal, con introducción total o parcial del miembro viril, por vía oral, anal o vaginal; o la introducción, por vía vaginal o anal, de objetos, dedos u órganos distintos al miembro viril, a una persona de cualquier sexo.",2015,5,Fiscalía General del Estado - INEC,Denuncias,Paz,ODS 16
4006,04,Carchi,0000,Total Nacional,Ecuador,Seguridad interna,Seguridad ciudadana,Denuncias de violaciones,Total,Total,3,No Aplica,"Es el acceso carnal, con introducción total o parcial del miembro viril, por vía oral, anal o vaginal; o la introducción, por vía vaginal o anal, de objetos, dedos u órganos distintos al miembro viril, a una persona de cualquier sexo.",2015,5,Fiscalía General del Estado - INEC,Denuncias,Paz,ODS 16
4006,05,Cotopaxi,0000,Total Nacional,Ecuador,Seguridad interna,Seguridad ciudadana,Denuncias de violaciones,Total,Total,3,No Aplica,"Es el acceso carnal, con introducción total o parcial del miembro viril, por vía oral, anal o vaginal; o la introducción, por vía vaginal o anal, de objetos, dedos u órganos distintos al miembro viril, a una persona de cualquier sexo.",2015,5,Fiscalía General del Estado - INEC,Denuncias,Paz,ODS 16
4006,06,Chimborazo,0000,Total Nacional,Ecuador,Seguridad interna,Seguridad ciudadana,Denuncias de violaciones,Total,Total,9,No Aplica,"Es el acceso carnal, con introducción total o parcial del miembro viril, por vía oral, anal o vaginal; o la introducción, por vía vaginal o anal, de objetos, dedos u órganos distintos al miembro viril, a una persona de cualquier sexo.",2015,5,Fiscalía General del Estado - INEC,Denuncias,Paz,ODS 16
4006,07,El Oro,0000,Total Nacional,Ecuador,Seguridad interna,Seguridad ciudadana,Denuncias de violaciones,Total,Total,29,No Aplica,"Es el acceso carnal, con introducción total o parcial del miembro viril, por vía oral, anal o vaginal; o la introducción, por vía vaginal o anal, de objetos, dedos u órganos distintos al miembro viril, a una persona de cualquier sexo.",2015,5,Fiscalía General del Estado - INEC,Denuncias,Paz,ODS 16
4006,08,Esmeraldas,0000,Total Nacional,Ecuador,Seguridad interna,Seguridad ciudadana,Denuncias de violaciones,Total,Total,11,No Aplica,"Es el acceso carnal, con introducción total o parcial del miembro viril, por vía oral, anal o vaginal; o la introducción, por vía vaginal o anal, de objetos, dedos u órganos distintos al miembro viril, a una persona de cualquier sexo.",2015,5,Fiscalía General del Estado - INEC,Denuncias,Paz,ODS 16
4006,09,Guayas,0000,Total Nacional,Ecuador,Seguridad interna,Seguridad ciudadana,Denuncias de violaciones,Total,Total,65,No Aplica,"Es el acceso carnal, con introducción total o parcial del miembro viril, por vía oral, anal o vaginal; o la introducción, por vía vaginal o anal, de objetos, dedos u órganos distintos al miembro viril, a una persona de cualquier sexo.",2015,5,Fiscalía General del Estado - INEC,Denuncias,Paz,ODS 16
4006,10,Imbabura,0000,Total Nacional,Ecuador,Seguridad interna,Seguridad ciudadana,Denuncias de violaciones,Total,Total,6,No Aplica,"Es el acceso carnal, con introducción total o parcial del miembro viril, por vía oral, anal o vaginal; o la introducción, por vía vaginal o anal, de objetos, dedos u órganos distintos al miembro viril, a una persona de cualquier sexo.",2015,5,Fiscalía General del Estado - INEC,Denuncias,Paz,ODS 16
4006,11,Loja,0000,Total Nacional,Ecuador,Seguridad interna,Seguridad ciudadana,Denuncias de violaciones,Total,Total,14,No Aplica,"Es el acceso carnal, con introducción total o parcial del miembro viril, por vía oral, anal o vaginal; o la introducción, por vía vaginal o anal, de objetos, dedos u órganos distintos al miembro viril, a una persona de cualquier sexo.",2015,5,Fiscalía General del Estado - INEC,Denuncias,Paz,ODS 16
4006,12,Los Ríos,0000,Total Nacional,Ecuador,Seguridad interna,Seguridad ciudadana,Denuncias de violaciones,Total,Total,11,No Aplica,"Es el acceso carnal, con introducción total o parcial del miembro viril, por vía oral, anal o vaginal; o la introducción, por vía vaginal o anal, de objetos, dedos u órganos distintos al miembro viril, a una persona de cualquier sexo.",2015,5,Fiscalía General del Estado - INEC,Denuncias,Paz,ODS 16
4006,13,Manabí,0000,Total Nacional,Ecuador,Seguridad interna,Seguridad ciudadana,Denuncias de violaciones,Total,Total,19,No Aplica,"Es el acceso carnal, con introducción total o parcial del miembro viril, por vía oral, anal o vaginal; o la introducción, por vía vaginal o anal, de objetos, dedos u órganos distintos al miembro viril, a una persona de cualquier sexo.",2015,5,Fiscalía General del Estado - INEC,Denuncias,Paz,ODS 16
4006,14,Morona Santiago,0000,Total Nacional,Ecuador,Seguridad interna,Seguridad ciudadana,Denuncias de violaciones,Total,Total,9,No Aplica,"Es el acceso carnal, con introducción total o parcial del miembro viril, por vía oral, anal o vaginal; o la introducción, por vía vaginal o anal, de objetos, dedos u órganos distintos al miembro viril, a una persona de cualquier sexo.",2015,5,Fiscalía General del Estado - INEC,Denuncias,Paz,ODS 16
4006,15,Napo,0000,Total Nacional,Ecuador,Seguridad interna,Seguridad ciudadana,Denuncias de violaciones,Total,Total,10,No Aplica,"Es el acceso carnal, con introducción total o parcial del miembro viril, por vía oral, anal o vaginal; o la introducción, por vía vaginal o anal, de objetos, dedos u órganos distintos al miembro viril, a una persona de cualquier sexo.",2015,5,Fiscalía General del Estado - INEC,Denuncias,Paz,ODS 16
4006,16,Pastaza,0000,Total Nacional,Ecuador,Seguridad interna,Seguridad ciudadana,Denuncias de violaciones,Total,Total,3,No Aplica,"Es el acceso carnal, con introducción total o parcial del miembro viril, por vía oral, anal o vaginal; o la introducción, por vía vaginal o anal, de objetos, dedos u órganos distintos al miembro viril, a una persona de cualquier sexo.",2015,5,Fiscalía General del Estado - INEC,Denuncias,Paz,ODS 16
4006,17,Pichincha,0000,Total Nacional,Ecuador,Seguridad interna,Seguridad ciudadana,Denuncias de violaciones,Total,Total,81,No Aplica,"Es el acceso carnal, con introducción total o parcial del miembro viril, por vía oral, anal o vaginal; o la introducción, por vía vaginal o anal, de objetos, dedos u órganos distintos al miembro viril, a una persona de cualquier sexo.",2015,5,Fiscalía General del Estado - INEC,Denuncias,Paz,ODS 16
4006,18,Tungurahua,0000,Total Nacional,Ecuador,Seguridad interna,Seguridad ciudadana,Denuncias de violaciones,Total,Total,16,No Aplica,"Es el acceso carnal, con introducción total o parcial del miembro viril, por vía oral, anal o vaginal; o la introducción, por vía vaginal o anal, de objetos, dedos u órganos distintos al miembro viril, a una persona de cualquier sexo.",2015,5,Fiscalía General del Estado - INEC,Denuncias,Paz,ODS 16
4006,19,Zamora Chinchipe,0000,Total Nacional,Ecuador,Seguridad interna,Seguridad ciudadana,Denuncias de violaciones,Total,Total,6,No Aplica,"Es el acceso carnal, con introducción total o parcial del miembro viril, por vía oral, anal o vaginal; o la introducción, por vía vaginal o anal, de objetos, dedos u órganos distintos al miembro viril, a una persona de cualquier sexo.",2015,5,Fiscalía General del Estado - INEC,Denuncias,Paz,ODS 16
4006,20,Galápagos,0000,Total Nacional,Ecuador,Seguridad interna,Seguridad ciudadana,Denuncias de violaciones,Total,Total,0,No Aplica,"Es el acceso carnal, con introducción total o parcial del miembro viril, por vía oral, anal o vaginal; o la introducción, por vía vaginal o anal, de objetos, dedos u órganos distintos al miembro viril, a una persona de cualquier sexo.",2015,5,Fiscalía General del Estado - INEC,Denuncias,Paz,ODS 16
4006,21,Sucumbios,0000,Total Nacional,Ecuador,Seguridad interna,Seguridad ciudadana,Denuncias de violaciones,Total,Total,12,No Aplica,"Es el acceso carnal, con introducción total o parcial del miembro viril, por vía oral, anal o vaginal; o la introducción, por vía vaginal o anal, de objetos, dedos u órganos distintos al miembro viril, a una persona de cualquier sexo.",2015,5,Fiscalía General del Estado - INEC,Denuncias,Paz,ODS 16
4006,22,Orellana,0000,Total Nacional,Ecuador,Seguridad interna,Seguridad ciudadana,Denuncias de violaciones,Total,Total,11,No Aplica,"Es el acceso carnal, con introducción total o parcial del miembro viril, por vía oral, anal o vaginal; o la introducción, por vía vaginal o anal, de objetos, dedos u órganos distintos al miembro viril, a una persona de cualquier sexo.",2015,5,Fiscalía General del Estado - INEC,Denuncias,Paz,ODS 16
4006,23,Santo Domingo de los Tsáchilas,0000,Total Nacional,Ecuador,Seguridad interna,Seguridad ciudadana,Denuncias de violaciones,Total,Total,15,No Aplica,"Es el acceso carnal, con introducción total o parcial del miembro viril, por vía oral, anal o vaginal; o la introducción, por vía vaginal o anal, de objetos, dedos u órganos distintos al miembro viril, a una persona de cualquier sexo.",2015,5,Fiscalía General del Estado - INEC,Denuncias,Paz,ODS 16
4006,24,Santa Elena,0000,Total Nacional,Ecuador,Seguridad interna,Seguridad ciudadana,Denuncias de violaciones,Total,Total,5,No Aplica,"Es el acceso carnal, con introducción total o parcial del miembro viril, por vía oral, anal o vaginal; o la introducción, por vía vaginal o anal, de objetos, dedos u órganos distintos al miembro viril, a una persona de cualquier sexo.",2015,5,Fiscalía General del Estado - INEC,Denuncias,Paz,ODS 16
4006,00,Total Nacional,0000,Total Nacional,Ecuador,Seguridad interna,Seguridad ciudadana,Denuncias de violaciones,Total,Total,380,No Aplica,"Es el acceso carnal, con introducción total o parcial del miembro viril, por vía oral, anal o vaginal; o la introducción, por vía vaginal o anal, de objetos, dedos u órganos distintos al miembro viril, a una persona de cualquier sexo.",2015,4,Fiscalía General del Estado - INEC,Denuncias,Paz,ODS 16
4006,01,Azuay,0000,Total Nacional,Ecuador,Seguridad interna,Seguridad ciudadana,Denuncias de violaciones,Total,Total,35,No Aplica,"Es el acceso carnal, con introducción total o parcial del miembro viril, por vía oral, anal o vaginal; o la introducción, por vía vaginal o anal, de objetos, dedos u órganos distintos al miembro viril, a una persona de cualquier sexo.",2015,4,Fiscalía General del Estado - INEC,Denuncias,Paz,ODS 16
4006,02,Bolívar,0000,Total Nacional,Ecuador,Seguridad interna,Seguridad ciudadana,Denuncias de violaciones,Total,Total,3,No Aplica,"Es el acceso carnal, con introducción total o parcial del miembro viril, por vía oral, anal o vaginal; o la introducción, por vía vaginal o anal, de objetos, dedos u órganos distintos al miembro viril, a una persona de cualquier sexo.",2015,4,Fiscalía General del Estado - INEC,Denuncias,Paz,ODS 16
4006,03,Cañar,0000,Total Nacional,Ecuador,Seguridad interna,Seguridad ciudadana,Denuncias de violaciones,Total,Total,5,No Aplica,"Es el acceso carnal, con introducción total o parcial del miembro viril, por vía oral, anal o vaginal; o la introducción, por vía vaginal o anal, de objetos, dedos u órganos distintos al miembro viril, a una persona de cualquier sexo.",2015,4,Fiscalía General del Estado - INEC,Denuncias,Paz,ODS 16
4006,04,Carchi,0000,Total Nacional,Ecuador,Seguridad interna,Seguridad ciudadana,Denuncias de violaciones,Total,Total,1,No Aplica,"Es el acceso carnal, con introducción total o parcial del miembro viril, por vía oral, anal o vaginal; o la introducción, por vía vaginal o anal, de objetos, dedos u órganos distintos al miembro viril, a una persona de cualquier sexo.",2015,4,Fiscalía General del Estado - INEC,Denuncias,Paz,ODS 16
4006,05,Cotopaxi,0000,Total Nacional,Ecuador,Seguridad interna,Seguridad ciudadana,Denuncias de violaciones,Total,Total,11,No Aplica,"Es el acceso carnal, con introducción total o parcial del miembro viril, por vía oral, anal o vaginal; o la introducción, por vía vaginal o anal, de objetos, dedos u órganos distintos al miembro viril, a una persona de cualquier sexo.",2015,4,Fiscalía General del Estado - INEC,Denuncias,Paz,ODS 16
4006,06,Chimborazo,0000,Total Nacional,Ecuador,Seguridad interna,Seguridad ciudadana,Denuncias de violaciones,Total,Total,9,No Aplica,"Es el acceso carnal, con introducción total o parcial del miembro viril, por vía oral, anal o vaginal; o la introducción, por vía vaginal o anal, de objetos, dedos u órganos distintos al miembro viril, a una persona de cualquier sexo.",2015,4,Fiscalía General del Estado - INEC,Denuncias,Paz,ODS 16
4006,07,El Oro,0000,Total Nacional,Ecuador,Seguridad interna,Seguridad ciudadana,Denuncias de violaciones,Total,Total,15,No Aplica,"Es el acceso carnal, con introducción total o parcial del miembro viril, por vía oral, anal o vaginal; o la introducción, por vía vaginal o anal, de objetos, dedos u órganos distintos al miembro viril, a una persona de cualquier sexo.",2015,4,Fiscalía General del Estado - INEC,Denuncias,Paz,ODS 16
4006,08,Esmeraldas,0000,Total Nacional,Ecuador,Seguridad interna,Seguridad ciudadana,Denuncias de violaciones,Total,Total,15,No Aplica,"Es el acceso carnal, con introducción total o parcial del miembro viril, por vía oral, anal o vaginal; o la introducción, por vía vaginal o anal, de objetos, dedos u órganos distintos al miembro viril, a una persona de cualquier sexo.",2015,4,Fiscalía General del Estado - INEC,Denuncias,Paz,ODS 16
4006,09,Guayas,0000,Total Nacional,Ecuador,Seguridad interna,Seguridad ciudadana,Denuncias de violaciones,Total,Total,74,No Aplica,"Es el acceso carnal, con introducción total o parcial del miembro viril, por vía oral, anal o vaginal; o la introducción, por vía vaginal o anal, de objetos, dedos u órganos distintos al miembro viril, a una persona de cualquier sexo.",2015,4,Fiscalía General del Estado - INEC,Denuncias,Paz,ODS 16
4006,10,Imbabura,0000,Total Nacional,Ecuador,Seguridad interna,Seguridad ciudadana,Denuncias de violaciones,Total,Total,10,No Aplica,"Es el acceso carnal, con introducción total o parcial del miembro viril, por vía oral, anal o vaginal; o la introducción, por vía vaginal o anal, de objetos, dedos u órganos distintos al miembro viril, a una persona de cualquier sexo.",2015,4,Fiscalía General del Estado - INEC,Denuncias,Paz,ODS 16
4006,11,Loja,0000,Total Nacional,Ecuador,Seguridad interna,Seguridad ciudadana,Denuncias de violaciones,Total,Total,13,No Aplica,"Es el acceso carnal, con introducción total o parcial del miembro viril, por vía oral, anal o vaginal; o la introducción, por vía vaginal o anal, de objetos, dedos u órganos distintos al miembro viril, a una persona de cualquier sexo.",2015,4,Fiscalía General del Estado - INEC,Denuncias,Paz,ODS 16
4006,12,Los Ríos,0000,Total Nacional,Ecuador,Seguridad interna,Seguridad ciudadana,Denuncias de violaciones,Total,Total,19,No Aplica,"Es el acceso carnal, con introducción total o parcial del miembro viril, por vía oral, anal o vaginal; o la introducción, por vía vaginal o anal, de objetos, dedos u órganos distintos al miembro viril, a una persona de cualquier sexo.",2015,4,Fiscalía General del Estado - INEC,Denuncias,Paz,ODS 16
4006,13,Manabí,0000,Total Nacional,Ecuador,Seguridad interna,Seguridad ciudadana,Denuncias de violaciones,Total,Total,22,No Aplica,"Es el acceso carnal, con introducción total o parcial del miembro viril, por vía oral, anal o vaginal; o la introducción, por vía vaginal o anal, de objetos, dedos u órganos distintos al miembro viril, a una persona de cualquier sexo.",2015,4,Fiscalía General del Estado - INEC,Denuncias,Paz,ODS 16
4006,14,Morona Santiago,0000,Total Nacional,Ecuador,Seguridad interna,Seguridad ciudadana,Denuncias de violaciones,Total,Total,13,No Aplica,"Es el acceso carnal, con introducción total o parcial del miembro viril, por vía oral, anal o vaginal; o la introducción, por vía vaginal o anal, de objetos, dedos u órganos distintos al miembro viril, a una persona de cualquier sexo.",2015,4,Fiscalía General del Estado - INEC,Denuncias,Paz,ODS 16
4006,15,Napo,0000,Total Nacional,Ecuador,Seguridad interna,Seguridad ciudadana,Denuncias de violaciones,Total,Total,8,No Aplica,"Es el acceso carnal, con introducción total o parcial del miembro viril, por vía oral, anal o vaginal; o la introducción, por vía vaginal o anal, de objetos, dedos u órganos distintos al miembro viril, a una persona de cualquier sexo.",2015,4,Fiscalía General del Estado - INEC,Denuncias,Paz,ODS 16
4006,16,Pastaza,0000,Total Nacional,Ecuador,Seguridad interna,Seguridad ciudadana,Denuncias de violaciones,Total,Total,3,No Aplica,"Es el acceso carnal, con introducción total o parcial del miembro viril, por vía oral, anal o vaginal; o la introducción, por vía vaginal o anal, de objetos, dedos u órganos distintos al miembro viril, a una persona de cualquier sexo.",2015,4,Fiscalía General del Estado - INEC,Denuncias,Paz,ODS 16
4006,17,Pichincha,0000,Total Nacional,Ecuador,Seguridad interna,Seguridad ciudadana,Denuncias de violaciones,Total,Total,77,No Aplica,"Es el acceso carnal, con introducción total o parcial del miembro viril, por vía oral, anal o vaginal; o la introducción, por vía vaginal o anal, de objetos, dedos u órganos distintos al miembro viril, a una persona de cualquier sexo.",2015,4,Fiscalía General del Estado - INEC,Denuncias,Paz,ODS 16
4006,18,Tungurahua,0000,Total Nacional,Ecuador,Seguridad interna,Seguridad ciudadana,Denuncias de violaciones,Total,Total,9,No Aplica,"Es el acceso carnal, con introducción total o parcial del miembro viril, por vía oral, anal o vaginal; o la introducción, por vía vaginal o anal, de objetos, dedos u órganos distintos al miembro viril, a una persona de cualquier sexo.",2015,4,Fiscalía General del Estado - INEC,Denuncias,Paz,ODS 16
4006,19,Zamora Chinchipe,0000,Total Nacional,Ecuador,Seguridad interna,Seguridad ciudadana,Denuncias de violaciones,Total,Total,5,No Aplica,"Es el acceso carnal, con introducción total o parcial del miembro viril, por vía oral, anal o vaginal; o la introducción, por vía vaginal o anal, de objetos, dedos u órganos distintos al miembro viril, a una persona de cualquier sexo.",2015,4,Fiscalía General del Estado - INEC,Denuncias,Paz,ODS 16
4006,20,Galápagos,0000,Total Nacional,Ecuador,Seguridad interna,Seguridad ciudadana,Denuncias de violaciones,Total,Total,1,No Aplica,"Es el acceso carnal, con introducción total o parcial del miembro viril, por vía oral, anal o vaginal; o la introducción, por vía vaginal o anal, de objetos, dedos u órganos distintos al miembro viril, a una persona de cualquier sexo.",2015,4,Fiscalía General del Estado - INEC,Denuncias,Paz,ODS 16
4006,21,Sucumbios,0000,Total Nacional,Ecuador,Seguridad interna,Seguridad ciudadana,Denuncias de violaciones,Total,Total,9,No Aplica,"Es el acceso carnal, con introducción total o parcial del miembro viril, por vía oral, anal o vaginal; o la introducción, por vía vaginal o anal, de objetos, dedos u órganos distintos al miembro viril, a una persona de cualquier sexo.",2015,4,Fiscalía General del Estado - INEC,Denuncias,Paz,ODS 16
4006,22,Orellana,0000,Total Nacional,Ecuador,Seguridad interna,Seguridad ciudadana,Denuncias de violaciones,Total,Total,6,No Aplica,"Es el acceso carnal, con introducción total o parcial del miembro viril, por vía oral, anal o vaginal; o la introducción, por vía vaginal o anal, de objetos, dedos u órganos distintos al miembro viril, a una persona de cualquier sexo.",2015,4,Fiscalía General del Estado - INEC,Denuncias,Paz,ODS 16
4006,23,Santo Domingo de los Tsáchilas,0000,Total Nacional,Ecuador,Seguridad interna,Seguridad ciudadana,Denuncias de violaciones,Total,Total,13,No Aplica,"Es el acceso carnal, con introducción total o parcial del miembro viril, por vía oral, anal o vaginal; o la introducción, por vía vaginal o anal, de objetos, dedos u órganos distintos al miembro viril, a una persona de cualquier sexo.",2015,4,Fiscalía General del Estado - INEC,Denuncias,Paz,ODS 16
4006,24,Santa Elena,0000,Total Nacional,Ecuador,Seguridad interna,Seguridad ciudadana,Denuncias de violaciones,Total,Total,4,No Aplica,"Es el acceso carnal, con introducción total o parcial del miembro viril, por vía oral, anal o vaginal; o la introducción, por vía vaginal o anal, de objetos, dedos u órganos distintos al miembro viril, a una persona de cualquier sexo.",2015,4,Fiscalía General del Estado - INEC,Denuncias,Paz,ODS 16
4006,00,Total Nacional,0000,Total Nacional,Ecuador,Seguridad interna,Seguridad ciudadana,Denuncias de violaciones,Total,Total,452,No Aplica,"Es el acceso carnal, con introducción total o parcial del miembro viril, por vía oral, anal o vaginal; o la introducción, por vía vaginal o anal, de objetos, dedos u órganos distintos al miembro viril, a una persona de cualquier sexo.",2015,3,Fiscalía General del Estado - INEC,Denuncias,Paz,ODS 16
4006,01,Azuay,0000,Total Nacional,Ecuador,Seguridad interna,Seguridad ciudadana,Denuncias de violaciones,Total,Total,30,No Aplica,"Es el acceso carnal, con introducción total o parcial del miembro viril, por vía oral, anal o vaginal; o la introducción, por vía vaginal o anal, de objetos, dedos u órganos distintos al miembro viril, a una persona de cualquier sexo.",2015,3,Fiscalía General del Estado - INEC,Denuncias,Paz,ODS 16
4006,02,Bolívar,0000,Total Nacional,Ecuador,Seguridad interna,Seguridad ciudadana,Denuncias de violaciones,Total,Total,3,No Aplica,"Es el acceso carnal, con introducción total o parcial del miembro viril, por vía oral, anal o vaginal; o la introducción, por vía vaginal o anal, de objetos, dedos u órganos distintos al miembro viril, a una persona de cualquier sexo.",2015,3,Fiscalía General del Estado - INEC,Denuncias,Paz,ODS 16
4006,03,Cañar,0000,Total Nacional,Ecuador,Seguridad interna,Seguridad ciudadana,Denuncias de violaciones,Total,Total,3,No Aplica,"Es el acceso carnal, con introducción total o parcial del miembro viril, por vía oral, anal o vaginal; o la introducción, por vía vaginal o anal, de objetos, dedos u órganos distintos al miembro viril, a una persona de cualquier sexo.",2015,3,Fiscalía General del Estado - INEC,Denuncias,Paz,ODS 16
4006,04,Carchi,0000,Total Nacional,Ecuador,Seguridad interna,Seguridad ciudadana,Denuncias de violaciones,Total,Total,4,No Aplica,"Es el acceso carnal, con introducción total o parcial del miembro viril, por vía oral, anal o vaginal; o la introducción, por vía vaginal o anal, de objetos, dedos u órganos distintos al miembro viril, a una persona de cualquier sexo.",2015,3,Fiscalía General del Estado - INEC,Denuncias,Paz,ODS 16
4006,05,Cotopaxi,0000,Total Nacional,Ecuador,Seguridad interna,Seguridad ciudadana,Denuncias de violaciones,Total,Total,10,No Aplica,"Es el acceso carnal, con introducción total o parcial del miembro viril, por vía oral, anal o vaginal; o la introducción, por vía vaginal o anal, de objetos, dedos u órganos distintos al miembro viril, a una persona de cualquier sexo.",2015,3,Fiscalía General del Estado - INEC,Denuncias,Paz,ODS 16
4006,06,Chimborazo,0000,Total Nacional,Ecuador,Seguridad interna,Seguridad ciudadana,Denuncias de violaciones,Total,Total,9,No Aplica,"Es el acceso carnal, con introducción total o parcial del miembro viril, por vía oral, anal o vaginal; o la introducción, por vía vaginal o anal, de objetos, dedos u órganos distintos al miembro viril, a una persona de cualquier sexo.",2015,3,Fiscalía General del Estado - INEC,Denuncias,Paz,ODS 16
4006,07,El Oro,0000,Total Nacional,Ecuador,Seguridad interna,Seguridad ciudadana,Denuncias de violaciones,Total,Total,31,No Aplica,"Es el acceso carnal, con introducción total o parcial del miembro viril, por vía oral, anal o vaginal; o la introducción, por vía vaginal o anal, de objetos, dedos u órganos distintos al miembro viril, a una persona de cualquier sexo.",2015,3,Fiscalía General del Estado - INEC,Denuncias,Paz,ODS 16
4006,08,Esmeraldas,0000,Total Nacional,Ecuador,Seguridad interna,Seguridad ciudadana,Denuncias de violaciones,Total,Total,15,No Aplica,"Es el acceso carnal, con introducción total o parcial del miembro viril, por vía oral, anal o vaginal; o la introducción, por vía vaginal o anal, de objetos, dedos u órganos distintos al miembro viril, a una persona de cualquier sexo.",2015,3,Fiscalía General del Estado - INEC,Denuncias,Paz,ODS 16
4006,09,Guayas,0000,Total Nacional,Ecuador,Seguridad interna,Seguridad ciudadana,Denuncias de violaciones,Total,Total,72,No Aplica,"Es el acceso carnal, con introducción total o parcial del miembro viril, por vía oral, anal o vaginal; o la introducción, por vía vaginal o anal, de objetos, dedos u órganos distintos al miembro viril, a una persona de cualquier sexo.",2015,3,Fiscalía General del Estado - INEC,Denuncias,Paz,ODS 16
4006,10,Imbabura,0000,Total Nacional,Ecuador,Seguridad interna,Seguridad ciudadana,Denuncias de violaciones,Total,Total,13,No Aplica,"Es el acceso carnal, con introducción total o parcial del miembro viril, por vía oral, anal o vaginal; o la introducción, por vía vaginal o anal, de objetos, dedos u órganos distintos al miembro viril, a una persona de cualquier sexo.",2015,3,Fiscalía General del Estado - INEC,Denuncias,Paz,ODS 16
4006,11,Loja,0000,Total Nacional,Ecuador,Seguridad interna,Seguridad ciudadana,Denuncias de violaciones,Total,Total,15,No Aplica,"Es el acceso carnal, con introducción total o parcial del miembro viril, por vía oral, anal o vaginal; o la introducción, por vía vaginal o anal, de objetos, dedos u órganos distintos al miembro viril, a una persona de cualquier sexo.",2015,3,Fiscalía General del Estado - INEC,Denuncias,Paz,ODS 16
4006,12,Los Ríos,0000,Total Nacional,Ecuador,Seguridad interna,Seguridad ciudadana,Denuncias de violaciones,Total,Total,22,No Aplica,"Es el acceso carnal, con introducción total o parcial del miembro viril, por vía oral, anal o vaginal; o la introducción, por vía vaginal o anal, de objetos, dedos u órganos distintos al miembro viril, a una persona de cualquier sexo.",2015,3,Fiscalía General del Estado - INEC,Denuncias,Paz,ODS 16
4006,13,Manabí,0000,Total Nacional,Ecuador,Seguridad interna,Seguridad ciudadana,Denuncias de violaciones,Total,Total,41,No Aplica,"Es el acceso carnal, con introducción total o parcial del miembro viril, por vía oral, anal o vaginal; o la introducción, por vía vaginal o anal, de objetos, dedos u órganos distintos al miembro viril, a una persona de cualquier sexo.",2015,3,Fiscalía General del Estado - INEC,Denuncias,Paz,ODS 16
4006,14,Morona Santiago,0000,Total Nacional,Ecuador,Seguridad interna,Seguridad ciudadana,Denuncias de violaciones,Total,Total,13,No Aplica,"Es el acceso carnal, con introducción total o parcial del miembro viril, por vía oral, anal o vaginal; o la introducción, por vía vaginal o anal, de objetos, dedos u órganos distintos al miembro viril, a una persona de cualquier sexo.",2015,3,Fiscalía General del Estado - INEC,Denuncias,Paz,ODS 16
4006,15,Napo,0000,Total Nacional,Ecuador,Seguridad interna,Seguridad ciudadana,Denuncias de violaciones,Total,Total,8,No Aplica,"Es el acceso carnal, con introducción total o parcial del miembro viril, por vía oral, anal o vaginal; o la introducción, por vía vaginal o anal, de objetos, dedos u órganos distintos al miembro viril, a una persona de cualquier sexo.",2015,3,Fiscalía General del Estado - INEC,Denuncias,Paz,ODS 16
4006,16,Pastaza,0000,Total Nacional,Ecuador,Seguridad interna,Seguridad ciudadana,Denuncias de violaciones,Total,Total,9,No Aplica,"Es el acceso carnal, con introducción total o parcial del miembro viril, por vía oral, anal o vaginal; o la introducción, por vía vaginal o anal, de objetos, dedos u órganos distintos al miembro viril, a una persona de cualquier sexo.",2015,3,Fiscalía General del Estado - INEC,Denuncias,Paz,ODS 16
4006,17,Pichincha,0000,Total Nacional,Ecuador,Seguridad interna,Seguridad ciudadana,Denuncias de violaciones,Total,Total,89,No Aplica,"Es el acceso carnal, con introducción total o parcial del miembro viril, por vía oral, anal o vaginal; o la introducción, por vía vaginal o anal, de objetos, dedos u órganos distintos al miembro viril, a una persona de cualquier sexo.",2015,3,Fiscalía General del Estado - INEC,Denuncias,Paz,ODS 16
4006,18,Tungurahua,0000,Total Nacional,Ecuador,Seguridad interna,Seguridad ciudadana,Denuncias de violaciones,Total,Total,9,No Aplica,"Es el acceso carnal, con introducción total o parcial del miembro viril, por vía oral, anal o vaginal; o la introducción, por vía vaginal o anal, de objetos, dedos u órganos distintos al miembro viril, a una persona de cualquier sexo.",2015,3,Fiscalía General del Estado - INEC,Denuncias,Paz,ODS 16
4006,19,Zamora Chinchipe,0000,Total Nacional,Ecuador,Seguridad interna,Seguridad ciudadana,Denuncias de violaciones,Total,Total,8,No Aplica,"Es el acceso carnal, con introducción total o parcial del miembro viril, por vía oral, anal o vaginal; o la introducción, por vía vaginal o anal, de objetos, dedos u órganos distintos al miembro viril, a una persona de cualquier sexo.",2015,3,Fiscalía General del Estado - INEC,Denuncias,Paz,ODS 16
4006,20,Galápagos,0000,Total Nacional,Ecuador,Seguridad interna,Seguridad ciudadana,Denuncias de violaciones,Total,Total,1,No Aplica,"Es el acceso carnal, con introducción total o parcial del miembro viril, por vía oral, anal o vaginal; o la introducción, por vía vaginal o anal, de objetos, dedos u órganos distintos al miembro viril, a una persona de cualquier sexo.",2015,3,Fiscalía General del Estado - INEC,Denuncias,Paz,ODS 16
4006,21,Sucumbios,0000,Total Nacional,Ecuador,Seguridad interna,Seguridad ciudadana,Denuncias de violaciones,Total,Total,14,No Aplica,"Es el acceso carnal, con introducción total o parcial del miembro viril, por vía oral, anal o vaginal; o la introducción, por vía vaginal o anal, de objetos, dedos u órganos distintos al miembro viril, a una persona de cualquier sexo.",2015,3,Fiscalía General del Estado - INEC,Denuncias,Paz,ODS 16
4006,22,Orellana,0000,Total Nacional,Ecuador,Seguridad interna,Seguridad ciudadana,Denuncias de violaciones,Total,Total,9,No Aplica,"Es el acceso carnal, con introducción total o parcial del miembro viril, por vía oral, anal o vaginal; o la introducción, por vía vaginal o anal, de objetos, dedos u órganos distintos al miembro viril, a una persona de cualquier sexo.",2015,3,Fiscalía General del Estado - INEC,Denuncias,Paz,ODS 16
4006,23,Santo Domingo de los Tsáchilas,0000,Total Nacional,Ecuador,Seguridad interna,Seguridad ciudadana,Denuncias de violaciones,Total,Total,20,No Aplica,"Es el acceso carnal, con introducción total o parcial del miembro viril, por vía oral, anal o vaginal; o la introducción, por vía vaginal o anal, de objetos, dedos u órganos distintos al miembro viril, a una persona de cualquier sexo.",2015,3,Fiscalía General del Estado - INEC,Denuncias,Paz,ODS 16
4006,24,Santa Elena,0000,Total Nacional,Ecuador,Seguridad interna,Seguridad ciudadana,Denuncias de violaciones,Total,Total,4,No Aplica,"Es el acceso carnal, con introducción total o parcial del miembro viril, por vía oral, anal o vaginal; o la introducción, por vía vaginal o anal, de objetos, dedos u órganos distintos al miembro viril, a una persona de cualquier sexo.",2015,3,Fiscalía General del Estado - INEC,Denuncias,Paz,ODS 16
4006,00,Total Nacional,0000,Total Nacional,Ecuador,Seguridad interna,Seguridad ciudadana,Denuncias de violaciones,Total,Total,362,No Aplica,"Es el acceso carnal, con introducción total o parcial del miembro viril, por vía oral, anal o vaginal; o la introducción, por vía vaginal o anal, de objetos, dedos u órganos distintos al miembro viril, a una persona de cualquier sexo.",2015,2,Fiscalía General del Estado - INEC,Denuncias,Paz,ODS 16
4006,01,Azuay,0000,Total Nacional,Ecuador,Seguridad interna,Seguridad ciudadana,Denuncias de violaciones,Total,Total,19,No Aplica,"Es el acceso carnal, con introducción total o parcial del miembro viril, por vía oral, anal o vaginal; o la introducción, por vía vaginal o anal, de objetos, dedos u órganos distintos al miembro viril, a una persona de cualquier sexo.",2015,2,Fiscalía General del Estado - INEC,Denuncias,Paz,ODS 16
4006,02,Bolívar,0000,Total Nacional,Ecuador,Seguridad interna,Seguridad ciudadana,Denuncias de violaciones,Total,Total,4,No Aplica,"Es el acceso carnal, con introducción total o parcial del miembro viril, por vía oral, anal o vaginal; o la introducción, por vía vaginal o anal, de objetos, dedos u órganos distintos al miembro viril, a una persona de cualquier sexo.",2015,2,Fiscalía General del Estado - INEC,Denuncias,Paz,ODS 16
4006,03,Cañar,0000,Total Nacional,Ecuador,Seguridad interna,Seguridad ciudadana,Denuncias de violaciones,Total,Total,2,No Aplica,"Es el acceso carnal, con introducción total o parcial del miembro viril, por vía oral, anal o vaginal; o la introducción, por vía vaginal o anal, de objetos, dedos u órganos distintos al miembro viril, a una persona de cualquier sexo.",2015,2,Fiscalía General del Estado - INEC,Denuncias,Paz,ODS 16
4006,04,Carchi,0000,Total Nacional,Ecuador,Seguridad interna,Seguridad ciudadana,Denuncias de violaciones,Total,Total,1,No Aplica,"Es el acceso carnal, con introducción total o parcial del miembro viril, por vía oral, anal o vaginal; o la introducción, por vía vaginal o anal, de objetos, dedos u órganos distintos al miembro viril, a una persona de cualquier sexo.",2015,2,Fiscalía General del Estado - INEC,Denuncias,Paz,ODS 16
4006,05,Cotopaxi,0000,Total Nacional,Ecuador,Seguridad interna,Seguridad ciudadana,Denuncias de violaciones,Total,Total,9,No Aplica,"Es el acceso carnal, con introducción total o parcial del miembro viril, por vía oral, anal o vaginal; o la introducción, por vía vaginal o anal, de objetos, dedos u órganos distintos al miembro viril, a una persona de cualquier sexo.",2015,2,Fiscalía General del Estado - INEC,Denuncias,Paz,ODS 16
4006,06,Chimborazo,0000,Total Nacional,Ecuador,Seguridad interna,Seguridad ciudadana,Denuncias de violaciones,Total,Total,12,No Aplica,"Es el acceso carnal, con introducción total o parcial del miembro viril, por vía oral, anal o vaginal; o la introducción, por vía vaginal o anal, de objetos, dedos u órganos distintos al miembro viril, a una persona de cualquier sexo.",2015,2,Fiscalía General del Estado - INEC,Denuncias,Paz,ODS 16
4006,07,El Oro,0000,Total Nacional,Ecuador,Seguridad interna,Seguridad ciudadana,Denuncias de violaciones,Total,Total,23,No Aplica,"Es el acceso carnal, con introducción total o parcial del miembro viril, por vía oral, anal o vaginal; o la introducción, por vía vaginal o anal, de objetos, dedos u órganos distintos al miembro viril, a una persona de cualquier sexo.",2015,2,Fiscalía General del Estado - INEC,Denuncias,Paz,ODS 16
4006,08,Esmeraldas,0000,Total Nacional,Ecuador,Seguridad interna,Seguridad ciudadana,Denuncias de violaciones,Total,Total,18,No Aplica,"Es el acceso carnal, con introducción total o parcial del miembro viril, por vía oral, anal o vaginal; o la introducción, por vía vaginal o anal, de objetos, dedos u órganos distintos al miembro viril, a una persona de cualquier sexo.",2015,2,Fiscalía General del Estado - INEC,Denuncias,Paz,ODS 16
4006,09,Guayas,0000,Total Nacional,Ecuador,Seguridad interna,Seguridad ciudadana,Denuncias de violaciones,Total,Total,79,No Aplica,"Es el acceso carnal, con introducción total o parcial del miembro viril, por vía oral, anal o vaginal; o la introducción, por vía vaginal o anal, de objetos, dedos u órganos distintos al miembro viril, a una persona de cualquier sexo.",2015,2,Fiscalía General del Estado - INEC,Denuncias,Paz,ODS 16
4006,10,Imbabura,0000,Total Nacional,Ecuador,Seguridad interna,Seguridad ciudadana,Denuncias de violaciones,Total,Total,6,No Aplica,"Es el acceso carnal, con introducción total o parcial del miembro viril, por vía oral, anal o vaginal; o la introducción, por vía vaginal o anal, de objetos, dedos u órganos distintos al miembro viril, a una persona de cualquier sexo.",2015,2,Fiscalía General del Estado - INEC,Denuncias,Paz,ODS 16
4006,11,Loja,0000,Total Nacional,Ecuador,Seguridad interna,Seguridad ciudadana,Denuncias de violaciones,Total,Total,11,No Aplica,"Es el acceso carnal, con introducción total o parcial del miembro viril, por vía oral, anal o vaginal; o la introducción, por vía vaginal o anal, de objetos, dedos u órganos distintos al miembro viril, a una persona de cualquier sexo.",2015,2,Fiscalía General del Estado - INEC,Denuncias,Paz,ODS 16
4006,12,Los Ríos,0000,Total Nacional,Ecuador,Seguridad interna,Seguridad ciudadana,Denuncias de violaciones,Total,Total,24,No Aplica,"Es el acceso carnal, con introducción total o parcial del miembro viril, por vía oral, anal o vaginal; o la introducción, por vía vaginal o anal, de objetos, dedos u órganos distintos al miembro viril, a una persona de cualquier sexo.",2015,2,Fiscalía General del Estado - INEC,Denuncias,Paz,ODS 16
4006,13,Manabí,0000,Total Nacional,Ecuador,Seguridad interna,Seguridad ciudadana,Denuncias de violaciones,Total,Total,33,No Aplica,"Es el acceso carnal, con introducción total o parcial del miembro viril, por vía oral, anal o vaginal; o la introducción, por vía vaginal o anal, de objetos, dedos u órganos distintos al miembro viril, a una persona de cualquier sexo.",2015,2,Fiscalía General del Estado - INEC,Denuncias,Paz,ODS 16
4006,14,Morona Santiago,0000,Total Nacional,Ecuador,Seguridad interna,Seguridad ciudadana,Denuncias de violaciones,Total,Total,6,No Aplica,"Es el acceso carnal, con introducción total o parcial del miembro viril, por vía oral, anal o vaginal; o la introducción, por vía vaginal o anal, de objetos, dedos u órganos distintos al miembro viril, a una persona de cualquier sexo.",2015,2,Fiscalía General del Estado - INEC,Denuncias,Paz,ODS 16
4006,15,Napo,0000,Total Nacional,Ecuador,Seguridad interna,Seguridad ciudadana,Denuncias de violaciones,Total,Total,1,No Aplica,"Es el acceso carnal, con introducción total o parcial del miembro viril, por vía oral, anal o vaginal; o la introducción, por vía vaginal o anal, de objetos, dedos u órganos distintos al miembro viril, a una persona de cualquier sexo.",2015,2,Fiscalía General del Estado - INEC,Denuncias,Paz,ODS 16
4006,16,Pastaza,0000,Total Nacional,Ecuador,Seguridad interna,Seguridad ciudadana,Denuncias de violaciones,Total,Total,4,No Aplica,"Es el acceso carnal, con introducción total o parcial del miembro viril, por vía oral, anal o vaginal; o la introducción, por vía vaginal o anal, de objetos, dedos u órganos distintos al miembro viril, a una persona de cualquier sexo.",2015,2,Fiscalía General del Estado - INEC,Denuncias,Paz,ODS 16
4006,17,Pichincha,0000,Total Nacional,Ecuador,Seguridad interna,Seguridad ciudadana,Denuncias de violaciones,Total,Total,69,No Aplica,"Es el acceso carnal, con introducción total o parcial del miembro viril, por vía oral, anal o vaginal; o la introducción, por vía vaginal o anal, de objetos, dedos u órganos distintos al miembro viril, a una persona de cualquier sexo.",2015,2,Fiscalía General del Estado - INEC,Denuncias,Paz,ODS 16
4006,18,Tungurahua,0000,Total Nacional,Ecuador,Seguridad interna,Seguridad ciudadana,Denuncias de violaciones,Total,Total,7,No Aplica,"Es el acceso carnal, con introducción total o parcial del miembro viril, por vía oral, anal o vaginal; o la introducción, por vía vaginal o anal, de objetos, dedos u órganos distintos al miembro viril, a una persona de cualquier sexo.",2015,2,Fiscalía General del Estado - INEC,Denuncias,Paz,ODS 16
4006,19,Zamora Chinchipe,0000,Total Nacional,Ecuador,Seguridad interna,Seguridad ciudadana,Denuncias de violaciones,Total,Total,4,No Aplica,"Es el acceso carnal, con introducción total o parcial del miembro viril, por vía oral, anal o vaginal; o la introducción, por vía vaginal o anal, de objetos, dedos u órganos distintos al miembro viril, a una persona de cualquier sexo.",2015,2,Fiscalía General del Estado - INEC,Denuncias,Paz,ODS 16
4006,20,Galápagos,0000,Total Nacional,Ecuador,Seguridad interna,Seguridad ciudadana,Denuncias de violaciones,Total,Total,0,No Aplica,"Es el acceso carnal, con introducción total o parcial del miembro viril, por vía oral, anal o vaginal; o la introducción, por vía vaginal o anal, de objetos, dedos u órganos distintos al miembro viril, a una persona de cualquier sexo.",2015,2,Fiscalía General del Estado - INEC,Denuncias,Paz,ODS 16
4006,21,Sucumbios,0000,Total Nacional,Ecuador,Seguridad interna,Seguridad ciudadana,Denuncias de violaciones,Total,Total,5,No Aplica,"Es el acceso carnal, con introducción total o parcial del miembro viril, por vía oral, anal o vaginal; o la introducción, por vía vaginal o anal, de objetos, dedos u órganos distintos al miembro viril, a una persona de cualquier sexo.",2015,2,Fiscalía General del Estado - INEC,Denuncias,Paz,ODS 16
4006,22,Orellana,0000,Total Nacional,Ecuador,Seguridad interna,Seguridad ciudadana,Denuncias de violaciones,Total,Total,7,No Aplica,"Es el acceso carnal, con introducción total o parcial del miembro viril, por vía oral, anal o vaginal; o la introducción, por vía vaginal o anal, de objetos, dedos u órganos distintos al miembro viril, a una persona de cualquier sexo.",2015,2,Fiscalía General del Estado - INEC,Denuncias,Paz,ODS 16
4006,23,Santo Domingo de los Tsáchilas,0000,Total Nacional,Ecuador,Seguridad interna,Seguridad ciudadana,Denuncias de violaciones,Total,Total,10,No Aplica,"Es el acceso carnal, con introducción total o parcial del miembro viril, por vía oral, anal o vaginal; o la introducción, por vía vaginal o anal, de objetos, dedos u órganos distintos al miembro viril, a una persona de cualquier sexo.",2015,2,Fiscalía General del Estado - INEC,Denuncias,Paz,ODS 16
4006,24,Santa Elena,0000,Total Nacional,Ecuador,Seguridad interna,Seguridad ciudadana,Denuncias de violaciones,Total,Total,8,No Aplica,"Es el acceso carnal, con introducción total o parcial del miembro viril, por vía oral, anal o vaginal; o la introducción, por vía vaginal o anal, de objetos, dedos u órganos distintos al miembro viril, a una persona de cualquier sexo.",2015,2,Fiscalía General del Estado - INEC,Denuncias,Paz,ODS 16
4006,00,Total Nacional,0000,Total Nacional,Ecuador,Seguridad interna,Seguridad ciudadana,Denuncias de violaciones,Total,Total,433,No Aplica,"Es el acceso carnal, con introducción total o parcial del miembro viril, por vía oral, anal o vaginal; o la introducción, por vía vaginal o anal, de objetos, dedos u órganos distintos al miembro viril, a una persona de cualquier sexo.",2015,1,Fiscalía General del Estado - INEC,Denuncias,Paz,ODS 16
4006,01,Azuay,0000,Total Nacional,Ecuador,Seguridad interna,Seguridad ciudadana,Denuncias de violaciones,Total,Total,33,No Aplica,"Es el acceso carnal, con introducción total o parcial del miembro viril, por vía oral, anal o vaginal; o la introducción, por vía vaginal o anal, de objetos, dedos u órganos distintos al miembro viril, a una persona de cualquier sexo.",2015,1,Fiscalía General del Estado - INEC,Denuncias,Paz,ODS 16
4006,02,Bolívar,0000,Total Nacional,Ecuador,Seguridad interna,Seguridad ciudadana,Denuncias de violaciones,Total,Total,8,No Aplica,"Es el acceso carnal, con introducción total o parcial del miembro viril, por vía oral, anal o vaginal; o la introducción, por vía vaginal o anal, de objetos, dedos u órganos distintos al miembro viril, a una persona de cualquier sexo.",2015,1,Fiscalía General del Estado - INEC,Denuncias,Paz,ODS 16
4006,03,Cañar,0000,Total Nacional,Ecuador,Seguridad interna,Seguridad ciudadana,Denuncias de violaciones,Total,Total,5,No Aplica,"Es el acceso carnal, con introducción total o parcial del miembro viril, por vía oral, anal o vaginal; o la introducción, por vía vaginal o anal, de objetos, dedos u órganos distintos al miembro viril, a una persona de cualquier sexo.",2015,1,Fiscalía General del Estado - INEC,Denuncias,Paz,ODS 16
4006,04,Carchi,0000,Total Nacional,Ecuador,Seguridad interna,Seguridad ciudadana,Denuncias de violaciones,Total,Total,0,No Aplica,"Es el acceso carnal, con introducción total o parcial del miembro viril, por vía oral, anal o vaginal; o la introducción, por vía vaginal o anal, de objetos, dedos u órganos distintos al miembro viril, a una persona de cualquier sexo.",2015,1,Fiscalía General del Estado - INEC,Denuncias,Paz,ODS 16
4006,05,Cotopaxi,0000,Total Nacional,Ecuador,Seguridad interna,Seguridad ciudadana,Denuncias de violaciones,Total,Total,15,No Aplica,"Es el acceso carnal, con introducción total o parcial del miembro viril, por vía oral, anal o vaginal; o la introducción, por vía vaginal o anal, de objetos, dedos u órganos distintos al miembro viril, a una persona de cualquier sexo.",2015,1,Fiscalía General del Estado - INEC,Denuncias,Paz,ODS 16
4006,06,Chimborazo,0000,Total Nacional,Ecuador,Seguridad interna,Seguridad ciudadana,Denuncias de violaciones,Total,Total,10,No Aplica,"Es el acceso carnal, con introducción total o parcial del miembro viril, por vía oral, anal o vaginal; o la introducción, por vía vaginal o anal, de objetos, dedos u órganos distintos al miembro viril, a una persona de cualquier sexo.",2015,1,Fiscalía General del Estado - INEC,Denuncias,Paz,ODS 16
4006,07,El Oro,0000,Total Nacional,Ecuador,Seguridad interna,Seguridad ciudadana,Denuncias de violaciones,Total,Total,20,No Aplica,"Es el acceso carnal, con introducción total o parcial del miembro viril, por vía oral, anal o vaginal; o la introducción, por vía vaginal o anal, de objetos, dedos u órganos distintos al miembro viril, a una persona de cualquier sexo.",2015,1,Fiscalía General del Estado - INEC,Denuncias,Paz,ODS 16
4006,08,Esmeraldas,0000,Total Nacional,Ecuador,Seguridad interna,Seguridad ciudadana,Denuncias de violaciones,Total,Total,21,No Aplica,"Es el acceso carnal, con introducción total o parcial del miembro viril, por vía oral, anal o vaginal; o la introducción, por vía vaginal o anal, de objetos, dedos u órganos distintos al miembro viril, a una persona de cualquier sexo.",2015,1,Fiscalía General del Estado - INEC,Denuncias,Paz,ODS 16
4006,09,Guayas,0000,Total Nacional,Ecuador,Seguridad interna,Seguridad ciudadana,Denuncias de violaciones,Total,Total,97,No Aplica,"Es el acceso carnal, con introducción total o parcial del miembro viril, por vía oral, anal o vaginal; o la introducción, por vía vaginal o anal, de objetos, dedos u órganos distintos al miembro viril, a una persona de cualquier sexo.",2015,1,Fiscalía General del Estado - INEC,Denuncias,Paz,ODS 16
4006,10,Imbabura,0000,Total Nacional,Ecuador,Seguridad interna,Seguridad ciudadana,Denuncias de violaciones,Total,Total,6,No Aplica,"Es el acceso carnal, con introducción total o parcial del miembro viril, por vía oral, anal o vaginal; o la introducción, por vía vaginal o anal, de objetos, dedos u órganos distintos al miembro viril, a una persona de cualquier sexo.",2015,1,Fiscalía General del Estado - INEC,Denuncias,Paz,ODS 16
4006,11,Loja,0000,Total Nacional,Ecuador,Seguridad interna,Seguridad ciudadana,Denuncias de violaciones,Total,Total,13,No Aplica,"Es el acceso carnal, con introducción total o parcial del miembro viril, por vía oral, anal o vaginal; o la introducción, por vía vaginal o anal, de objetos, dedos u órganos distintos al miembro viril, a una persona de cualquier sexo.",2015,1,Fiscalía General del Estado - INEC,Denuncias,Paz,ODS 16
4006,12,Los Ríos,0000,Total Nacional,Ecuador,Seguridad interna,Seguridad ciudadana,Denuncias de violaciones,Total,Total,20,No Aplica,"Es el acceso carnal, con introducción total o parcial del miembro viril, por vía oral, anal o vaginal; o la introducción, por vía vaginal o anal, de objetos, dedos u órganos distintos al miembro viril, a una persona de cualquier sexo.",2015,1,Fiscalía General del Estado - INEC,Denuncias,Paz,ODS 16
4006,13,Manabí,0000,Total Nacional,Ecuador,Seguridad interna,Seguridad ciudadana,Denuncias de violaciones,Total,Total,27,No Aplica,"Es el acceso carnal, con introducción total o parcial del miembro viril, por vía oral, anal o vaginal; o la introducción, por vía vaginal o anal, de objetos, dedos u órganos distintos al miembro viril, a una persona de cualquier sexo.",2015,1,Fiscalía General del Estado - INEC,Denuncias,Paz,ODS 16
4006,14,Morona Santiago,0000,Total Nacional,Ecuador,Seguridad interna,Seguridad ciudadana,Denuncias de violaciones,Total,Total,13,No Aplica,"Es el acceso carnal, con introducción total o parcial del miembro viril, por vía oral, anal o vaginal; o la introducción, por vía vaginal o anal, de objetos, dedos u órganos distintos al miembro viril, a una persona de cualquier sexo.",2015,1,Fiscalía General del Estado - INEC,Denuncias,Paz,ODS 16
4006,15,Napo,0000,Total Nacional,Ecuador,Seguridad interna,Seguridad ciudadana,Denuncias de violaciones,Total,Total,6,No Aplica,"Es el acceso carnal, con introducción total o parcial del miembro viril, por vía oral, anal o vaginal; o la introducción, por vía vaginal o anal, de objetos, dedos u órganos distintos al miembro viril, a una persona de cualquier sexo.",2015,1,Fiscalía General del Estado - INEC,Denuncias,Paz,ODS 16
4006,16,Pastaza,0000,Total Nacional,Ecuador,Seguridad interna,Seguridad ciudadana,Denuncias de violaciones,Total,Total,3,No Aplica,"Es el acceso carnal, con introducción total o parcial del miembro viril, por vía oral, anal o vaginal; o la introducción, por vía vaginal o anal, de objetos, dedos u órganos distintos al miembro viril, a una persona de cualquier sexo.",2015,1,Fiscalía General del Estado - INEC,Denuncias,Paz,ODS 16
4006,17,Pichincha,0000,Total Nacional,Ecuador,Seguridad interna,Seguridad ciudadana,Denuncias de violaciones,Total,Total,90,No Aplica,"Es el acceso carnal, con introducción total o parcial del miembro viril, por vía oral, anal o vaginal; o la introducción, por vía vaginal o anal, de objetos, dedos u órganos distintos al miembro viril, a una persona de cualquier sexo.",2015,1,Fiscalía General del Estado - INEC,Denuncias,Paz,ODS 16
4006,18,Tungurahua,0000,Total Nacional,Ecuador,Seguridad interna,Seguridad ciudadana,Denuncias de violaciones,Total,Total,8,No Aplica,"Es el acceso carnal, con introducción total o parcial del miembro viril, por vía oral, anal o vaginal; o la introducción, por vía vaginal o anal, de objetos, dedos u órganos distintos al miembro viril, a una persona de cualquier sexo.",2015,1,Fiscalía General del Estado - INEC,Denuncias,Paz,ODS 16
4006,19,Zamora Chinchipe,0000,Total Nacional,Ecuador,Seguridad interna,Seguridad ciudadana,Denuncias de violaciones,Total,Total,5,No Aplica,"Es el acceso carnal, con introducción total o parcial del miembro viril, por vía oral, anal o vaginal; o la introducción, por vía vaginal o anal, de objetos, dedos u órganos distintos al miembro viril, a una persona de cualquier sexo.",2015,1,Fiscalía General del Estado - INEC,Denuncias,Paz,ODS 16
4006,20,Galápagos,0000,Total Nacional,Ecuador,Seguridad interna,Seguridad ciudadana,Denuncias de violaciones,Total,Total,1,No Aplica,"Es el acceso carnal, con introducción total o parcial del miembro viril, por vía oral, anal o vaginal; o la introducción, por vía vaginal o anal, de objetos, dedos u órganos distintos al miembro viril, a una persona de cualquier sexo.",2015,1,Fiscalía General del Estado - INEC,Denuncias,Paz,ODS 16
4006,21,Sucumbios,0000,Total Nacional,Ecuador,Seguridad interna,Seguridad ciudadana,Denuncias de violaciones,Total,Total,9,No Aplica,"Es el acceso carnal, con introducción total o parcial del miembro viril, por vía oral, anal o vaginal; o la introducción, por vía vaginal o anal, de objetos, dedos u órganos distintos al miembro viril, a una persona de cualquier sexo.",2015,1,Fiscalía General del Estado - INEC,Denuncias,Paz,ODS 16
4006,22,Orellana,0000,Total Nacional,Ecuador,Seguridad interna,Seguridad ciudadana,Denuncias de violaciones,Total,Total,3,No Aplica,"Es el acceso carnal, con introducción total o parcial del miembro viril, por vía oral, anal o vaginal; o la introducción, por vía vaginal o anal, de objetos, dedos u órganos distintos al miembro viril, a una persona de cualquier sexo.",2015,1,Fiscalía General del Estado - INEC,Denuncias,Paz,ODS 16
4006,23,Santo Domingo de los Tsáchilas,0000,Total Nacional,Ecuador,Seguridad interna,Seguridad ciudadana,Denuncias de violaciones,Total,Total,13,No Aplica,"Es el acceso carnal, con introducción total o parcial del miembro viril, por vía oral, anal o vaginal; o la introducción, por vía vaginal o anal, de objetos, dedos u órganos distintos al miembro viril, a una persona de cualquier sexo.",2015,1,Fiscalía General del Estado - INEC,Denuncias,Paz,ODS 16
4006,24,Santa Elena,0000,Total Nacional,Ecuador,Seguridad interna,Seguridad ciudadana,Denuncias de violaciones,Total,Total,7,No Aplica,"Es el acceso carnal, con introducción total o parcial del miembro viril, por vía oral, anal o vaginal; o la introducción, por vía vaginal o anal, de objetos, dedos u órganos distintos al miembro viril, a una persona de cualquier sexo.",2015,1,Fiscalía General del Estado - INEC,Denuncias,Paz,ODS 16
4006,00,Total Nacional,0000,Total Nacional,Ecuador,Seguridad interna,Seguridad ciudadana,Denuncias de violaciones,Total,Total,425,No Aplica,"Es el acceso carnal, con introducción total o parcial del miembro viril, por vía oral, anal o vaginal; o la introducción, por vía vaginal o anal, de objetos, dedos u órganos distintos al miembro viril, a una persona de cualquier sexo.",2014,12,Fiscalía General del Estado - INEC,Denuncias,Paz,ODS 16
4006,01,Azuay,0000,Total Nacional,Ecuador,Seguridad interna,Seguridad ciudadana,Denuncias de violaciones,Total,Total,28,No Aplica,"Es el acceso carnal, con introducción total o parcial del miembro viril, por vía oral, anal o vaginal; o la introducción, por vía vaginal o anal, de objetos, dedos u órganos distintos al miembro viril, a una persona de cualquier sexo.",2014,12,Fiscalía General del Estado - INEC,Denuncias,Paz,ODS 16
4006,02,Bolívar,0000,Total Nacional,Ecuador,Seguridad interna,Seguridad ciudadana,Denuncias de violaciones,Total,Total,3,No Aplica,"Es el acceso carnal, con introducción total o parcial del miembro viril, por vía oral, anal o vaginal; o la introducción, por vía vaginal o anal, de objetos, dedos u órganos distintos al miembro viril, a una persona de cualquier sexo.",2014,12,Fiscalía General del Estado - INEC,Denuncias,Paz,ODS 16
4006,03,Cañar,0000,Total Nacional,Ecuador,Seguridad interna,Seguridad ciudadana,Denuncias de violaciones,Total,Total,7,No Aplica,"Es el acceso carnal, con introducción total o parcial del miembro viril, por vía oral, anal o vaginal; o la introducción, por vía vaginal o anal, de objetos, dedos u órganos distintos al miembro viril, a una persona de cualquier sexo.",2014,12,Fiscalía General del Estado - INEC,Denuncias,Paz,ODS 16
4006,04,Carchi,0000,Total Nacional,Ecuador,Seguridad interna,Seguridad ciudadana,Denuncias de violaciones,Total,Total,2,No Aplica,"Es el acceso carnal, con introducción total o parcial del miembro viril, por vía oral, anal o vaginal; o la introducción, por vía vaginal o anal, de objetos, dedos u órganos distintos al miembro viril, a una persona de cualquier sexo.",2014,12,Fiscalía General del Estado - INEC,Denuncias,Paz,ODS 16
4006,05,Cotopaxi,0000,Total Nacional,Ecuador,Seguridad interna,Seguridad ciudadana,Denuncias de violaciones,Total,Total,13,No Aplica,"Es el acceso carnal, con introducción total o parcial del miembro viril, por vía oral, anal o vaginal; o la introducción, por vía vaginal o anal, de objetos, dedos u órganos distintos al miembro viril, a una persona de cualquier sexo.",2014,12,Fiscalía General del Estado - INEC,Denuncias,Paz,ODS 16
4006,06,Chimborazo,0000,Total Nacional,Ecuador,Seguridad interna,Seguridad ciudadana,Denuncias de violaciones,Total,Total,14,No Aplica,"Es el acceso carnal, con introducción total o parcial del miembro viril, por vía oral, anal o vaginal; o la introducción, por vía vaginal o anal, de objetos, dedos u órganos distintos al miembro viril, a una persona de cualquier sexo.",2014,12,Fiscalía General del Estado - INEC,Denuncias,Paz,ODS 16
4006,07,El Oro,0000,Total Nacional,Ecuador,Seguridad interna,Seguridad ciudadana,Denuncias de violaciones,Total,Total,15,No Aplica,"Es el acceso carnal, con introducción total o parcial del miembro viril, por vía oral, anal o vaginal; o la introducción, por vía vaginal o anal, de objetos, dedos u órganos distintos al miembro viril, a una persona de cualquier sexo.",2014,12,Fiscalía General del Estado - INEC,Denuncias,Paz,ODS 16
4006,08,Esmeraldas,0000,Total Nacional,Ecuador,Seguridad interna,Seguridad ciudadana,Denuncias de violaciones,Total,Total,19,No Aplica,"Es el acceso carnal, con introducción total o parcial del miembro viril, por vía oral, anal o vaginal; o la introducción, por vía vaginal o anal, de objetos, dedos u órganos distintos al miembro viril, a una persona de cualquier sexo.",2014,12,Fiscalía General del Estado - INEC,Denuncias,Paz,ODS 16
4006,09,Guayas,0000,Total Nacional,Ecuador,Seguridad interna,Seguridad ciudadana,Denuncias de violaciones,Total,Total,78,No Aplica,"Es el acceso carnal, con introducción total o parcial del miembro viril, por vía oral, anal o vaginal; o la introducción, por vía vaginal o anal, de objetos, dedos u órganos distintos al miembro viril, a una persona de cualquier sexo.",2014,12,Fiscalía General del Estado - INEC,Denuncias,Paz,ODS 16
4006,10,Imbabura,0000,Total Nacional,Ecuador,Seguridad interna,Seguridad ciudadana,Denuncias de violaciones,Total,Total,19,No Aplica,"Es el acceso carnal, con introducción total o parcial del miembro viril, por vía oral, anal o vaginal; o la introducción, por vía vaginal o anal, de objetos, dedos u órganos distintos al miembro viril, a una persona de cualquier sexo.",2014,12,Fiscalía General del Estado - INEC,Denuncias,Paz,ODS 16
4006,11,Loja,0000,Total Nacional,Ecuador,Seguridad interna,Seguridad ciudadana,Denuncias de violaciones,Total,Total,22,No Aplica,"Es el acceso carnal, con introducción total o parcial del miembro viril, por vía oral, anal o vaginal; o la introducción, por vía vaginal o anal, de objetos, dedos u órganos distintos al miembro viril, a una persona de cualquier sexo.",2014,12,Fiscalía General del Estado - INEC,Denuncias,Paz,ODS 16
4006,12,Los Ríos,0000,Total Nacional,Ecuador,Seguridad interna,Seguridad ciudadana,Denuncias de violaciones,Total,Total,14,No Aplica,"Es el acceso carnal, con introducción total o parcial del miembro viril, por vía oral, anal o vaginal; o la introducción, por vía vaginal o anal, de objetos, dedos u órganos distintos al miembro viril, a una persona de cualquier sexo.",2014,12,Fiscalía General del Estado - INEC,Denuncias,Paz,ODS 16
4006,13,Manabí,0000,Total Nacional,Ecuador,Seguridad interna,Seguridad ciudadana,Denuncias de violaciones,Total,Total,23,No Aplica,"Es el acceso carnal, con introducción total o parcial del miembro viril, por vía oral, anal o vaginal; o la introducción, por vía vaginal o anal, de objetos, dedos u órganos distintos al miembro viril, a una persona de cualquier sexo.",2014,12,Fiscalía General del Estado - INEC,Denuncias,Paz,ODS 16
4006,14,Morona Santiago,0000,Total Nacional,Ecuador,Seguridad interna,Seguridad ciudadana,Denuncias de violaciones,Total,Total,9,No Aplica,"Es el acceso carnal, con introducción total o parcial del miembro viril, por vía oral, anal o vaginal; o la introducción, por vía vaginal o anal, de objetos, dedos u órganos distintos al miembro viril, a una persona de cualquier sexo.",2014,12,Fiscalía General del Estado - INEC,Denuncias,Paz,ODS 16
4006,15,Napo,0000,Total Nacional,Ecuador,Seguridad interna,Seguridad ciudadana,Denuncias de violaciones,Total,Total,11,No Aplica,"Es el acceso carnal, con introducción total o parcial del miembro viril, por vía oral, anal o vaginal; o la introducción, por vía vaginal o anal, de objetos, dedos u órganos distintos al miembro viril, a una persona de cualquier sexo.",2014,12,Fiscalía General del Estado - INEC,Denuncias,Paz,ODS 16
4006,16,Pastaza,0000,Total Nacional,Ecuador,Seguridad interna,Seguridad ciudadana,Denuncias de violaciones,Total,Total,2,No Aplica,"Es el acceso carnal, con introducción total o parcial del miembro viril, por vía oral, anal o vaginal; o la introducción, por vía vaginal o anal, de objetos, dedos u órganos distintos al miembro viril, a una persona de cualquier sexo.",2014,12,Fiscalía General del Estado - INEC,Denuncias,Paz,ODS 16
4006,17,Pichincha,0000,Total Nacional,Ecuador,Seguridad interna,Seguridad ciudadana,Denuncias de violaciones,Total,Total,100,No Aplica,"Es el acceso carnal, con introducción total o parcial del miembro viril, por vía oral, anal o vaginal; o la introducción, por vía vaginal o anal, de objetos, dedos u órganos distintos al miembro viril, a una persona de cualquier sexo.",2014,12,Fiscalía General del Estado - INEC,Denuncias,Paz,ODS 16
4006,18,Tungurahua,0000,Total Nacional,Ecuador,Seguridad interna,Seguridad ciudadana,Denuncias de violaciones,Total,Total,11,No Aplica,"Es el acceso carnal, con introducción total o parcial del miembro viril, por vía oral, anal o vaginal; o la introducción, por vía vaginal o anal, de objetos, dedos u órganos distintos al miembro viril, a una persona de cualquier sexo.",2014,12,Fiscalía General del Estado - INEC,Denuncias,Paz,ODS 16
4006,19,Zamora Chinchipe,0000,Total Nacional,Ecuador,Seguridad interna,Seguridad ciudadana,Denuncias de violaciones,Total,Total,6,No Aplica,"Es el acceso carnal, con introducción total o parcial del miembro viril, por vía oral, anal o vaginal; o la introducción, por vía vaginal o anal, de objetos, dedos u órganos distintos al miembro viril, a una persona de cualquier sexo.",2014,12,Fiscalía General del Estado - INEC,Denuncias,Paz,ODS 16
4006,20,Galápagos,0000,Total Nacional,Ecuador,Seguridad interna,Seguridad ciudadana,Denuncias de violaciones,Total,Total,0,No Aplica,"Es el acceso carnal, con introducción total o parcial del miembro viril, por vía oral, anal o vaginal; o la introducción, por vía vaginal o anal, de objetos, dedos u órganos distintos al miembro viril, a una persona de cualquier sexo.",2014,12,Fiscalía General del Estado - INEC,Denuncias,Paz,ODS 16
4006,21,Sucumbios,0000,Total Nacional,Ecuador,Seguridad interna,Seguridad ciudadana,Denuncias de violaciones,Total,Total,4,No Aplica,"Es el acceso carnal, con introducción total o parcial del miembro viril, por vía oral, anal o vaginal; o la introducción, por vía vaginal o anal, de objetos, dedos u órganos distintos al miembro viril, a una persona de cualquier sexo.",2014,12,Fiscalía General del Estado - INEC,Denuncias,Paz,ODS 16
4006,22,Orellana,0000,Total Nacional,Ecuador,Seguridad interna,Seguridad ciudadana,Denuncias de violaciones,Total,Total,7,No Aplica,"Es el acceso carnal, con introducción total o parcial del miembro viril, por vía oral, anal o vaginal; o la introducción, por vía vaginal o anal, de objetos, dedos u órganos distintos al miembro viril, a una persona de cualquier sexo.",2014,12,Fiscalía General del Estado - INEC,Denuncias,Paz,ODS 16
4006,23,Santo Domingo de los Tsáchilas,0000,Total Nacional,Ecuador,Seguridad interna,Seguridad ciudadana,Denuncias de violaciones,Total,Total,14,No Aplica,"Es el acceso carnal, con introducción total o parcial del miembro viril, por vía oral, anal o vaginal; o la introducción, por vía vaginal o anal, de objetos, dedos u órganos distintos al miembro viril, a una persona de cualquier sexo.",2014,12,Fiscalía General del Estado - INEC,Denuncias,Paz,ODS 16
4006,24,Santa Elena,0000,Total Nacional,Ecuador,Seguridad interna,Seguridad ciudadana,Denuncias de violaciones,Total,Total,4,No Aplica,"Es el acceso carnal, con introducción total o parcial del miembro viril, por vía oral, anal o vaginal; o la introducción, por vía vaginal o anal, de objetos, dedos u órganos distintos al miembro viril, a una persona de cualquier sexo.",2014,12,Fiscalía General del Estado - INEC,Denuncias,Paz,ODS 16
4006,00,Total Nacional,0000,Total Nacional,Ecuador,Seguridad interna,Seguridad ciudadana,Denuncias de violaciones,Total,Total,415,No Aplica,"Es el acceso carnal, con introducción total o parcial del miembro viril, por vía oral, anal o vaginal; o la introducción, por vía vaginal o anal, de objetos, dedos u órganos distintos al miembro viril, a una persona de cualquier sexo.",2014,11,Fiscalía General del Estado - INEC,Denuncias,Paz,ODS 16
4006,01,Azuay,0000,Total Nacional,Ecuador,Seguridad interna,Seguridad ciudadana,Denuncias de violaciones,Total,Total,27,No Aplica,"Es el acceso carnal, con introducción total o parcial del miembro viril, por vía oral, anal o vaginal; o la introducción, por vía vaginal o anal, de objetos, dedos u órganos distintos al miembro viril, a una persona de cualquier sexo.",2014,11,Fiscalía General del Estado - INEC,Denuncias,Paz,ODS 16
4006,02,Bolívar,0000,Total Nacional,Ecuador,Seguridad interna,Seguridad ciudadana,Denuncias de violaciones,Total,Total,6,No Aplica,"Es el acceso carnal, con introducción total o parcial del miembro viril, por vía oral, anal o vaginal; o la introducción, por vía vaginal o anal, de objetos, dedos u órganos distintos al miembro viril, a una persona de cualquier sexo.",2014,11,Fiscalía General del Estado - INEC,Denuncias,Paz,ODS 16
4006,03,Cañar,0000,Total Nacional,Ecuador,Seguridad interna,Seguridad ciudadana,Denuncias de violaciones,Total,Total,7,No Aplica,"Es el acceso carnal, con introducción total o parcial del miembro viril, por vía oral, anal o vaginal; o la introducción, por vía vaginal o anal, de objetos, dedos u órganos distintos al miembro viril, a una persona de cualquier sexo.",2014,11,Fiscalía General del Estado - INEC,Denuncias,Paz,ODS 16
4006,04,Carchi,0000,Total Nacional,Ecuador,Seguridad interna,Seguridad ciudadana,Denuncias de violaciones,Total,Total,2,No Aplica,"Es el acceso carnal, con introducción total o parcial del miembro viril, por vía oral, anal o vaginal; o la introducción, por vía vaginal o anal, de objetos, dedos u órganos distintos al miembro viril, a una persona de cualquier sexo.",2014,11,Fiscalía General del Estado - INEC,Denuncias,Paz,ODS 16
4006,05,Cotopaxi,0000,Total Nacional,Ecuador,Seguridad interna,Seguridad ciudadana,Denuncias de violaciones,Total,Total,10,No Aplica,"Es el acceso carnal, con introducción total o parcial del miembro viril, por vía oral, anal o vaginal; o la introducción, por vía vaginal o anal, de objetos, dedos u órganos distintos al miembro viril, a una persona de cualquier sexo.",2014,11,Fiscalía General del Estado - INEC,Denuncias,Paz,ODS 16
4006,06,Chimborazo,0000,Total Nacional,Ecuador,Seguridad interna,Seguridad ciudadana,Denuncias de violaciones,Total,Total,7,No Aplica,"Es el acceso carnal, con introducción total o parcial del miembro viril, por vía oral, anal o vaginal; o la introducción, por vía vaginal o anal, de objetos, dedos u órganos distintos al miembro viril, a una persona de cualquier sexo.",2014,11,Fiscalía General del Estado - INEC,Denuncias,Paz,ODS 16
4006,07,El Oro,0000,Total Nacional,Ecuador,Seguridad interna,Seguridad ciudadana,Denuncias de violaciones,Total,Total,20,No Aplica,"Es el acceso carnal, con introducción total o parcial del miembro viril, por vía oral, anal o vaginal; o la introducción, por vía vaginal o anal, de objetos, dedos u órganos distintos al miembro viril, a una persona de cualquier sexo.",2014,11,Fiscalía General del Estado - INEC,Denuncias,Paz,ODS 16
4006,08,Esmeraldas,0000,Total Nacional,Ecuador,Seguridad interna,Seguridad ciudadana,Denuncias de violaciones,Total,Total,12,No Aplica,"Es el acceso carnal, con introducción total o parcial del miembro viril, por vía oral, anal o vaginal; o la introducción, por vía vaginal o anal, de objetos, dedos u órganos distintos al miembro viril, a una persona de cualquier sexo.",2014,11,Fiscalía General del Estado - INEC,Denuncias,Paz,ODS 16
4006,09,Guayas,0000,Total Nacional,Ecuador,Seguridad interna,Seguridad ciudadana,Denuncias de violaciones,Total,Total,79,No Aplica,"Es el acceso carnal, con introducción total o parcial del miembro viril, por vía oral, anal o vaginal; o la introducción, por vía vaginal o anal, de objetos, dedos u órganos distintos al miembro viril, a una persona de cualquier sexo.",2014,11,Fiscalía General del Estado - INEC,Denuncias,Paz,ODS 16
4006,10,Imbabura,0000,Total Nacional,Ecuador,Seguridad interna,Seguridad ciudadana,Denuncias de violaciones,Total,Total,10,No Aplica,"Es el acceso carnal, con introducción total o parcial del miembro viril, por vía oral, anal o vaginal; o la introducción, por vía vaginal o anal, de objetos, dedos u órganos distintos al miembro viril, a una persona de cualquier sexo.",2014,11,Fiscalía General del Estado - INEC,Denuncias,Paz,ODS 16
4006,11,Loja,0000,Total Nacional,Ecuador,Seguridad interna,Seguridad ciudadana,Denuncias de violaciones,Total,Total,17,No Aplica,"Es el acceso carnal, con introducción total o parcial del miembro viril, por vía oral, anal o vaginal; o la introducción, por vía vaginal o anal, de objetos, dedos u órganos distintos al miembro viril, a una persona de cualquier sexo.",2014,11,Fiscalía General del Estado - INEC,Denuncias,Paz,ODS 16
4006,12,Los Ríos,0000,Total Nacional,Ecuador,Seguridad interna,Seguridad ciudadana,Denuncias de violaciones,Total,Total,19,No Aplica,"Es el acceso carnal, con introducción total o parcial del miembro viril, por vía oral, anal o vaginal; o la introducción, por vía vaginal o anal, de objetos, dedos u órganos distintos al miembro viril, a una persona de cualquier sexo.",2014,11,Fiscalía General del Estado - INEC,Denuncias,Paz,ODS 16
4006,13,Manabí,0000,Total Nacional,Ecuador,Seguridad interna,Seguridad ciudadana,Denuncias de violaciones,Total,Total,29,No Aplica,"Es el acceso carnal, con introducción total o parcial del miembro viril, por vía oral, anal o vaginal; o la introducción, por vía vaginal o anal, de objetos, dedos u órganos distintos al miembro viril, a una persona de cualquier sexo.",2014,11,Fiscalía General del Estado - INEC,Denuncias,Paz,ODS 16
4006,14,Morona Santiago,0000,Total Nacional,Ecuador,Seguridad interna,Seguridad ciudadana,Denuncias de violaciones,Total,Total,11,No Aplica,"Es el acceso carnal, con introducción total o parcial del miembro viril, por vía oral, anal o vaginal; o la introducción, por vía vaginal o anal, de objetos, dedos u órganos distintos al miembro viril, a una persona de cualquier sexo.",2014,11,Fiscalía General del Estado - INEC,Denuncias,Paz,ODS 16
4006,15,Napo,0000,Total Nacional,Ecuador,Seguridad interna,Seguridad ciudadana,Denuncias de violaciones,Total,Total,7,No Aplica,"Es el acceso carnal, con introducción total o parcial del miembro viril, por vía oral, anal o vaginal; o la introducción, por vía vaginal o anal, de objetos, dedos u órganos distintos al miembro viril, a una persona de cualquier sexo.",2014,11,Fiscalía General del Estado - INEC,Denuncias,Paz,ODS 16
4006,16,Pastaza,0000,Total Nacional,Ecuador,Seguridad interna,Seguridad ciudadana,Denuncias de violaciones,Total,Total,4,No Aplica,"Es el acceso carnal, con introducción total o parcial del miembro viril, por vía oral, anal o vaginal; o la introducción, por vía vaginal o anal, de objetos, dedos u órganos distintos al miembro viril, a una persona de cualquier sexo.",2014,11,Fiscalía General del Estado - INEC,Denuncias,Paz,ODS 16
4006,17,Pichincha,0000,Total Nacional,Ecuador,Seguridad interna,Seguridad ciudadana,Denuncias de violaciones,Total,Total,96,No Aplica,"Es el acceso carnal, con introducción total o parcial del miembro viril, por vía oral, anal o vaginal; o la introducción, por vía vaginal o anal, de objetos, dedos u órganos distintos al miembro viril, a una persona de cualquier sexo.",2014,11,Fiscalía General del Estado - INEC,Denuncias,Paz,ODS 16
4006,18,Tungurahua,0000,Total Nacional,Ecuador,Seguridad interna,Seguridad ciudadana,Denuncias de violaciones,Total,Total,6,No Aplica,"Es el acceso carnal, con introducción total o parcial del miembro viril, por vía oral, anal o vaginal; o la introducción, por vía vaginal o anal, de objetos, dedos u órganos distintos al miembro viril, a una persona de cualquier sexo.",2014,11,Fiscalía General del Estado - INEC,Denuncias,Paz,ODS 16
4006,19,Zamora Chinchipe,0000,Total Nacional,Ecuador,Seguridad interna,Seguridad ciudadana,Denuncias de violaciones,Total,Total,2,No Aplica,"Es el acceso carnal, con introducción total o parcial del miembro viril, por vía oral, anal o vaginal; o la introducción, por vía vaginal o anal, de objetos, dedos u órganos distintos al miembro viril, a una persona de cualquier sexo.",2014,11,Fiscalía General del Estado - INEC,Denuncias,Paz,ODS 16
4006,20,Galápagos,0000,Total Nacional,Ecuador,Seguridad interna,Seguridad ciudadana,Denuncias de violaciones,Total,Total,1,No Aplica,"Es el acceso carnal, con introducción total o parcial del miembro viril, por vía oral, anal o vaginal; o la introducción, por vía vaginal o anal, de objetos, dedos u órganos distintos al miembro viril, a una persona de cualquier sexo.",2014,11,Fiscalía General del Estado - INEC,Denuncias,Paz,ODS 16
4006,21,Sucumbios,0000,Total Nacional,Ecuador,Seguridad interna,Seguridad ciudadana,Denuncias de violaciones,Total,Total,12,No Aplica,"Es el acceso carnal, con introducción total o parcial del miembro viril, por vía oral, anal o vaginal; o la introducción, por vía vaginal o anal, de objetos, dedos u órganos distintos al miembro viril, a una persona de cualquier sexo.",2014,11,Fiscalía General del Estado - INEC,Denuncias,Paz,ODS 16
4006,22,Orellana,0000,Total Nacional,Ecuador,Seguridad interna,Seguridad ciudadana,Denuncias de violaciones,Total,Total,9,No Aplica,"Es el acceso carnal, con introducción total o parcial del miembro viril, por vía oral, anal o vaginal; o la introducción, por vía vaginal o anal, de objetos, dedos u órganos distintos al miembro viril, a una persona de cualquier sexo.",2014,11,Fiscalía General del Estado - INEC,Denuncias,Paz,ODS 16
4006,23,Santo Domingo de los Tsáchilas,0000,Total Nacional,Ecuador,Seguridad interna,Seguridad ciudadana,Denuncias de violaciones,Total,Total,15,No Aplica,"Es el acceso carnal, con introducción total o parcial del miembro viril, por vía oral, anal o vaginal; o la introducción, por vía vaginal o anal, de objetos, dedos u órganos distintos al miembro viril, a una persona de cualquier sexo.",2014,11,Fiscalía General del Estado - INEC,Denuncias,Paz,ODS 16
4006,24,Santa Elena,0000,Total Nacional,Ecuador,Seguridad interna,Seguridad ciudadana,Denuncias de violaciones,Total,Total,7,No Aplica,"Es el acceso carnal, con introducción total o parcial del miembro viril, por vía oral, anal o vaginal; o la introducción, por vía vaginal o anal, de objetos, dedos u órganos distintos al miembro viril, a una persona de cualquier sexo.",2014,11,Fiscalía General del Estado - INEC,Denuncias,Paz,ODS 16
4006,00,Total Nacional,0000,Total Nacional,Ecuador,Seguridad interna,Seguridad ciudadana,Denuncias de violaciones,Total,Total,433,No Aplica,"Es el acceso carnal, con introducción total o parcial del miembro viril, por vía oral, anal o vaginal; o la introducción, por vía vaginal o anal, de objetos, dedos u órganos distintos al miembro viril, a una persona de cualquier sexo.",2014,10,Fiscalía General del Estado - INEC,Denuncias,Paz,ODS 16
4006,01,Azuay,0000,Total Nacional,Ecuador,Seguridad interna,Seguridad ciudadana,Denuncias de violaciones,Total,Total,27,No Aplica,"Es el acceso carnal, con introducción total o parcial del miembro viril, por vía oral, anal o vaginal; o la introducción, por vía vaginal o anal, de objetos, dedos u órganos distintos al miembro viril, a una persona de cualquier sexo.",2014,10,Fiscalía General del Estado - INEC,Denuncias,Paz,ODS 16
4006,02,Bolívar,0000,Total Nacional,Ecuador,Seguridad interna,Seguridad ciudadana,Denuncias de violaciones,Total,Total,2,No Aplica,"Es el acceso carnal, con introducción total o parcial del miembro viril, por vía oral, anal o vaginal; o la introducción, por vía vaginal o anal, de objetos, dedos u órganos distintos al miembro viril, a una persona de cualquier sexo.",2014,10,Fiscalía General del Estado - INEC,Denuncias,Paz,ODS 16
4006,03,Cañar,0000,Total Nacional,Ecuador,Seguridad interna,Seguridad ciudadana,Denuncias de violaciones,Total,Total,13,No Aplica,"Es el acceso carnal, con introducción total o parcial del miembro viril, por vía oral, anal o vaginal; o la introducción, por vía vaginal o anal, de objetos, dedos u órganos distintos al miembro viril, a una persona de cualquier sexo.",2014,10,Fiscalía General del Estado - INEC,Denuncias,Paz,ODS 16
4006,04,Carchi,0000,Total Nacional,Ecuador,Seguridad interna,Seguridad ciudadana,Denuncias de violaciones,Total,Total,2,No Aplica,"Es el acceso carnal, con introducción total o parcial del miembro viril, por vía oral, anal o vaginal; o la introducción, por vía vaginal o anal, de objetos, dedos u órganos distintos al miembro viril, a una persona de cualquier sexo.",2014,10,Fiscalía General del Estado - INEC,Denuncias,Paz,ODS 16
4006,05,Cotopaxi,0000,Total Nacional,Ecuador,Seguridad interna,Seguridad ciudadana,Denuncias de violaciones,Total,Total,7,No Aplica,"Es el acceso carnal, con introducción total o parcial del miembro viril, por vía oral, anal o vaginal; o la introducción, por vía vaginal o anal, de objetos, dedos u órganos distintos al miembro viril, a una persona de cualquier sexo.",2014,10,Fiscalía General del Estado - INEC,Denuncias,Paz,ODS 16
4006,06,Chimborazo,0000,Total Nacional,Ecuador,Seguridad interna,Seguridad ciudadana,Denuncias de violaciones,Total,Total,16,No Aplica,"Es el acceso carnal, con introducción total o parcial del miembro viril, por vía oral, anal o vaginal; o la introducción, por vía vaginal o anal, de objetos, dedos u órganos distintos al miembro viril, a una persona de cualquier sexo.",2014,10,Fiscalía General del Estado - INEC,Denuncias,Paz,ODS 16
4006,07,El Oro,0000,Total Nacional,Ecuador,Seguridad interna,Seguridad ciudadana,Denuncias de violaciones,Total,Total,19,No Aplica,"Es el acceso carnal, con introducción total o parcial del miembro viril, por vía oral, anal o vaginal; o la introducción, por vía vaginal o anal, de objetos, dedos u órganos distintos al miembro viril, a una persona de cualquier sexo.",2014,10,Fiscalía General del Estado - INEC,Denuncias,Paz,ODS 16
4006,08,Esmeraldas,0000,Total Nacional,Ecuador,Seguridad interna,Seguridad ciudadana,Denuncias de violaciones,Total,Total,15,No Aplica,"Es el acceso carnal, con introducción total o parcial del miembro viril, por vía oral, anal o vaginal; o la introducción, por vía vaginal o anal, de objetos, dedos u órganos distintos al miembro viril, a una persona de cualquier sexo.",2014,10,Fiscalía General del Estado - INEC,Denuncias,Paz,ODS 16
4006,09,Guayas,0000,Total Nacional,Ecuador,Seguridad interna,Seguridad ciudadana,Denuncias de violaciones,Total,Total,92,No Aplica,"Es el acceso carnal, con introducción total o parcial del miembro viril, por vía oral, anal o vaginal; o la introducción, por vía vaginal o anal, de objetos, dedos u órganos distintos al miembro viril, a una persona de cualquier sexo.",2014,10,Fiscalía General del Estado - INEC,Denuncias,Paz,ODS 16
4006,10,Imbabura,0000,Total Nacional,Ecuador,Seguridad interna,Seguridad ciudadana,Denuncias de violaciones,Total,Total,9,No Aplica,"Es el acceso carnal, con introducción total o parcial del miembro viril, por vía oral, anal o vaginal; o la introducción, por vía vaginal o anal, de objetos, dedos u órganos distintos al miembro viril, a una persona de cualquier sexo.",2014,10,Fiscalía General del Estado - INEC,Denuncias,Paz,ODS 16
4006,11,Loja,0000,Total Nacional,Ecuador,Seguridad interna,Seguridad ciudadana,Denuncias de violaciones,Total,Total,15,No Aplica,"Es el acceso carnal, con introducción total o parcial del miembro viril, por vía oral, anal o vaginal; o la introducción, por vía vaginal o anal, de objetos, dedos u órganos distintos al miembro viril, a una persona de cualquier sexo.",2014,10,Fiscalía General del Estado - INEC,Denuncias,Paz,ODS 16
4006,12,Los Ríos,0000,Total Nacional,Ecuador,Seguridad interna,Seguridad ciudadana,Denuncias de violaciones,Total,Total,24,No Aplica,"Es el acceso carnal, con introducción total o parcial del miembro viril, por vía oral, anal o vaginal; o la introducción, por vía vaginal o anal, de objetos, dedos u órganos distintos al miembro viril, a una persona de cualquier sexo.",2014,10,Fiscalía General del Estado - INEC,Denuncias,Paz,ODS 16
4006,13,Manabí,0000,Total Nacional,Ecuador,Seguridad interna,Seguridad ciudadana,Denuncias de violaciones,Total,Total,28,No Aplica,"Es el acceso carnal, con introducción total o parcial del miembro viril, por vía oral, anal o vaginal; o la introducción, por vía vaginal o anal, de objetos, dedos u órganos distintos al miembro viril, a una persona de cualquier sexo.",2014,10,Fiscalía General del Estado - INEC,Denuncias,Paz,ODS 16
4006,14,Morona Santiago,0000,Total Nacional,Ecuador,Seguridad interna,Seguridad ciudadana,Denuncias de violaciones,Total,Total,16,No Aplica,"Es el acceso carnal, con introducción total o parcial del miembro viril, por vía oral, anal o vaginal; o la introducción, por vía vaginal o anal, de objetos, dedos u órganos distintos al miembro viril, a una persona de cualquier sexo.",2014,10,Fiscalía General del Estado - INEC,Denuncias,Paz,ODS 16
4006,15,Napo,0000,Total Nacional,Ecuador,Seguridad interna,Seguridad ciudadana,Denuncias de violaciones,Total,Total,3,No Aplica,"Es el acceso carnal, con introducción total o parcial del miembro viril, por vía oral, anal o vaginal; o la introducción, por vía vaginal o anal, de objetos, dedos u órganos distintos al miembro viril, a una persona de cualquier sexo.",2014,10,Fiscalía General del Estado - INEC,Denuncias,Paz,ODS 16
4006,16,Pastaza,0000,Total Nacional,Ecuador,Seguridad interna,Seguridad ciudadana,Denuncias de violaciones,Total,Total,3,No Aplica,"Es el acceso carnal, con introducción total o parcial del miembro viril, por vía oral, anal o vaginal; o la introducción, por vía vaginal o anal, de objetos, dedos u órganos distintos al miembro viril, a una persona de cualquier sexo.",2014,10,Fiscalía General del Estado - INEC,Denuncias,Paz,ODS 16
4006,17,Pichincha,0000,Total Nacional,Ecuador,Seguridad interna,Seguridad ciudadana,Denuncias de violaciones,Total,Total,96,No Aplica,"Es el acceso carnal, con introducción total o parcial del miembro viril, por vía oral, anal o vaginal; o la introducción, por vía vaginal o anal, de objetos, dedos u órganos distintos al miembro viril, a una persona de cualquier sexo.",2014,10,Fiscalía General del Estado - INEC,Denuncias,Paz,ODS 16
4006,18,Tungurahua,0000,Total Nacional,Ecuador,Seguridad interna,Seguridad ciudadana,Denuncias de violaciones,Total,Total,11,No Aplica,"Es el acceso carnal, con introducción total o parcial del miembro viril, por vía oral, anal o vaginal; o la introducción, por vía vaginal o anal, de objetos, dedos u órganos distintos al miembro viril, a una persona de cualquier sexo.",2014,10,Fiscalía General del Estado - INEC,Denuncias,Paz,ODS 16
4006,19,Zamora Chinchipe,0000,Total Nacional,Ecuador,Seguridad interna,Seguridad ciudadana,Denuncias de violaciones,Total,Total,6,No Aplica,"Es el acceso carnal, con introducción total o parcial del miembro viril, por vía oral, anal o vaginal; o la introducción, por vía vaginal o anal, de objetos, dedos u órganos distintos al miembro viril, a una persona de cualquier sexo.",2014,10,Fiscalía General del Estado - INEC,Denuncias,Paz,ODS 16
4006,20,Galápagos,0000,Total Nacional,Ecuador,Seguridad interna,Seguridad ciudadana,Denuncias de violaciones,Total,Total,0,No Aplica,"Es el acceso carnal, con introducción total o parcial del miembro viril, por vía oral, anal o vaginal; o la introducción, por vía vaginal o anal, de objetos, dedos u órganos distintos al miembro viril, a una persona de cualquier sexo.",2014,10,Fiscalía General del Estado - INEC,Denuncias,Paz,ODS 16
4006,21,Sucumbios,0000,Total Nacional,Ecuador,Seguridad interna,Seguridad ciudadana,Denuncias de violaciones,Total,Total,7,No Aplica,"Es el acceso carnal, con introducción total o parcial del miembro viril, por vía oral, anal o vaginal; o la introducción, por vía vaginal o anal, de objetos, dedos u órganos distintos al miembro viril, a una persona de cualquier sexo.",2014,10,Fiscalía General del Estado - INEC,Denuncias,Paz,ODS 16
4006,22,Orellana,0000,Total Nacional,Ecuador,Seguridad interna,Seguridad ciudadana,Denuncias de violaciones,Total,Total,4,No Aplica,"Es el acceso carnal, con introducción total o parcial del miembro viril, por vía oral, anal o vaginal; o la introducción, por vía vaginal o anal, de objetos, dedos u órganos distintos al miembro viril, a una persona de cualquier sexo.",2014,10,Fiscalía General del Estado - INEC,Denuncias,Paz,ODS 16
4006,23,Santo Domingo de los Tsáchilas,0000,Total Nacional,Ecuador,Seguridad interna,Seguridad ciudadana,Denuncias de violaciones,Total,Total,13,No Aplica,"Es el acceso carnal, con introducción total o parcial del miembro viril, por vía oral, anal o vaginal; o la introducción, por vía vaginal o anal, de objetos, dedos u órganos distintos al miembro viril, a una persona de cualquier sexo.",2014,10,Fiscalía General del Estado - INEC,Denuncias,Paz,ODS 16
4006,24,Santa Elena,0000,Total Nacional,Ecuador,Seguridad interna,Seguridad ciudadana,Denuncias de violaciones,Total,Total,5,No Aplica,"Es el acceso carnal, con introducción total o parcial del miembro viril, por vía oral, anal o vaginal; o la introducción, por vía vaginal o anal, de objetos, dedos u órganos distintos al miembro viril, a una persona de cualquier sexo.",2014,10,Fiscalía General del Estado - INEC,Denuncias,Paz,ODS 16
4006,00,Total Nacional,0000,Total Nacional,Ecuador,Seguridad interna,Seguridad ciudadana,Denuncias de violaciones,Total,Total,430,No Aplica,"Es el acceso carnal, con introducción total o parcial del miembro viril, por vía oral, anal o vaginal; o la introducción, por vía vaginal o anal, de objetos, dedos u órganos distintos al miembro viril, a una persona de cualquier sexo.",2014,9,Fiscalía General del Estado - INEC,Denuncias,Paz,ODS 16
4006,01,Azuay,0000,Total Nacional,Ecuador,Seguridad interna,Seguridad ciudadana,Denuncias de violaciones,Total,Total,29,No Aplica,"Es el acceso carnal, con introducción total o parcial del miembro viril, por vía oral, anal o vaginal; o la introducción, por vía vaginal o anal, de objetos, dedos u órganos distintos al miembro viril, a una persona de cualquier sexo.",2014,9,Fiscalía General del Estado - INEC,Denuncias,Paz,ODS 16
4006,02,Bolívar,0000,Total Nacional,Ecuador,Seguridad interna,Seguridad ciudadana,Denuncias de violaciones,Total,Total,6,No Aplica,"Es el acceso carnal, con introducción total o parcial del miembro viril, por vía oral, anal o vaginal; o la introducción, por vía vaginal o anal, de objetos, dedos u órganos distintos al miembro viril, a una persona de cualquier sexo.",2014,9,Fiscalía General del Estado - INEC,Denuncias,Paz,ODS 16
4006,03,Cañar,0000,Total Nacional,Ecuador,Seguridad interna,Seguridad ciudadana,Denuncias de violaciones,Total,Total,7,No Aplica,"Es el acceso carnal, con introducción total o parcial del miembro viril, por vía oral, anal o vaginal; o la introducción, por vía vaginal o anal, de objetos, dedos u órganos distintos al miembro viril, a una persona de cualquier sexo.",2014,9,Fiscalía General del Estado - INEC,Denuncias,Paz,ODS 16
4006,04,Carchi,0000,Total Nacional,Ecuador,Seguridad interna,Seguridad ciudadana,Denuncias de violaciones,Total,Total,3,No Aplica,"Es el acceso carnal, con introducción total o parcial del miembro viril, por vía oral, anal o vaginal; o la introducción, por vía vaginal o anal, de objetos, dedos u órganos distintos al miembro viril, a una persona de cualquier sexo.",2014,9,Fiscalía General del Estado - INEC,Denuncias,Paz,ODS 16
4006,05,Cotopaxi,0000,Total Nacional,Ecuador,Seguridad interna,Seguridad ciudadana,Denuncias de violaciones,Total,Total,5,No Aplica,"Es el acceso carnal, con introducción total o parcial del miembro viril, por vía oral, anal o vaginal; o la introducción, por vía vaginal o anal, de objetos, dedos u órganos distintos al miembro viril, a una persona de cualquier sexo.",2014,9,Fiscalía General del Estado - INEC,Denuncias,Paz,ODS 16
4006,06,Chimborazo,0000,Total Nacional,Ecuador,Seguridad interna,Seguridad ciudadana,Denuncias de violaciones,Total,Total,5,No Aplica,"Es el acceso carnal, con introducción total o parcial del miembro viril, por vía oral, anal o vaginal; o la introducción, por vía vaginal o anal, de objetos, dedos u órganos distintos al miembro viril, a una persona de cualquier sexo.",2014,9,Fiscalía General del Estado - INEC,Denuncias,Paz,ODS 16
4006,07,El Oro,0000,Total Nacional,Ecuador,Seguridad interna,Seguridad ciudadana,Denuncias de violaciones,Total,Total,26,No Aplica,"Es el acceso carnal, con introducción total o parcial del miembro viril, por vía oral, anal o vaginal; o la introducción, por vía vaginal o anal, de objetos, dedos u órganos distintos al miembro viril, a una persona de cualquier sexo.",2014,9,Fiscalía General del Estado - INEC,Denuncias,Paz,ODS 16
4006,08,Esmeraldas,0000,Total Nacional,Ecuador,Seguridad interna,Seguridad ciudadana,Denuncias de violaciones,Total,Total,21,No Aplica,"Es el acceso carnal, con introducción total o parcial del miembro viril, por vía oral, anal o vaginal; o la introducción, por vía vaginal o anal, de objetos, dedos u órganos distintos al miembro viril, a una persona de cualquier sexo.",2014,9,Fiscalía General del Estado - INEC,Denuncias,Paz,ODS 16
4006,09,Guayas,0000,Total Nacional,Ecuador,Seguridad interna,Seguridad ciudadana,Denuncias de violaciones,Total,Total,80,No Aplica,"Es el acceso carnal, con introducción total o parcial del miembro viril, por vía oral, anal o vaginal; o la introducción, por vía vaginal o anal, de objetos, dedos u órganos distintos al miembro viril, a una persona de cualquier sexo.",2014,9,Fiscalía General del Estado - INEC,Denuncias,Paz,ODS 16
4006,10,Imbabura,0000,Total Nacional,Ecuador,Seguridad interna,Seguridad ciudadana,Denuncias de violaciones,Total,Total,14,No Aplica,"Es el acceso carnal, con introducción total o parcial del miembro viril, por vía oral, anal o vaginal; o la introducción, por vía vaginal o anal, de objetos, dedos u órganos distintos al miembro viril, a una persona de cualquier sexo.",2014,9,Fiscalía General del Estado - INEC,Denuncias,Paz,ODS 16
4006,11,Loja,0000,Total Nacional,Ecuador,Seguridad interna,Seguridad ciudadana,Denuncias de violaciones,Total,Total,14,No Aplica,"Es el acceso carnal, con introducción total o parcial del miembro viril, por vía oral, anal o vaginal; o la introducción, por vía vaginal o anal, de objetos, dedos u órganos distintos al miembro viril, a una persona de cualquier sexo.",2014,9,Fiscalía General del Estado - INEC,Denuncias,Paz,ODS 16
4006,12,Los Ríos,0000,Total Nacional,Ecuador,Seguridad interna,Seguridad ciudadana,Denuncias de violaciones,Total,Total,16,No Aplica,"Es el acceso carnal, con introducción total o parcial del miembro viril, por vía oral, anal o vaginal; o la introducción, por vía vaginal o anal, de objetos, dedos u órganos distintos al miembro viril, a una persona de cualquier sexo.",2014,9,Fiscalía General del Estado - INEC,Denuncias,Paz,ODS 16
4006,13,Manabí,0000,Total Nacional,Ecuador,Seguridad interna,Seguridad ciudadana,Denuncias de violaciones,Total,Total,27,No Aplica,"Es el acceso carnal, con introducción total o parcial del miembro viril, por vía oral, anal o vaginal; o la introducción, por vía vaginal o anal, de objetos, dedos u órganos distintos al miembro viril, a una persona de cualquier sexo.",2014,9,Fiscalía General del Estado - INEC,Denuncias,Paz,ODS 16
4006,14,Morona Santiago,0000,Total Nacional,Ecuador,Seguridad interna,Seguridad ciudadana,Denuncias de violaciones,Total,Total,17,No Aplica,"Es el acceso carnal, con introducción total o parcial del miembro viril, por vía oral, anal o vaginal; o la introducción, por vía vaginal o anal, de objetos, dedos u órganos distintos al miembro viril, a una persona de cualquier sexo.",2014,9,Fiscalía General del Estado - INEC,Denuncias,Paz,ODS 16
4006,15,Napo,0000,Total Nacional,Ecuador,Seguridad interna,Seguridad ciudadana,Denuncias de violaciones,Total,Total,10,No Aplica,"Es el acceso carnal, con introducción total o parcial del miembro viril, por vía oral, anal o vaginal; o la introducción, por vía vaginal o anal, de objetos, dedos u órganos distintos al miembro viril, a una persona de cualquier sexo.",2014,9,Fiscalía General del Estado - INEC,Denuncias,Paz,ODS 16
4006,16,Pastaza,0000,Total Nacional,Ecuador,Seguridad interna,Seguridad ciudadana,Denuncias de violaciones,Total,Total,8,No Aplica,"Es el acceso carnal, con introducción total o parcial del miembro viril, por vía oral, anal o vaginal; o la introducción, por vía vaginal o anal, de objetos, dedos u órganos distintos al miembro viril, a una persona de cualquier sexo.",2014,9,Fiscalía General del Estado - INEC,Denuncias,Paz,ODS 16
4006,17,Pichincha,0000,Total Nacional,Ecuador,Seguridad interna,Seguridad ciudadana,Denuncias de violaciones,Total,Total,101,No Aplica,"Es el acceso carnal, con introducción total o parcial del miembro viril, por vía oral, anal o vaginal; o la introducción, por vía vaginal o anal, de objetos, dedos u órganos distintos al miembro viril, a una persona de cualquier sexo.",2014,9,Fiscalía General del Estado - INEC,Denuncias,Paz,ODS 16
4006,18,Tungurahua,0000,Total Nacional,Ecuador,Seguridad interna,Seguridad ciudadana,Denuncias de violaciones,Total,Total,11,No Aplica,"Es el acceso carnal, con introducción total o parcial del miembro viril, por vía oral, anal o vaginal; o la introducción, por vía vaginal o anal, de objetos, dedos u órganos distintos al miembro viril, a una persona de cualquier sexo.",2014,9,Fiscalía General del Estado - INEC,Denuncias,Paz,ODS 16
4006,19,Zamora Chinchipe,0000,Total Nacional,Ecuador,Seguridad interna,Seguridad ciudadana,Denuncias de violaciones,Total,Total,8,No Aplica,"Es el acceso carnal, con introducción total o parcial del miembro viril, por vía oral, anal o vaginal; o la introducción, por vía vaginal o anal, de objetos, dedos u órganos distintos al miembro viril, a una persona de cualquier sexo.",2014,9,Fiscalía General del Estado - INEC,Denuncias,Paz,ODS 16
4006,20,Galápagos,0000,Total Nacional,Ecuador,Seguridad interna,Seguridad ciudadana,Denuncias de violaciones,Total,Total,0,No Aplica,"Es el acceso carnal, con introducción total o parcial del miembro viril, por vía oral, anal o vaginal; o la introducción, por vía vaginal o anal, de objetos, dedos u órganos distintos al miembro viril, a una persona de cualquier sexo.",2014,9,Fiscalía General del Estado - INEC,Denuncias,Paz,ODS 16
4006,21,Sucumbios,0000,Total Nacional,Ecuador,Seguridad interna,Seguridad ciudadana,Denuncias de violaciones,Total,Total,6,No Aplica,"Es el acceso carnal, con introducción total o parcial del miembro viril, por vía oral, anal o vaginal; o la introducción, por vía vaginal o anal, de objetos, dedos u órganos distintos al miembro viril, a una persona de cualquier sexo.",2014,9,Fiscalía General del Estado - INEC,Denuncias,Paz,ODS 16
4006,22,Orellana,0000,Total Nacional,Ecuador,Seguridad interna,Seguridad ciudadana,Denuncias de violaciones,Total,Total,4,No Aplica,"Es el acceso carnal, con introducción total o parcial del miembro viril, por vía oral, anal o vaginal; o la introducción, por vía vaginal o anal, de objetos, dedos u órganos distintos al miembro viril, a una persona de cualquier sexo.",2014,9,Fiscalía General del Estado - INEC,Denuncias,Paz,ODS 16
4006,23,Santo Domingo de los Tsáchilas,0000,Total Nacional,Ecuador,Seguridad interna,Seguridad ciudadana,Denuncias de violaciones,Total,Total,10,No Aplica,"Es el acceso carnal, con introducción total o parcial del miembro viril, por vía oral, anal o vaginal; o la introducción, por vía vaginal o anal, de objetos, dedos u órganos distintos al miembro viril, a una persona de cualquier sexo.",2014,9,Fiscalía General del Estado - INEC,Denuncias,Paz,ODS 16
4006,24,Santa Elena,0000,Total Nacional,Ecuador,Seguridad interna,Seguridad ciudadana,Denuncias de violaciones,Total,Total,2,No Aplica,"Es el acceso carnal, con introducción total o parcial del miembro viril, por vía oral, anal o vaginal; o la introducción, por vía vaginal o anal, de objetos, dedos u órganos distintos al miembro viril, a una persona de cualquier sexo.",2014,9,Fiscalía General del Estado - INEC,Denuncias,Paz,ODS 16
4006,00,Total Nacional,0000,Total Nacional,Ecuador,Seguridad interna,Seguridad ciudadana,Denuncias de violaciones,Total,Total,450,No Aplica,"Es el acceso carnal, con introducción total o parcial del miembro viril, por vía oral, anal o vaginal; o la introducción, por vía vaginal o anal, de objetos, dedos u órganos distintos al miembro viril, a una persona de cualquier sexo.",2014,8,Fiscalía General del Estado - INEC,Denuncias,Paz,ODS 16
4006,01,Azuay,0000,Total Nacional,Ecuador,Seguridad interna,Seguridad ciudadana,Denuncias de violaciones,Total,Total,22,No Aplica,"Es el acceso carnal, con introducción total o parcial del miembro viril, por vía oral, anal o vaginal; o la introducción, por vía vaginal o anal, de objetos, dedos u órganos distintos al miembro viril, a una persona de cualquier sexo.",2014,8,Fiscalía General del Estado - INEC,Denuncias,Paz,ODS 16
4006,02,Bolívar,0000,Total Nacional,Ecuador,Seguridad interna,Seguridad ciudadana,Denuncias de violaciones,Total,Total,1,No Aplica,"Es el acceso carnal, con introducción total o parcial del miembro viril, por vía oral, anal o vaginal; o la introducción, por vía vaginal o anal, de objetos, dedos u órganos distintos al miembro viril, a una persona de cualquier sexo.",2014,8,Fiscalía General del Estado - INEC,Denuncias,Paz,ODS 16
4006,03,Cañar,0000,Total Nacional,Ecuador,Seguridad interna,Seguridad ciudadana,Denuncias de violaciones,Total,Total,6,No Aplica,"Es el acceso carnal, con introducción total o parcial del miembro viril, por vía oral, anal o vaginal; o la introducción, por vía vaginal o anal, de objetos, dedos u órganos distintos al miembro viril, a una persona de cualquier sexo.",2014,8,Fiscalía General del Estado - INEC,Denuncias,Paz,ODS 16
4006,04,Carchi,0000,Total Nacional,Ecuador,Seguridad interna,Seguridad ciudadana,Denuncias de violaciones,Total,Total,3,No Aplica,"Es el acceso carnal, con introducción total o parcial del miembro viril, por vía oral, anal o vaginal; o la introducción, por vía vaginal o anal, de objetos, dedos u órganos distintos al miembro viril, a una persona de cualquier sexo.",2014,8,Fiscalía General del Estado - INEC,Denuncias,Paz,ODS 16
4006,05,Cotopaxi,0000,Total Nacional,Ecuador,Seguridad interna,Seguridad ciudadana,Denuncias de violaciones,Total,Total,9,No Aplica,"Es el acceso carnal, con introducción total o parcial del miembro viril, por vía oral, anal o vaginal; o la introducción, por vía vaginal o anal, de objetos, dedos u órganos distintos al miembro viril, a una persona de cualquier sexo.",2014,8,Fiscalía General del Estado - INEC,Denuncias,Paz,ODS 16
4006,06,Chimborazo,0000,Total Nacional,Ecuador,Seguridad interna,Seguridad ciudadana,Denuncias de violaciones,Total,Total,8,No Aplica,"Es el acceso carnal, con introducción total o parcial del miembro viril, por vía oral, anal o vaginal; o la introducción, por vía vaginal o anal, de objetos, dedos u órganos distintos al miembro viril, a una persona de cualquier sexo.",2014,8,Fiscalía General del Estado - INEC,Denuncias,Paz,ODS 16
4006,07,El Oro,0000,Total Nacional,Ecuador,Seguridad interna,Seguridad ciudadana,Denuncias de violaciones,Total,Total,36,No Aplica,"Es el acceso carnal, con introducción total o parcial del miembro viril, por vía oral, anal o vaginal; o la introducción, por vía vaginal o anal, de objetos, dedos u órganos distintos al miembro viril, a una persona de cualquier sexo.",2014,8,Fiscalía General del Estado - INEC,Denuncias,Paz,ODS 16
4006,08,Esmeraldas,0000,Total Nacional,Ecuador,Seguridad interna,Seguridad ciudadana,Denuncias de violaciones,Total,Total,27,No Aplica,"Es el acceso carnal, con introducción total o parcial del miembro viril, por vía oral, anal o vaginal; o la introducción, por vía vaginal o anal, de objetos, dedos u órganos distintos al miembro viril, a una persona de cualquier sexo.",2014,8,Fiscalía General del Estado - INEC,Denuncias,Paz,ODS 16
4006,09,Guayas,0000,Total Nacional,Ecuador,Seguridad interna,Seguridad ciudadana,Denuncias de violaciones,Total,Total,95,No Aplica,"Es el acceso carnal, con introducción total o parcial del miembro viril, por vía oral, anal o vaginal; o la introducción, por vía vaginal o anal, de objetos, dedos u órganos distintos al miembro viril, a una persona de cualquier sexo.",2014,8,Fiscalía General del Estado - INEC,Denuncias,Paz,ODS 16
4006,10,Imbabura,0000,Total Nacional,Ecuador,Seguridad interna,Seguridad ciudadana,Denuncias de violaciones,Total,Total,14,No Aplica,"Es el acceso carnal, con introducción total o parcial del miembro viril, por vía oral, anal o vaginal; o la introducción, por vía vaginal o anal, de objetos, dedos u órganos distintos al miembro viril, a una persona de cualquier sexo.",2014,8,Fiscalía General del Estado - INEC,Denuncias,Paz,ODS 16
4006,11,Loja,0000,Total Nacional,Ecuador,Seguridad interna,Seguridad ciudadana,Denuncias de violaciones,Total,Total,11,No Aplica,"Es el acceso carnal, con introducción total o parcial del miembro viril, por vía oral, anal o vaginal; o la introducción, por vía vaginal o anal, de objetos, dedos u órganos distintos al miembro viril, a una persona de cualquier sexo.",2014,8,Fiscalía General del Estado - INEC,Denuncias,Paz,ODS 16
4006,12,Los Ríos,0000,Total Nacional,Ecuador,Seguridad interna,Seguridad ciudadana,Denuncias de violaciones,Total,Total,30,No Aplica,"Es el acceso carnal, con introducción total o parcial del miembro viril, por vía oral, anal o vaginal; o la introducción, por vía vaginal o anal, de objetos, dedos u órganos distintos al miembro viril, a una persona de cualquier sexo.",2014,8,Fiscalía General del Estado - INEC,Denuncias,Paz,ODS 16
4006,13,Manabí,0000,Total Nacional,Ecuador,Seguridad interna,Seguridad ciudadana,Denuncias de violaciones,Total,Total,30,No Aplica,"Es el acceso carnal, con introducción total o parcial del miembro viril, por vía oral, anal o vaginal; o la introducción, por vía vaginal o anal, de objetos, dedos u órganos distintos al miembro viril, a una persona de cualquier sexo.",2014,8,Fiscalía General del Estado - INEC,Denuncias,Paz,ODS 16
4006,14,Morona Santiago,0000,Total Nacional,Ecuador,Seguridad interna,Seguridad ciudadana,Denuncias de violaciones,Total,Total,12,No Aplica,"Es el acceso carnal, con introducción total o parcial del miembro viril, por vía oral, anal o vaginal; o la introducción, por vía vaginal o anal, de objetos, dedos u órganos distintos al miembro viril, a una persona de cualquier sexo.",2014,8,Fiscalía General del Estado - INEC,Denuncias,Paz,ODS 16
4006,15,Napo,0000,Total Nacional,Ecuador,Seguridad interna,Seguridad ciudadana,Denuncias de violaciones,Total,Total,5,No Aplica,"Es el acceso carnal, con introducción total o parcial del miembro viril, por vía oral, anal o vaginal; o la introducción, por vía vaginal o anal, de objetos, dedos u órganos distintos al miembro viril, a una persona de cualquier sexo.",2014,8,Fiscalía General del Estado - INEC,Denuncias,Paz,ODS 16
4006,16,Pastaza,0000,Total Nacional,Ecuador,Seguridad interna,Seguridad ciudadana,Denuncias de violaciones,Total,Total,0,No Aplica,"Es el acceso carnal, con introducción total o parcial del miembro viril, por vía oral, anal o vaginal; o la introducción, por vía vaginal o anal, de objetos, dedos u órganos distintos al miembro viril, a una persona de cualquier sexo.",2014,8,Fiscalía General del Estado - INEC,Denuncias,Paz,ODS 16
4006,17,Pichincha,0000,Total Nacional,Ecuador,Seguridad interna,Seguridad ciudadana,Denuncias de violaciones,Total,Total,73,No Aplica,"Es el acceso carnal, con introducción total o parcial del miembro viril, por vía oral, anal o vaginal; o la introducción, por vía vaginal o anal, de objetos, dedos u órganos distintos al miembro viril, a una persona de cualquier sexo.",2014,8,Fiscalía General del Estado - INEC,Denuncias,Paz,ODS 16
4006,18,Tungurahua,0000,Total Nacional,Ecuador,Seguridad interna,Seguridad ciudadana,Denuncias de violaciones,Total,Total,19,No Aplica,"Es el acceso carnal, con introducción total o parcial del miembro viril, por vía oral, anal o vaginal; o la introducción, por vía vaginal o anal, de objetos, dedos u órganos distintos al miembro viril, a una persona de cualquier sexo.",2014,8,Fiscalía General del Estado - INEC,Denuncias,Paz,ODS 16
4006,19,Zamora Chinchipe,0000,Total Nacional,Ecuador,Seguridad interna,Seguridad ciudadana,Denuncias de violaciones,Total,Total,4,No Aplica,"Es el acceso carnal, con introducción total o parcial del miembro viril, por vía oral, anal o vaginal; o la introducción, por vía vaginal o anal, de objetos, dedos u órganos distintos al miembro viril, a una persona de cualquier sexo.",2014,8,Fiscalía General del Estado - INEC,Denuncias,Paz,ODS 16
4006,20,Galápagos,0000,Total Nacional,Ecuador,Seguridad interna,Seguridad ciudadana,Denuncias de violaciones,Total,Total,1,No Aplica,"Es el acceso carnal, con introducción total o parcial del miembro viril, por vía oral, anal o vaginal; o la introducción, por vía vaginal o anal, de objetos, dedos u órganos distintos al miembro viril, a una persona de cualquier sexo.",2014,8,Fiscalía General del Estado - INEC,Denuncias,Paz,ODS 16
4006,21,Sucumbios,0000,Total Nacional,Ecuador,Seguridad interna,Seguridad ciudadana,Denuncias de violaciones,Total,Total,7,No Aplica,"Es el acceso carnal, con introducción total o parcial del miembro viril, por vía oral, anal o vaginal; o la introducción, por vía vaginal o anal, de objetos, dedos u órganos distintos al miembro viril, a una persona de cualquier sexo.",2014,8,Fiscalía General del Estado - INEC,Denuncias,Paz,ODS 16
4006,22,Orellana,0000,Total Nacional,Ecuador,Seguridad interna,Seguridad ciudadana,Denuncias de violaciones,Total,Total,10,No Aplica,"Es el acceso carnal, con introducción total o parcial del miembro viril, por vía oral, anal o vaginal; o la introducción, por vía vaginal o anal, de objetos, dedos u órganos distintos al miembro viril, a una persona de cualquier sexo.",2014,8,Fiscalía General del Estado - INEC,Denuncias,Paz,ODS 16
4006,23,Santo Domingo de los Tsáchilas,0000,Total Nacional,Ecuador,Seguridad interna,Seguridad ciudadana,Denuncias de violaciones,Total,Total,17,No Aplica,"Es el acceso carnal, con introducción total o parcial del miembro viril, por vía oral, anal o vaginal; o la introducción, por vía vaginal o anal, de objetos, dedos u órganos distintos al miembro viril, a una persona de cualquier sexo.",2014,8,Fiscalía General del Estado - INEC,Denuncias,Paz,ODS 16
4006,24,Santa Elena,0000,Total Nacional,Ecuador,Seguridad interna,Seguridad ciudadana,Denuncias de violaciones,Total,Total,10,No Aplica,"Es el acceso carnal, con introducción total o parcial del miembro viril, por vía oral, anal o vaginal; o la introducción, por vía vaginal o anal, de objetos, dedos u órganos distintos al miembro viril, a una persona de cualquier sexo.",2014,8,Fiscalía General del Estado - INEC,Denuncias,Paz,ODS 16
4006,00,Total Nacional,0000,Total Nacional,Ecuador,Seguridad interna,Seguridad ciudadana,Denuncias de violaciones,Total,Total,462,No Aplica,"Es el acceso carnal, con introducción total o parcial del miembro viril, por vía oral, anal o vaginal; o la introducción, por vía vaginal o anal, de objetos, dedos u órganos distintos al miembro viril, a una persona de cualquier sexo.",2014,7,Fiscalía General del Estado - INEC,Denuncias,Paz,ODS 16
4006,01,Azuay,0000,Total Nacional,Ecuador,Seguridad interna,Seguridad ciudadana,Denuncias de violaciones,Total,Total,28,No Aplica,"Es el acceso carnal, con introducción total o parcial del miembro viril, por vía oral, anal o vaginal; o la introducción, por vía vaginal o anal, de objetos, dedos u órganos distintos al miembro viril, a una persona de cualquier sexo.",2014,7,Fiscalía General del Estado - INEC,Denuncias,Paz,ODS 16
4006,02,Bolívar,0000,Total Nacional,Ecuador,Seguridad interna,Seguridad ciudadana,Denuncias de violaciones,Total,Total,3,No Aplica,"Es el acceso carnal, con introducción total o parcial del miembro viril, por vía oral, anal o vaginal; o la introducción, por vía vaginal o anal, de objetos, dedos u órganos distintos al miembro viril, a una persona de cualquier sexo.",2014,7,Fiscalía General del Estado - INEC,Denuncias,Paz,ODS 16
4006,03,Cañar,0000,Total Nacional,Ecuador,Seguridad interna,Seguridad ciudadana,Denuncias de violaciones,Total,Total,12,No Aplica,"Es el acceso carnal, con introducción total o parcial del miembro viril, por vía oral, anal o vaginal; o la introducción, por vía vaginal o anal, de objetos, dedos u órganos distintos al miembro viril, a una persona de cualquier sexo.",2014,7,Fiscalía General del Estado - INEC,Denuncias,Paz,ODS 16
4006,04,Carchi,0000,Total Nacional,Ecuador,Seguridad interna,Seguridad ciudadana,Denuncias de violaciones,Total,Total,5,No Aplica,"Es el acceso carnal, con introducción total o parcial del miembro viril, por vía oral, anal o vaginal; o la introducción, por vía vaginal o anal, de objetos, dedos u órganos distintos al miembro viril, a una persona de cualquier sexo.",2014,7,Fiscalía General del Estado - INEC,Denuncias,Paz,ODS 16
4006,05,Cotopaxi,0000,Total Nacional,Ecuador,Seguridad interna,Seguridad ciudadana,Denuncias de violaciones,Total,Total,11,No Aplica,"Es el acceso carnal, con introducción total o parcial del miembro viril, por vía oral, anal o vaginal; o la introducción, por vía vaginal o anal, de objetos, dedos u órganos distintos al miembro viril, a una persona de cualquier sexo.",2014,7,Fiscalía General del Estado - INEC,Denuncias,Paz,ODS 16
4006,06,Chimborazo,0000,Total Nacional,Ecuador,Seguridad interna,Seguridad ciudadana,Denuncias de violaciones,Total,Total,11,No Aplica,"Es el acceso carnal, con introducción total o parcial del miembro viril, por vía oral, anal o vaginal; o la introducción, por vía vaginal o anal, de objetos, dedos u órganos distintos al miembro viril, a una persona de cualquier sexo.",2014,7,Fiscalía General del Estado - INEC,Denuncias,Paz,ODS 16
4006,07,El Oro,0000,Total Nacional,Ecuador,Seguridad interna,Seguridad ciudadana,Denuncias de violaciones,Total,Total,24,No Aplica,"Es el acceso carnal, con introducción total o parcial del miembro viril, por vía oral, anal o vaginal; o la introducción, por vía vaginal o anal, de objetos, dedos u órganos distintos al miembro viril, a una persona de cualquier sexo.",2014,7,Fiscalía General del Estado - INEC,Denuncias,Paz,ODS 16
4006,08,Esmeraldas,0000,Total Nacional,Ecuador,Seguridad interna,Seguridad ciudadana,Denuncias de violaciones,Total,Total,16,No Aplica,"Es el acceso carnal, con introducción total o parcial del miembro viril, por vía oral, anal o vaginal; o la introducción, por vía vaginal o anal, de objetos, dedos u órganos distintos al miembro viril, a una persona de cualquier sexo.",2014,7,Fiscalía General del Estado - INEC,Denuncias,Paz,ODS 16
4006,09,Guayas,0000,Total Nacional,Ecuador,Seguridad interna,Seguridad ciudadana,Denuncias de violaciones,Total,Total,82,No Aplica,"Es el acceso carnal, con introducción total o parcial del miembro viril, por vía oral, anal o vaginal; o la introducción, por vía vaginal o anal, de objetos, dedos u órganos distintos al miembro viril, a una persona de cualquier sexo.",2014,7,Fiscalía General del Estado - INEC,Denuncias,Paz,ODS 16
4006,10,Imbabura,0000,Total Nacional,Ecuador,Seguridad interna,Seguridad ciudadana,Denuncias de violaciones,Total,Total,9,No Aplica,"Es el acceso carnal, con introducción total o parcial del miembro viril, por vía oral, anal o vaginal; o la introducción, por vía vaginal o anal, de objetos, dedos u órganos distintos al miembro viril, a una persona de cualquier sexo.",2014,7,Fiscalía General del Estado - INEC,Denuncias,Paz,ODS 16
4006,11,Loja,0000,Total Nacional,Ecuador,Seguridad interna,Seguridad ciudadana,Denuncias de violaciones,Total,Total,12,No Aplica,"Es el acceso carnal, con introducción total o parcial del miembro viril, por vía oral, anal o vaginal; o la introducción, por vía vaginal o anal, de objetos, dedos u órganos distintos al miembro viril, a una persona de cualquier sexo.",2014,7,Fiscalía General del Estado - INEC,Denuncias,Paz,ODS 16
4006,12,Los Ríos,0000,Total Nacional,Ecuador,Seguridad interna,Seguridad ciudadana,Denuncias de violaciones,Total,Total,22,No Aplica,"Es el acceso carnal, con introducción total o parcial del miembro viril, por vía oral, anal o vaginal; o la introducción, por vía vaginal o anal, de objetos, dedos u órganos distintos al miembro viril, a una persona de cualquier sexo.",2014,7,Fiscalía General del Estado - INEC,Denuncias,Paz,ODS 16
4006,13,Manabí,0000,Total Nacional,Ecuador,Seguridad interna,Seguridad ciudadana,Denuncias de violaciones,Total,Total,38,No Aplica,"Es el acceso carnal, con introducción total o parcial del miembro viril, por vía oral, anal o vaginal; o la introducción, por vía vaginal o anal, de objetos, dedos u órganos distintos al miembro viril, a una persona de cualquier sexo.",2014,7,Fiscalía General del Estado - INEC,Denuncias,Paz,ODS 16
4006,14,Morona Santiago,0000,Total Nacional,Ecuador,Seguridad interna,Seguridad ciudadana,Denuncias de violaciones,Total,Total,15,No Aplica,"Es el acceso carnal, con introducción total o parcial del miembro viril, por vía oral, anal o vaginal; o la introducción, por vía vaginal o anal, de objetos, dedos u órganos distintos al miembro viril, a una persona de cualquier sexo.",2014,7,Fiscalía General del Estado - INEC,Denuncias,Paz,ODS 16
4006,15,Napo,0000,Total Nacional,Ecuador,Seguridad interna,Seguridad ciudadana,Denuncias de violaciones,Total,Total,7,No Aplica,"Es el acceso carnal, con introducción total o parcial del miembro viril, por vía oral, anal o vaginal; o la introducción, por vía vaginal o anal, de objetos, dedos u órganos distintos al miembro viril, a una persona de cualquier sexo.",2014,7,Fiscalía General del Estado - INEC,Denuncias,Paz,ODS 16
4006,16,Pastaza,0000,Total Nacional,Ecuador,Seguridad interna,Seguridad ciudadana,Denuncias de violaciones,Total,Total,6,No Aplica,"Es el acceso carnal, con introducción total o parcial del miembro viril, por vía oral, anal o vaginal; o la introducción, por vía vaginal o anal, de objetos, dedos u órganos distintos al miembro viril, a una persona de cualquier sexo.",2014,7,Fiscalía General del Estado - INEC,Denuncias,Paz,ODS 16
4006,17,Pichincha,0000,Total Nacional,Ecuador,Seguridad interna,Seguridad ciudadana,Denuncias de violaciones,Total,Total,95,No Aplica,"Es el acceso carnal, con introducción total o parcial del miembro viril, por vía oral, anal o vaginal; o la introducción, por vía vaginal o anal, de objetos, dedos u órganos distintos al miembro viril, a una persona de cualquier sexo.",2014,7,Fiscalía General del Estado - INEC,Denuncias,Paz,ODS 16
4006,18,Tungurahua,0000,Total Nacional,Ecuador,Seguridad interna,Seguridad ciudadana,Denuncias de violaciones,Total,Total,16,No Aplica,"Es el acceso carnal, con introducción total o parcial del miembro viril, por vía oral, anal o vaginal; o la introducción, por vía vaginal o anal, de objetos, dedos u órganos distintos al miembro viril, a una persona de cualquier sexo.",2014,7,Fiscalía General del Estado - INEC,Denuncias,Paz,ODS 16
4006,19,Zamora Chinchipe,0000,Total Nacional,Ecuador,Seguridad interna,Seguridad ciudadana,Denuncias de violaciones,Total,Total,4,No Aplica,"Es el acceso carnal, con introducción total o parcial del miembro viril, por vía oral, anal o vaginal; o la introducción, por vía vaginal o anal, de objetos, dedos u órganos distintos al miembro viril, a una persona de cualquier sexo.",2014,7,Fiscalía General del Estado - INEC,Denuncias,Paz,ODS 16
4006,20,Galápagos,0000,Total Nacional,Ecuador,Seguridad interna,Seguridad ciudadana,Denuncias de violaciones,Total,Total,1,No Aplica,"Es el acceso carnal, con introducción total o parcial del miembro viril, por vía oral, anal o vaginal; o la introducción, por vía vaginal o anal, de objetos, dedos u órganos distintos al miembro viril, a una persona de cualquier sexo.",2014,7,Fiscalía General del Estado - INEC,Denuncias,Paz,ODS 16
4006,21,Sucumbios,0000,Total Nacional,Ecuador,Seguridad interna,Seguridad ciudadana,Denuncias de violaciones,Total,Total,11,No Aplica,"Es el acceso carnal, con introducción total o parcial del miembro viril, por vía oral, anal o vaginal; o la introducción, por vía vaginal o anal, de objetos, dedos u órganos distintos al miembro viril, a una persona de cualquier sexo.",2014,7,Fiscalía General del Estado - INEC,Denuncias,Paz,ODS 16
4006,22,Orellana,0000,Total Nacional,Ecuador,Seguridad interna,Seguridad ciudadana,Denuncias de violaciones,Total,Total,8,No Aplica,"Es el acceso carnal, con introducción total o parcial del miembro viril, por vía oral, anal o vaginal; o la introducción, por vía vaginal o anal, de objetos, dedos u órganos distintos al miembro viril, a una persona de cualquier sexo.",2014,7,Fiscalía General del Estado - INEC,Denuncias,Paz,ODS 16
4006,23,Santo Domingo de los Tsáchilas,0000,Total Nacional,Ecuador,Seguridad interna,Seguridad ciudadana,Denuncias de violaciones,Total,Total,19,No Aplica,"Es el acceso carnal, con introducción total o parcial del miembro viril, por vía oral, anal o vaginal; o la introducción, por vía vaginal o anal, de objetos, dedos u órganos distintos al miembro viril, a una persona de cualquier sexo.",2014,7,Fiscalía General del Estado - INEC,Denuncias,Paz,ODS 16
4006,24,Santa Elena,0000,Total Nacional,Ecuador,Seguridad interna,Seguridad ciudadana,Denuncias de violaciones,Total,Total,7,No Aplica,"Es el acceso carnal, con introducción total o parcial del miembro viril, por vía oral, anal o vaginal; o la introducción, por vía vaginal o anal, de objetos, dedos u órganos distintos al miembro viril, a una persona de cualquier sexo.",2014,7,Fiscalía General del Estado - INEC,Denuncias,Paz,ODS 16
4006,00,Total Nacional,0000,Total Nacional,Ecuador,Seguridad interna,Seguridad ciudadana,Denuncias de violaciones,Total,Total,419,No Aplica,"Es el acceso carnal, con introducción total o parcial del miembro viril, por vía oral, anal o vaginal; o la introducción, por vía vaginal o anal, de objetos, dedos u órganos distintos al miembro viril, a una persona de cualquier sexo.",2014,6,Fiscalía General del Estado - INEC,Denuncias,Paz,ODS 16
4006,01,Azuay,0000,Total Nacional,Ecuador,Seguridad interna,Seguridad ciudadana,Denuncias de violaciones,Total,Total,16,No Aplica,"Es el acceso carnal, con introducción total o parcial del miembro viril, por vía oral, anal o vaginal; o la introducción, por vía vaginal o anal, de objetos, dedos u órganos distintos al miembro viril, a una persona de cualquier sexo.",2014,6,Fiscalía General del Estado - INEC,Denuncias,Paz,ODS 16
4006,02,Bolívar,0000,Total Nacional,Ecuador,Seguridad interna,Seguridad ciudadana,Denuncias de violaciones,Total,Total,4,No Aplica,"Es el acceso carnal, con introducción total o parcial del miembro viril, por vía oral, anal o vaginal; o la introducción, por vía vaginal o anal, de objetos, dedos u órganos distintos al miembro viril, a una persona de cualquier sexo.",2014,6,Fiscalía General del Estado - INEC,Denuncias,Paz,ODS 16
4006,03,Cañar,0000,Total Nacional,Ecuador,Seguridad interna,Seguridad ciudadana,Denuncias de violaciones,Total,Total,7,No Aplica,"Es el acceso carnal, con introducción total o parcial del miembro viril, por vía oral, anal o vaginal; o la introducción, por vía vaginal o anal, de objetos, dedos u órganos distintos al miembro viril, a una persona de cualquier sexo.",2014,6,Fiscalía General del Estado - INEC,Denuncias,Paz,ODS 16
4006,04,Carchi,0000,Total Nacional,Ecuador,Seguridad interna,Seguridad ciudadana,Denuncias de violaciones,Total,Total,4,No Aplica,"Es el acceso carnal, con introducción total o parcial del miembro viril, por vía oral, anal o vaginal; o la introducción, por vía vaginal o anal, de objetos, dedos u órganos distintos al miembro viril, a una persona de cualquier sexo.",2014,6,Fiscalía General del Estado - INEC,Denuncias,Paz,ODS 16
4006,05,Cotopaxi,0000,Total Nacional,Ecuador,Seguridad interna,Seguridad ciudadana,Denuncias de violaciones,Total,Total,11,No Aplica,"Es el acceso carnal, con introducción total o parcial del miembro viril, por vía oral, anal o vaginal; o la introducción, por vía vaginal o anal, de objetos, dedos u órganos distintos al miembro viril, a una persona de cualquier sexo.",2014,6,Fiscalía General del Estado - INEC,Denuncias,Paz,ODS 16
4006,06,Chimborazo,0000,Total Nacional,Ecuador,Seguridad interna,Seguridad ciudadana,Denuncias de violaciones,Total,Total,9,No Aplica,"Es el acceso carnal, con introducción total o parcial del miembro viril, por vía oral, anal o vaginal; o la introducción, por vía vaginal o anal, de objetos, dedos u órganos distintos al miembro viril, a una persona de cualquier sexo.",2014,6,Fiscalía General del Estado - INEC,Denuncias,Paz,ODS 16
4006,07,El Oro,0000,Total Nacional,Ecuador,Seguridad interna,Seguridad ciudadana,Denuncias de violaciones,Total,Total,22,No Aplica,"Es el acceso carnal, con introducción total o parcial del miembro viril, por vía oral, anal o vaginal; o la introducción, por vía vaginal o anal, de objetos, dedos u órganos distintos al miembro viril, a una persona de cualquier sexo.",2014,6,Fiscalía General del Estado - INEC,Denuncias,Paz,ODS 16
4006,08,Esmeraldas,0000,Total Nacional,Ecuador,Seguridad interna,Seguridad ciudadana,Denuncias de violaciones,Total,Total,17,No Aplica,"Es el acceso carnal, con introducción total o parcial del miembro viril, por vía oral, anal o vaginal; o la introducción, por vía vaginal o anal, de objetos, dedos u órganos distintos al miembro viril, a una persona de cualquier sexo.",2014,6,Fiscalía General del Estado - INEC,Denuncias,Paz,ODS 16
4006,09,Guayas,0000,Total Nacional,Ecuador,Seguridad interna,Seguridad ciudadana,Denuncias de violaciones,Total,Total,96,No Aplica,"Es el acceso carnal, con introducción total o parcial del miembro viril, por vía oral, anal o vaginal; o la introducción, por vía vaginal o anal, de objetos, dedos u órganos distintos al miembro viril, a una persona de cualquier sexo.",2014,6,Fiscalía General del Estado - INEC,Denuncias,Paz,ODS 16
4006,10,Imbabura,0000,Total Nacional,Ecuador,Seguridad interna,Seguridad ciudadana,Denuncias de violaciones,Total,Total,8,No Aplica,"Es el acceso carnal, con introducción total o parcial del miembro viril, por vía oral, anal o vaginal; o la introducción, por vía vaginal o anal, de objetos, dedos u órganos distintos al miembro viril, a una persona de cualquier sexo.",2014,6,Fiscalía General del Estado - INEC,Denuncias,Paz,ODS 16
4006,11,Loja,0000,Total Nacional,Ecuador,Seguridad interna,Seguridad ciudadana,Denuncias de violaciones,Total,Total,13,No Aplica,"Es el acceso carnal, con introducción total o parcial del miembro viril, por vía oral, anal o vaginal; o la introducción, por vía vaginal o anal, de objetos, dedos u órganos distintos al miembro viril, a una persona de cualquier sexo.",2014,6,Fiscalía General del Estado - INEC,Denuncias,Paz,ODS 16
4006,12,Los Ríos,0000,Total Nacional,Ecuador,Seguridad interna,Seguridad ciudadana,Denuncias de violaciones,Total,Total,21,No Aplica,"Es el acceso carnal, con introducción total o parcial del miembro viril, por vía oral, anal o vaginal; o la introducción, por vía vaginal o anal, de objetos, dedos u órganos distintos al miembro viril, a una persona de cualquier sexo.",2014,6,Fiscalía General del Estado - INEC,Denuncias,Paz,ODS 16
4006,13,Manabí,0000,Total Nacional,Ecuador,Seguridad interna,Seguridad ciudadana,Denuncias de violaciones,Total,Total,27,No Aplica,"Es el acceso carnal, con introducción total o parcial del miembro viril, por vía oral, anal o vaginal; o la introducción, por vía vaginal o anal, de objetos, dedos u órganos distintos al miembro viril, a una persona de cualquier sexo.",2014,6,Fiscalía General del Estado - INEC,Denuncias,Paz,ODS 16
4006,14,Morona Santiago,0000,Total Nacional,Ecuador,Seguridad interna,Seguridad ciudadana,Denuncias de violaciones,Total,Total,13,No Aplica,"Es el acceso carnal, con introducción total o parcial del miembro viril, por vía oral, anal o vaginal; o la introducción, por vía vaginal o anal, de objetos, dedos u órganos distintos al miembro viril, a una persona de cualquier sexo.",2014,6,Fiscalía General del Estado - INEC,Denuncias,Paz,ODS 16
4006,15,Napo,0000,Total Nacional,Ecuador,Seguridad interna,Seguridad ciudadana,Denuncias de violaciones,Total,Total,4,No Aplica,"Es el acceso carnal, con introducción total o parcial del miembro viril, por vía oral, anal o vaginal; o la introducción, por vía vaginal o anal, de objetos, dedos u órganos distintos al miembro viril, a una persona de cualquier sexo.",2014,6,Fiscalía General del Estado - INEC,Denuncias,Paz,ODS 16
4006,16,Pastaza,0000,Total Nacional,Ecuador,Seguridad interna,Seguridad ciudadana,Denuncias de violaciones,Total,Total,5,No Aplica,"Es el acceso carnal, con introducción total o parcial del miembro viril, por vía oral, anal o vaginal; o la introducción, por vía vaginal o anal, de objetos, dedos u órganos distintos al miembro viril, a una persona de cualquier sexo.",2014,6,Fiscalía General del Estado - INEC,Denuncias,Paz,ODS 16
4006,17,Pichincha,0000,Total Nacional,Ecuador,Seguridad interna,Seguridad ciudadana,Denuncias de violaciones,Total,Total,85,No Aplica,"Es el acceso carnal, con introducción total o parcial del miembro viril, por vía oral, anal o vaginal; o la introducción, por vía vaginal o anal, de objetos, dedos u órganos distintos al miembro viril, a una persona de cualquier sexo.",2014,6,Fiscalía General del Estado - INEC,Denuncias,Paz,ODS 16
4006,18,Tungurahua,0000,Total Nacional,Ecuador,Seguridad interna,Seguridad ciudadana,Denuncias de violaciones,Total,Total,12,No Aplica,"Es el acceso carnal, con introducción total o parcial del miembro viril, por vía oral, anal o vaginal; o la introducción, por vía vaginal o anal, de objetos, dedos u órganos distintos al miembro viril, a una persona de cualquier sexo.",2014,6,Fiscalía General del Estado - INEC,Denuncias,Paz,ODS 16
4006,19,Zamora Chinchipe,0000,Total Nacional,Ecuador,Seguridad interna,Seguridad ciudadana,Denuncias de violaciones,Total,Total,3,No Aplica,"Es el acceso carnal, con introducción total o parcial del miembro viril, por vía oral, anal o vaginal; o la introducción, por vía vaginal o anal, de objetos, dedos u órganos distintos al miembro viril, a una persona de cualquier sexo.",2014,6,Fiscalía General del Estado - INEC,Denuncias,Paz,ODS 16
4006,20,Galápagos,0000,Total Nacional,Ecuador,Seguridad interna,Seguridad ciudadana,Denuncias de violaciones,Total,Total,0,No Aplica,"Es el acceso carnal, con introducción total o parcial del miembro viril, por vía oral, anal o vaginal; o la introducción, por vía vaginal o anal, de objetos, dedos u órganos distintos al miembro viril, a una persona de cualquier sexo.",2014,6,Fiscalía General del Estado - INEC,Denuncias,Paz,ODS 16
4006,21,Sucumbios,0000,Total Nacional,Ecuador,Seguridad interna,Seguridad ciudadana,Denuncias de violaciones,Total,Total,10,No Aplica,"Es el acceso carnal, con introducción total o parcial del miembro viril, por vía oral, anal o vaginal; o la introducción, por vía vaginal o anal, de objetos, dedos u órganos distintos al miembro viril, a una persona de cualquier sexo.",2014,6,Fiscalía General del Estado - INEC,Denuncias,Paz,ODS 16
4006,22,Orellana,0000,Total Nacional,Ecuador,Seguridad interna,Seguridad ciudadana,Denuncias de violaciones,Total,Total,6,No Aplica,"Es el acceso carnal, con introducción total o parcial del miembro viril, por vía oral, anal o vaginal; o la introducción, por vía vaginal o anal, de objetos, dedos u órganos distintos al miembro viril, a una persona de cualquier sexo.",2014,6,Fiscalía General del Estado - INEC,Denuncias,Paz,ODS 16
4006,23,Santo Domingo de los Tsáchilas,0000,Total Nacional,Ecuador,Seguridad interna,Seguridad ciudadana,Denuncias de violaciones,Total,Total,13,No Aplica,"Es el acceso carnal, con introducción total o parcial del miembro viril, por vía oral, anal o vaginal; o la introducción, por vía vaginal o anal, de objetos, dedos u órganos distintos al miembro viril, a una persona de cualquier sexo.",2014,6,Fiscalía General del Estado - INEC,Denuncias,Paz,ODS 16
4006,24,Santa Elena,0000,Total Nacional,Ecuador,Seguridad interna,Seguridad ciudadana,Denuncias de violaciones,Total,Total,13,No Aplica,"Es el acceso carnal, con introducción total o parcial del miembro viril, por vía oral, anal o vaginal; o la introducción, por vía vaginal o anal, de objetos, dedos u órganos distintos al miembro viril, a una persona de cualquier sexo.",2014,6,Fiscalía General del Estado - INEC,Denuncias,Paz,ODS 16
4006,00,Total Nacional,0000,Total Nacional,Ecuador,Seguridad interna,Seguridad ciudadana,Denuncias de violaciones,Total,Total,432,No Aplica,"Es el acceso carnal, con introducción total o parcial del miembro viril, por vía oral, anal o vaginal; o la introducción, por vía vaginal o anal, de objetos, dedos u órganos distintos al miembro viril, a una persona de cualquier sexo.",2014,5,Fiscalía General del Estado - INEC,Denuncias,Paz,ODS 16
4006,01,Azuay,0000,Total Nacional,Ecuador,Seguridad interna,Seguridad ciudadana,Denuncias de violaciones,Total,Total,22,No Aplica,"Es el acceso carnal, con introducción total o parcial del miembro viril, por vía oral, anal o vaginal; o la introducción, por vía vaginal o anal, de objetos, dedos u órganos distintos al miembro viril, a una persona de cualquier sexo.",2014,5,Fiscalía General del Estado - INEC,Denuncias,Paz,ODS 16
4006,02,Bolívar,0000,Total Nacional,Ecuador,Seguridad interna,Seguridad ciudadana,Denuncias de violaciones,Total,Total,7,No Aplica,"Es el acceso carnal, con introducción total o parcial del miembro viril, por vía oral, anal o vaginal; o la introducción, por vía vaginal o anal, de objetos, dedos u órganos distintos al miembro viril, a una persona de cualquier sexo.",2014,5,Fiscalía General del Estado - INEC,Denuncias,Paz,ODS 16
4006,03,Cañar,0000,Total Nacional,Ecuador,Seguridad interna,Seguridad ciudadana,Denuncias de violaciones,Total,Total,3,No Aplica,"Es el acceso carnal, con introducción total o parcial del miembro viril, por vía oral, anal o vaginal; o la introducción, por vía vaginal o anal, de objetos, dedos u órganos distintos al miembro viril, a una persona de cualquier sexo.",2014,5,Fiscalía General del Estado - INEC,Denuncias,Paz,ODS 16
4006,04,Carchi,0000,Total Nacional,Ecuador,Seguridad interna,Seguridad ciudadana,Denuncias de violaciones,Total,Total,3,No Aplica,"Es el acceso carnal, con introducción total o parcial del miembro viril, por vía oral, anal o vaginal; o la introducción, por vía vaginal o anal, de objetos, dedos u órganos distintos al miembro viril, a una persona de cualquier sexo.",2014,5,Fiscalía General del Estado - INEC,Denuncias,Paz,ODS 16
4006,05,Cotopaxi,0000,Total Nacional,Ecuador,Seguridad interna,Seguridad ciudadana,Denuncias de violaciones,Total,Total,7,No Aplica,"Es el acceso carnal, con introducción total o parcial del miembro viril, por vía oral, anal o vaginal; o la introducción, por vía vaginal o anal, de objetos, dedos u órganos distintos al miembro viril, a una persona de cualquier sexo.",2014,5,Fiscalía General del Estado - INEC,Denuncias,Paz,ODS 16
4006,06,Chimborazo,0000,Total Nacional,Ecuador,Seguridad interna,Seguridad ciudadana,Denuncias de violaciones,Total,Total,16,No Aplica,"Es el acceso carnal, con introducción total o parcial del miembro viril, por vía oral, anal o vaginal; o la introducción, por vía vaginal o anal, de objetos, dedos u órganos distintos al miembro viril, a una persona de cualquier sexo.",2014,5,Fiscalía General del Estado - INEC,Denuncias,Paz,ODS 16
4006,07,El Oro,0000,Total Nacional,Ecuador,Seguridad interna,Seguridad ciudadana,Denuncias de violaciones,Total,Total,24,No Aplica,"Es el acceso carnal, con introducción total o parcial del miembro viril, por vía oral, anal o vaginal; o la introducción, por vía vaginal o anal, de objetos, dedos u órganos distintos al miembro viril, a una persona de cualquier sexo.",2014,5,Fiscalía General del Estado - INEC,Denuncias,Paz,ODS 16
4006,08,Esmeraldas,0000,Total Nacional,Ecuador,Seguridad interna,Seguridad ciudadana,Denuncias de violaciones,Total,Total,24,No Aplica,"Es el acceso carnal, con introducción total o parcial del miembro viril, por vía oral, anal o vaginal; o la introducción, por vía vaginal o anal, de objetos, dedos u órganos distintos al miembro viril, a una persona de cualquier sexo.",2014,5,Fiscalía General del Estado - INEC,Denuncias,Paz,ODS 16
4006,09,Guayas,0000,Total Nacional,Ecuador,Seguridad interna,Seguridad ciudadana,Denuncias de violaciones,Total,Total,98,No Aplica,"Es el acceso carnal, con introducción total o parcial del miembro viril, por vía oral, anal o vaginal; o la introducción, por vía vaginal o anal, de objetos, dedos u órganos distintos al miembro viril, a una persona de cualquier sexo.",2014,5,Fiscalía General del Estado - INEC,Denuncias,Paz,ODS 16
4006,10,Imbabura,0000,Total Nacional,Ecuador,Seguridad interna,Seguridad ciudadana,Denuncias de violaciones,Total,Total,11,No Aplica,"Es el acceso carnal, con introducción total o parcial del miembro viril, por vía oral, anal o vaginal; o la introducción, por vía vaginal o anal, de objetos, dedos u órganos distintos al miembro viril, a una persona de cualquier sexo.",2014,5,Fiscalía General del Estado - INEC,Denuncias,Paz,ODS 16
4006,11,Loja,0000,Total Nacional,Ecuador,Seguridad interna,Seguridad ciudadana,Denuncias de violaciones,Total,Total,9,No Aplica,"Es el acceso carnal, con introducción total o parcial del miembro viril, por vía oral, anal o vaginal; o la introducción, por vía vaginal o anal, de objetos, dedos u órganos distintos al miembro viril, a una persona de cualquier sexo.",2014,5,Fiscalía General del Estado - INEC,Denuncias,Paz,ODS 16
4006,12,Los Ríos,0000,Total Nacional,Ecuador,Seguridad interna,Seguridad ciudadana,Denuncias de violaciones,Total,Total,17,No Aplica,"Es el acceso carnal, con introducción total o parcial del miembro viril, por vía oral, anal o vaginal; o la introducción, por vía vaginal o anal, de objetos, dedos u órganos distintos al miembro viril, a una persona de cualquier sexo.",2014,5,Fiscalía General del Estado - INEC,Denuncias,Paz,ODS 16
4006,13,Manabí,0000,Total Nacional,Ecuador,Seguridad interna,Seguridad ciudadana,Denuncias de violaciones,Total,Total,32,No Aplica,"Es el acceso carnal, con introducción total o parcial del miembro viril, por vía oral, anal o vaginal; o la introducción, por vía vaginal o anal, de objetos, dedos u órganos distintos al miembro viril, a una persona de cualquier sexo.",2014,5,Fiscalía General del Estado - INEC,Denuncias,Paz,ODS 16
4006,14,Morona Santiago,0000,Total Nacional,Ecuador,Seguridad interna,Seguridad ciudadana,Denuncias de violaciones,Total,Total,6,No Aplica,"Es el acceso carnal, con introducción total o parcial del miembro viril, por vía oral, anal o vaginal; o la introducción, por vía vaginal o anal, de objetos, dedos u órganos distintos al miembro viril, a una persona de cualquier sexo.",2014,5,Fiscalía General del Estado - INEC,Denuncias,Paz,ODS 16
4006,15,Napo,0000,Total Nacional,Ecuador,Seguridad interna,Seguridad ciudadana,Denuncias de violaciones,Total,Total,7,No Aplica,"Es el acceso carnal, con introducción total o parcial del miembro viril, por vía oral, anal o vaginal; o la introducción, por vía vaginal o anal, de objetos, dedos u órganos distintos al miembro viril, a una persona de cualquier sexo.",2014,5,Fiscalía General del Estado - INEC,Denuncias,Paz,ODS 16
4006,16,Pastaza,0000,Total Nacional,Ecuador,Seguridad interna,Seguridad ciudadana,Denuncias de violaciones,Total,Total,3,No Aplica,"Es el acceso carnal, con introducción total o parcial del miembro viril, por vía oral, anal o vaginal; o la introducción, por vía vaginal o anal, de objetos, dedos u órganos distintos al miembro viril, a una persona de cualquier sexo.",2014,5,Fiscalía General del Estado - INEC,Denuncias,Paz,ODS 16
4006,17,Pichincha,0000,Total Nacional,Ecuador,Seguridad interna,Seguridad ciudadana,Denuncias de violaciones,Total,Total,81,No Aplica,"Es el acceso carnal, con introducción total o parcial del miembro viril, por vía oral, anal o vaginal; o la introducción, por vía vaginal o anal, de objetos, dedos u órganos distintos al miembro viril, a una persona de cualquier sexo.",2014,5,Fiscalía General del Estado - INEC,Denuncias,Paz,ODS 16
4006,18,Tungurahua,0000,Total Nacional,Ecuador,Seguridad interna,Seguridad ciudadana,Denuncias de violaciones,Total,Total,13,No Aplica,"Es el acceso carnal, con introducción total o parcial del miembro viril, por vía oral, anal o vaginal; o la introducción, por vía vaginal o anal, de objetos, dedos u órganos distintos al miembro viril, a una persona de cualquier sexo.",2014,5,Fiscalía General del Estado - INEC,Denuncias,Paz,ODS 16
4006,19,Zamora Chinchipe,0000,Total Nacional,Ecuador,Seguridad interna,Seguridad ciudadana,Denuncias de violaciones,Total,Total,7,No Aplica,"Es el acceso carnal, con introducción total o parcial del miembro viril, por vía oral, anal o vaginal; o la introducción, por vía vaginal o anal, de objetos, dedos u órganos distintos al miembro viril, a una persona de cualquier sexo.",2014,5,Fiscalía General del Estado - INEC,Denuncias,Paz,ODS 16
4006,20,Galápagos,0000,Total Nacional,Ecuador,Seguridad interna,Seguridad ciudadana,Denuncias de violaciones,Total,Total,0,No Aplica,"Es el acceso carnal, con introducción total o parcial del miembro viril, por vía oral, anal o vaginal; o la introducción, por vía vaginal o anal, de objetos, dedos u órganos distintos al miembro viril, a una persona de cualquier sexo.",2014,5,Fiscalía General del Estado - INEC,Denuncias,Paz,ODS 16
4006,21,Sucumbios,0000,Total Nacional,Ecuador,Seguridad interna,Seguridad ciudadana,Denuncias de violaciones,Total,Total,11,No Aplica,"Es el acceso carnal, con introducción total o parcial del miembro viril, por vía oral, anal o vaginal; o la introducción, por vía vaginal o anal, de objetos, dedos u órganos distintos al miembro viril, a una persona de cualquier sexo.",2014,5,Fiscalía General del Estado - INEC,Denuncias,Paz,ODS 16
4006,22,Orellana,0000,Total Nacional,Ecuador,Seguridad interna,Seguridad ciudadana,Denuncias de violaciones,Total,Total,7,No Aplica,"Es el acceso carnal, con introducción total o parcial del miembro viril, por vía oral, anal o vaginal; o la introducción, por vía vaginal o anal, de objetos, dedos u órganos distintos al miembro viril, a una persona de cualquier sexo.",2014,5,Fiscalía General del Estado - INEC,Denuncias,Paz,ODS 16
4006,23,Santo Domingo de los Tsáchilas,0000,Total Nacional,Ecuador,Seguridad interna,Seguridad ciudadana,Denuncias de violaciones,Total,Total,15,No Aplica,"Es el acceso carnal, con introducción total o parcial del miembro viril, por vía oral, anal o vaginal; o la introducción, por vía vaginal o anal, de objetos, dedos u órganos distintos al miembro viril, a una persona de cualquier sexo.",2014,5,Fiscalía General del Estado - INEC,Denuncias,Paz,ODS 16
4006,24,Santa Elena,0000,Total Nacional,Ecuador,Seguridad interna,Seguridad ciudadana,Denuncias de violaciones,Total,Total,9,No Aplica,"Es el acceso carnal, con introducción total o parcial del miembro viril, por vía oral, anal o vaginal; o la introducción, por vía vaginal o anal, de objetos, dedos u órganos distintos al miembro viril, a una persona de cualquier sexo.",2014,5,Fiscalía General del Estado - INEC,Denuncias,Paz,ODS 16
4006,00,Total Nacional,0000,Total Nacional,Ecuador,Seguridad interna,Seguridad ciudadana,Denuncias de violaciones,Total,Total,408,No Aplica,"Es el acceso carnal, con introducción total o parcial del miembro viril, por vía oral, anal o vaginal; o la introducción, por vía vaginal o anal, de objetos, dedos u órganos distintos al miembro viril, a una persona de cualquier sexo.",2014,4,Fiscalía General del Estado - INEC,Denuncias,Paz,ODS 16
4006,01,Azuay,0000,Total Nacional,Ecuador,Seguridad interna,Seguridad ciudadana,Denuncias de violaciones,Total,Total,22,No Aplica,"Es el acceso carnal, con introducción total o parcial del miembro viril, por vía oral, anal o vaginal; o la introducción, por vía vaginal o anal, de objetos, dedos u órganos distintos al miembro viril, a una persona de cualquier sexo.",2014,4,Fiscalía General del Estado - INEC,Denuncias,Paz,ODS 16
4006,02,Bolívar,0000,Total Nacional,Ecuador,Seguridad interna,Seguridad ciudadana,Denuncias de violaciones,Total,Total,3,No Aplica,"Es el acceso carnal, con introducción total o parcial del miembro viril, por vía oral, anal o vaginal; o la introducción, por vía vaginal o anal, de objetos, dedos u órganos distintos al miembro viril, a una persona de cualquier sexo.",2014,4,Fiscalía General del Estado - INEC,Denuncias,Paz,ODS 16
4006,03,Cañar,0000,Total Nacional,Ecuador,Seguridad interna,Seguridad ciudadana,Denuncias de violaciones,Total,Total,8,No Aplica,"Es el acceso carnal, con introducción total o parcial del miembro viril, por vía oral, anal o vaginal; o la introducción, por vía vaginal o anal, de objetos, dedos u órganos distintos al miembro viril, a una persona de cualquier sexo.",2014,4,Fiscalía General del Estado - INEC,Denuncias,Paz,ODS 16
4006,04,Carchi,0000,Total Nacional,Ecuador,Seguridad interna,Seguridad ciudadana,Denuncias de violaciones,Total,Total,2,No Aplica,"Es el acceso carnal, con introducción total o parcial del miembro viril, por vía oral, anal o vaginal; o la introducción, por vía vaginal o anal, de objetos, dedos u órganos distintos al miembro viril, a una persona de cualquier sexo.",2014,4,Fiscalía General del Estado - INEC,Denuncias,Paz,ODS 16
4006,05,Cotopaxi,0000,Total Nacional,Ecuador,Seguridad interna,Seguridad ciudadana,Denuncias de violaciones,Total,Total,12,No Aplica,"Es el acceso carnal, con introducción total o parcial del miembro viril, por vía oral, anal o vaginal; o la introducción, por vía vaginal o anal, de objetos, dedos u órganos distintos al miembro viril, a una persona de cualquier sexo.",2014,4,Fiscalía General del Estado - INEC,Denuncias,Paz,ODS 16
4006,06,Chimborazo,0000,Total Nacional,Ecuador,Seguridad interna,Seguridad ciudadana,Denuncias de violaciones,Total,Total,14,No Aplica,"Es el acceso carnal, con introducción total o parcial del miembro viril, por vía oral, anal o vaginal; o la introducción, por vía vaginal o anal, de objetos, dedos u órganos distintos al miembro viril, a una persona de cualquier sexo.",2014,4,Fiscalía General del Estado - INEC,Denuncias,Paz,ODS 16
4006,07,El Oro,0000,Total Nacional,Ecuador,Seguridad interna,Seguridad ciudadana,Denuncias de violaciones,Total,Total,14,No Aplica,"Es el acceso carnal, con introducción total o parcial del miembro viril, por vía oral, anal o vaginal; o la introducción, por vía vaginal o anal, de objetos, dedos u órganos distintos al miembro viril, a una persona de cualquier sexo.",2014,4,Fiscalía General del Estado - INEC,Denuncias,Paz,ODS 16
4006,08,Esmeraldas,0000,Total Nacional,Ecuador,Seguridad interna,Seguridad ciudadana,Denuncias de violaciones,Total,Total,7,No Aplica,"Es el acceso carnal, con introducción total o parcial del miembro viril, por vía oral, anal o vaginal; o la introducción, por vía vaginal o anal, de objetos, dedos u órganos distintos al miembro viril, a una persona de cualquier sexo.",2014,4,Fiscalía General del Estado - INEC,Denuncias,Paz,ODS 16
4006,09,Guayas,0000,Total Nacional,Ecuador,Seguridad interna,Seguridad ciudadana,Denuncias de violaciones,Total,Total,91,No Aplica,"Es el acceso carnal, con introducción total o parcial del miembro viril, por vía oral, anal o vaginal; o la introducción, por vía vaginal o anal, de objetos, dedos u órganos distintos al miembro viril, a una persona de cualquier sexo.",2014,4,Fiscalía General del Estado - INEC,Denuncias,Paz,ODS 16
4006,10,Imbabura,0000,Total Nacional,Ecuador,Seguridad interna,Seguridad ciudadana,Denuncias de violaciones,Total,Total,8,No Aplica,"Es el acceso carnal, con introducción total o parcial del miembro viril, por vía oral, anal o vaginal; o la introducción, por vía vaginal o anal, de objetos, dedos u órganos distintos al miembro viril, a una persona de cualquier sexo.",2014,4,Fiscalía General del Estado - INEC,Denuncias,Paz,ODS 16
4006,11,Loja,0000,Total Nacional,Ecuador,Seguridad interna,Seguridad ciudadana,Denuncias de violaciones,Total,Total,10,No Aplica,"Es el acceso carnal, con introducción total o parcial del miembro viril, por vía oral, anal o vaginal; o la introducción, por vía vaginal o anal, de objetos, dedos u órganos distintos al miembro viril, a una persona de cualquier sexo.",2014,4,Fiscalía General del Estado - INEC,Denuncias,Paz,ODS 16
4006,12,Los Ríos,0000,Total Nacional,Ecuador,Seguridad interna,Seguridad ciudadana,Denuncias de violaciones,Total,Total,19,No Aplica,"Es el acceso carnal, con introducción total o parcial del miembro viril, por vía oral, anal o vaginal; o la introducción, por vía vaginal o anal, de objetos, dedos u órganos distintos al miembro viril, a una persona de cualquier sexo.",2014,4,Fiscalía General del Estado - INEC,Denuncias,Paz,ODS 16
4006,13,Manabí,0000,Total Nacional,Ecuador,Seguridad interna,Seguridad ciudadana,Denuncias de violaciones,Total,Total,20,No Aplica,"Es el acceso carnal, con introducción total o parcial del miembro viril, por vía oral, anal o vaginal; o la introducción, por vía vaginal o anal, de objetos, dedos u órganos distintos al miembro viril, a una persona de cualquier sexo.",2014,4,Fiscalía General del Estado - INEC,Denuncias,Paz,ODS 16
4006,14,Morona Santiago,0000,Total Nacional,Ecuador,Seguridad interna,Seguridad ciudadana,Denuncias de violaciones,Total,Total,2,No Aplica,"Es el acceso carnal, con introducción total o parcial del miembro viril, por vía oral, anal o vaginal; o la introducción, por vía vaginal o anal, de objetos, dedos u órganos distintos al miembro viril, a una persona de cualquier sexo.",2014,4,Fiscalía General del Estado - INEC,Denuncias,Paz,ODS 16
4006,15,Napo,0000,Total Nacional,Ecuador,Seguridad interna,Seguridad ciudadana,Denuncias de violaciones,Total,Total,5,No Aplica,"Es el acceso carnal, con introducción total o parcial del miembro viril, por vía oral, anal o vaginal; o la introducción, por vía vaginal o anal, de objetos, dedos u órganos distintos al miembro viril, a una persona de cualquier sexo.",2014,4,Fiscalía General del Estado - INEC,Denuncias,Paz,ODS 16
4006,16,Pastaza,0000,Total Nacional,Ecuador,Seguridad interna,Seguridad ciudadana,Denuncias de violaciones,Total,Total,6,No Aplica,"Es el acceso carnal, con introducción total o parcial del miembro viril, por vía oral, anal o vaginal; o la introducción, por vía vaginal o anal, de objetos, dedos u órganos distintos al miembro viril, a una persona de cualquier sexo.",2014,4,Fiscalía General del Estado - INEC,Denuncias,Paz,ODS 16
4006,17,Pichincha,0000,Total Nacional,Ecuador,Seguridad interna,Seguridad ciudadana,Denuncias de violaciones,Total,Total,115,No Aplica,"Es el acceso carnal, con introducción total o parcial del miembro viril, por vía oral, anal o vaginal; o la introducción, por vía vaginal o anal, de objetos, dedos u órganos distintos al miembro viril, a una persona de cualquier sexo.",2014,4,Fiscalía General del Estado - INEC,Denuncias,Paz,ODS 16
4006,18,Tungurahua,0000,Total Nacional,Ecuador,Seguridad interna,Seguridad ciudadana,Denuncias de violaciones,Total,Total,12,No Aplica,"Es el acceso carnal, con introducción total o parcial del miembro viril, por vía oral, anal o vaginal; o la introducción, por vía vaginal o anal, de objetos, dedos u órganos distintos al miembro viril, a una persona de cualquier sexo.",2014,4,Fiscalía General del Estado - INEC,Denuncias,Paz,ODS 16
4006,19,Zamora Chinchipe,0000,Total Nacional,Ecuador,Seguridad interna,Seguridad ciudadana,Denuncias de violaciones,Total,Total,4,No Aplica,"Es el acceso carnal, con introducción total o parcial del miembro viril, por vía oral, anal o vaginal; o la introducción, por vía vaginal o anal, de objetos, dedos u órganos distintos al miembro viril, a una persona de cualquier sexo.",2014,4,Fiscalía General del Estado - INEC,Denuncias,Paz,ODS 16
4006,20,Galápagos,0000,Total Nacional,Ecuador,Seguridad interna,Seguridad ciudadana,Denuncias de violaciones,Total,Total,0,No Aplica,"Es el acceso carnal, con introducción total o parcial del miembro viril, por vía oral, anal o vaginal; o la introducción, por vía vaginal o anal, de objetos, dedos u órganos distintos al miembro viril, a una persona de cualquier sexo.",2014,4,Fiscalía General del Estado - INEC,Denuncias,Paz,ODS 16
4006,21,Sucumbios,0000,Total Nacional,Ecuador,Seguridad interna,Seguridad ciudadana,Denuncias de violaciones,Total,Total,7,No Aplica,"Es el acceso carnal, con introducción total o parcial del miembro viril, por vía oral, anal o vaginal; o la introducción, por vía vaginal o anal, de objetos, dedos u órganos distintos al miembro viril, a una persona de cualquier sexo.",2014,4,Fiscalía General del Estado - INEC,Denuncias,Paz,ODS 16
4006,22,Orellana,0000,Total Nacional,Ecuador,Seguridad interna,Seguridad ciudadana,Denuncias de violaciones,Total,Total,7,No Aplica,"Es el acceso carnal, con introducción total o parcial del miembro viril, por vía oral, anal o vaginal; o la introducción, por vía vaginal o anal, de objetos, dedos u órganos distintos al miembro viril, a una persona de cualquier sexo.",2014,4,Fiscalía General del Estado - INEC,Denuncias,Paz,ODS 16
4006,23,Santo Domingo de los Tsáchilas,0000,Total Nacional,Ecuador,Seguridad interna,Seguridad ciudadana,Denuncias de violaciones,Total,Total,12,No Aplica,"Es el acceso carnal, con introducción total o parcial del miembro viril, por vía oral, anal o vaginal; o la introducción, por vía vaginal o anal, de objetos, dedos u órganos distintos al miembro viril, a una persona de cualquier sexo.",2014,4,Fiscalía General del Estado - INEC,Denuncias,Paz,ODS 16
4006,24,Santa Elena,0000,Total Nacional,Ecuador,Seguridad interna,Seguridad ciudadana,Denuncias de violaciones,Total,Total,8,No Aplica,"Es el acceso carnal, con introducción total o parcial del miembro viril, por vía oral, anal o vaginal; o la introducción, por vía vaginal o anal, de objetos, dedos u órganos distintos al miembro viril, a una persona de cualquier sexo.",2014,4,Fiscalía General del Estado - INEC,Denuncias,Paz,ODS 16
4006,00,Total Nacional,0000,Total Nacional,Ecuador,Seguridad interna,Seguridad ciudadana,Denuncias de violaciones,Total,Total,491,No Aplica,"Es el acceso carnal, con introducción total o parcial del miembro viril, por vía oral, anal o vaginal; o la introducción, por vía vaginal o anal, de objetos, dedos u órganos distintos al miembro viril, a una persona de cualquier sexo.",2014,3,Fiscalía General del Estado - INEC,Denuncias,Paz,ODS 16
4006,01,Azuay,0000,Total Nacional,Ecuador,Seguridad interna,Seguridad ciudadana,Denuncias de violaciones,Total,Total,22,No Aplica,"Es el acceso carnal, con introducción total o parcial del miembro viril, por vía oral, anal o vaginal; o la introducción, por vía vaginal o anal, de objetos, dedos u órganos distintos al miembro viril, a una persona de cualquier sexo.",2014,3,Fiscalía General del Estado - INEC,Denuncias,Paz,ODS 16
4006,02,Bolívar,0000,Total Nacional,Ecuador,Seguridad interna,Seguridad ciudadana,Denuncias de violaciones,Total,Total,5,No Aplica,"Es el acceso carnal, con introducción total o parcial del miembro viril, por vía oral, anal o vaginal; o la introducción, por vía vaginal o anal, de objetos, dedos u órganos distintos al miembro viril, a una persona de cualquier sexo.",2014,3,Fiscalía General del Estado - INEC,Denuncias,Paz,ODS 16
4006,03,Cañar,0000,Total Nacional,Ecuador,Seguridad interna,Seguridad ciudadana,Denuncias de violaciones,Total,Total,3,No Aplica,"Es el acceso carnal, con introducción total o parcial del miembro viril, por vía oral, anal o vaginal; o la introducción, por vía vaginal o anal, de objetos, dedos u órganos distintos al miembro viril, a una persona de cualquier sexo.",2014,3,Fiscalía General del Estado - INEC,Denuncias,Paz,ODS 16
4006,04,Carchi,0000,Total Nacional,Ecuador,Seguridad interna,Seguridad ciudadana,Denuncias de violaciones,Total,Total,2,No Aplica,"Es el acceso carnal, con introducción total o parcial del miembro viril, por vía oral, anal o vaginal; o la introducción, por vía vaginal o anal, de objetos, dedos u órganos distintos al miembro viril, a una persona de cualquier sexo.",2014,3,Fiscalía General del Estado - INEC,Denuncias,Paz,ODS 16
4006,05,Cotopaxi,0000,Total Nacional,Ecuador,Seguridad interna,Seguridad ciudadana,Denuncias de violaciones,Total,Total,14,No Aplica,"Es el acceso carnal, con introducción total o parcial del miembro viril, por vía oral, anal o vaginal; o la introducción, por vía vaginal o anal, de objetos, dedos u órganos distintos al miembro viril, a una persona de cualquier sexo.",2014,3,Fiscalía General del Estado - INEC,Denuncias,Paz,ODS 16
4006,06,Chimborazo,0000,Total Nacional,Ecuador,Seguridad interna,Seguridad ciudadana,Denuncias de violaciones,Total,Total,11,No Aplica,"Es el acceso carnal, con introducción total o parcial del miembro viril, por vía oral, anal o vaginal; o la introducción, por vía vaginal o anal, de objetos, dedos u órganos distintos al miembro viril, a una persona de cualquier sexo.",2014,3,Fiscalía General del Estado - INEC,Denuncias,Paz,ODS 16
4006,07,El Oro,0000,Total Nacional,Ecuador,Seguridad interna,Seguridad ciudadana,Denuncias de violaciones,Total,Total,25,No Aplica,"Es el acceso carnal, con introducción total o parcial del miembro viril, por vía oral, anal o vaginal; o la introducción, por vía vaginal o anal, de objetos, dedos u órganos distintos al miembro viril, a una persona de cualquier sexo.",2014,3,Fiscalía General del Estado - INEC,Denuncias,Paz,ODS 16
4006,08,Esmeraldas,0000,Total Nacional,Ecuador,Seguridad interna,Seguridad ciudadana,Denuncias de violaciones,Total,Total,19,No Aplica,"Es el acceso carnal, con introducción total o parcial del miembro viril, por vía oral, anal o vaginal; o la introducción, por vía vaginal o anal, de objetos, dedos u órganos distintos al miembro viril, a una persona de cualquier sexo.",2014,3,Fiscalía General del Estado - INEC,Denuncias,Paz,ODS 16
4006,09,Guayas,0000,Total Nacional,Ecuador,Seguridad interna,Seguridad ciudadana,Denuncias de violaciones,Total,Total,89,No Aplica,"Es el acceso carnal, con introducción total o parcial del miembro viril, por vía oral, anal o vaginal; o la introducción, por vía vaginal o anal, de objetos, dedos u órganos distintos al miembro viril, a una persona de cualquier sexo.",2014,3,Fiscalía General del Estado - INEC,Denuncias,Paz,ODS 16
4006,10,Imbabura,0000,Total Nacional,Ecuador,Seguridad interna,Seguridad ciudadana,Denuncias de violaciones,Total,Total,11,No Aplica,"Es el acceso carnal, con introducción total o parcial del miembro viril, por vía oral, anal o vaginal; o la introducción, por vía vaginal o anal, de objetos, dedos u órganos distintos al miembro viril, a una persona de cualquier sexo.",2014,3,Fiscalía General del Estado - INEC,Denuncias,Paz,ODS 16
4006,11,Loja,0000,Total Nacional,Ecuador,Seguridad interna,Seguridad ciudadana,Denuncias de violaciones,Total,Total,15,No Aplica,"Es el acceso carnal, con introducción total o parcial del miembro viril, por vía oral, anal o vaginal; o la introducción, por vía vaginal o anal, de objetos, dedos u órganos distintos al miembro viril, a una persona de cualquier sexo.",2014,3,Fiscalía General del Estado - INEC,Denuncias,Paz,ODS 16
4006,12,Los Ríos,0000,Total Nacional,Ecuador,Seguridad interna,Seguridad ciudadana,Denuncias de violaciones,Total,Total,16,No Aplica,"Es el acceso carnal, con introducción total o parcial del miembro viril, por vía oral, anal o vaginal; o la introducción, por vía vaginal o anal, de objetos, dedos u órganos distintos al miembro viril, a una persona de cualquier sexo.",2014,3,Fiscalía General del Estado - INEC,Denuncias,Paz,ODS 16
4006,13,Manabí,0000,Total Nacional,Ecuador,Seguridad interna,Seguridad ciudadana,Denuncias de violaciones,Total,Total,33,No Aplica,"Es el acceso carnal, con introducción total o parcial del miembro viril, por vía oral, anal o vaginal; o la introducción, por vía vaginal o anal, de objetos, dedos u órganos distintos al miembro viril, a una persona de cualquier sexo.",2014,3,Fiscalía General del Estado - INEC,Denuncias,Paz,ODS 16
4006,14,Morona Santiago,0000,Total Nacional,Ecuador,Seguridad interna,Seguridad ciudadana,Denuncias de violaciones,Total,Total,8,No Aplica,"Es el acceso carnal, con introducción total o parcial del miembro viril, por vía oral, anal o vaginal; o la introducción, por vía vaginal o anal, de objetos, dedos u órganos distintos al miembro viril, a una persona de cualquier sexo.",2014,3,Fiscalía General del Estado - INEC,Denuncias,Paz,ODS 16
4006,15,Napo,0000,Total Nacional,Ecuador,Seguridad interna,Seguridad ciudadana,Denuncias de violaciones,Total,Total,6,No Aplica,"Es el acceso carnal, con introducción total o parcial del miembro viril, por vía oral, anal o vaginal; o la introducción, por vía vaginal o anal, de objetos, dedos u órganos distintos al miembro viril, a una persona de cualquier sexo.",2014,3,Fiscalía General del Estado - INEC,Denuncias,Paz,ODS 16
4006,16,Pastaza,0000,Total Nacional,Ecuador,Seguridad interna,Seguridad ciudadana,Denuncias de violaciones,Total,Total,3,No Aplica,"Es el acceso carnal, con introducción total o parcial del miembro viril, por vía oral, anal o vaginal; o la introducción, por vía vaginal o anal, de objetos, dedos u órganos distintos al miembro viril, a una persona de cualquier sexo.",2014,3,Fiscalía General del Estado - INEC,Denuncias,Paz,ODS 16
4006,17,Pichincha,0000,Total Nacional,Ecuador,Seguridad interna,Seguridad ciudadana,Denuncias de violaciones,Total,Total,141,No Aplica,"Es el acceso carnal, con introducción total o parcial del miembro viril, por vía oral, anal o vaginal; o la introducción, por vía vaginal o anal, de objetos, dedos u órganos distintos al miembro viril, a una persona de cualquier sexo.",2014,3,Fiscalía General del Estado - INEC,Denuncias,Paz,ODS 16
4006,18,Tungurahua,0000,Total Nacional,Ecuador,Seguridad interna,Seguridad ciudadana,Denuncias de violaciones,Total,Total,13,No Aplica,"Es el acceso carnal, con introducción total o parcial del miembro viril, por vía oral, anal o vaginal; o la introducción, por vía vaginal o anal, de objetos, dedos u órganos distintos al miembro viril, a una persona de cualquier sexo.",2014,3,Fiscalía General del Estado - INEC,Denuncias,Paz,ODS 16
4006,19,Zamora Chinchipe,0000,Total Nacional,Ecuador,Seguridad interna,Seguridad ciudadana,Denuncias de violaciones,Total,Total,3,No Aplica,"Es el acceso carnal, con introducción total o parcial del miembro viril, por vía oral, anal o vaginal; o la introducción, por vía vaginal o anal, de objetos, dedos u órganos distintos al miembro viril, a una persona de cualquier sexo.",2014,3,Fiscalía General del Estado - INEC,Denuncias,Paz,ODS 16
4006,20,Galápagos,0000,Total Nacional,Ecuador,Seguridad interna,Seguridad ciudadana,Denuncias de violaciones,Total,Total,1,No Aplica,"Es el acceso carnal, con introducción total o parcial del miembro viril, por vía oral, anal o vaginal; o la introducción, por vía vaginal o anal, de objetos, dedos u órganos distintos al miembro viril, a una persona de cualquier sexo.",2014,3,Fiscalía General del Estado - INEC,Denuncias,Paz,ODS 16
4006,21,Sucumbios,0000,Total Nacional,Ecuador,Seguridad interna,Seguridad ciudadana,Denuncias de violaciones,Total,Total,12,No Aplica,"Es el acceso carnal, con introducción total o parcial del miembro viril, por vía oral, anal o vaginal; o la introducción, por vía vaginal o anal, de objetos, dedos u órganos distintos al miembro viril, a una persona de cualquier sexo.",2014,3,Fiscalía General del Estado - INEC,Denuncias,Paz,ODS 16
4006,22,Orellana,0000,Total Nacional,Ecuador,Seguridad interna,Seguridad ciudadana,Denuncias de violaciones,Total,Total,7,No Aplica,"Es el acceso carnal, con introducción total o parcial del miembro viril, por vía oral, anal o vaginal; o la introducción, por vía vaginal o anal, de objetos, dedos u órganos distintos al miembro viril, a una persona de cualquier sexo.",2014,3,Fiscalía General del Estado - INEC,Denuncias,Paz,ODS 16
4006,23,Santo Domingo de los Tsáchilas,0000,Total Nacional,Ecuador,Seguridad interna,Seguridad ciudadana,Denuncias de violaciones,Total,Total,18,No Aplica,"Es el acceso carnal, con introducción total o parcial del miembro viril, por vía oral, anal o vaginal; o la introducción, por vía vaginal o anal, de objetos, dedos u órganos distintos al miembro viril, a una persona de cualquier sexo.",2014,3,Fiscalía General del Estado - INEC,Denuncias,Paz,ODS 16
4006,24,Santa Elena,0000,Total Nacional,Ecuador,Seguridad interna,Seguridad ciudadana,Denuncias de violaciones,Total,Total,14,No Aplica,"Es el acceso carnal, con introducción total o parcial del miembro viril, por vía oral, anal o vaginal; o la introducción, por vía vaginal o anal, de objetos, dedos u órganos distintos al miembro viril, a una persona de cualquier sexo.",2014,3,Fiscalía General del Estado - INEC,Denuncias,Paz,ODS 16
4006,00,Total Nacional,0000,Total Nacional,Ecuador,Seguridad interna,Seguridad ciudadana,Denuncias de violaciones,Total,Total,470,No Aplica,"Es el acceso carnal, con introducción total o parcial del miembro viril, por vía oral, anal o vaginal; o la introducción, por vía vaginal o anal, de objetos, dedos u órganos distintos al miembro viril, a una persona de cualquier sexo.",2014,2,Fiscalía General del Estado - INEC,Denuncias,Paz,ODS 16
4006,01,Azuay,0000,Total Nacional,Ecuador,Seguridad interna,Seguridad ciudadana,Denuncias de violaciones,Total,Total,26,No Aplica,"Es el acceso carnal, con introducción total o parcial del miembro viril, por vía oral, anal o vaginal; o la introducción, por vía vaginal o anal, de objetos, dedos u órganos distintos al miembro viril, a una persona de cualquier sexo.",2014,2,Fiscalía General del Estado - INEC,Denuncias,Paz,ODS 16
4006,02,Bolívar,0000,Total Nacional,Ecuador,Seguridad interna,Seguridad ciudadana,Denuncias de violaciones,Total,Total,7,No Aplica,"Es el acceso carnal, con introducción total o parcial del miembro viril, por vía oral, anal o vaginal; o la introducción, por vía vaginal o anal, de objetos, dedos u órganos distintos al miembro viril, a una persona de cualquier sexo.",2014,2,Fiscalía General del Estado - INEC,Denuncias,Paz,ODS 16
4006,03,Cañar,0000,Total Nacional,Ecuador,Seguridad interna,Seguridad ciudadana,Denuncias de violaciones,Total,Total,5,No Aplica,"Es el acceso carnal, con introducción total o parcial del miembro viril, por vía oral, anal o vaginal; o la introducción, por vía vaginal o anal, de objetos, dedos u órganos distintos al miembro viril, a una persona de cualquier sexo.",2014,2,Fiscalía General del Estado - INEC,Denuncias,Paz,ODS 16
4006,04,Carchi,0000,Total Nacional,Ecuador,Seguridad interna,Seguridad ciudadana,Denuncias de violaciones,Total,Total,7,No Aplica,"Es el acceso carnal, con introducción total o parcial del miembro viril, por vía oral, anal o vaginal; o la introducción, por vía vaginal o anal, de objetos, dedos u órganos distintos al miembro viril, a una persona de cualquier sexo.",2014,2,Fiscalía General del Estado - INEC,Denuncias,Paz,ODS 16
4006,05,Cotopaxi,0000,Total Nacional,Ecuador,Seguridad interna,Seguridad ciudadana,Denuncias de violaciones,Total,Total,7,No Aplica,"Es el acceso carnal, con introducción total o parcial del miembro viril, por vía oral, anal o vaginal; o la introducción, por vía vaginal o anal, de objetos, dedos u órganos distintos al miembro viril, a una persona de cualquier sexo.",2014,2,Fiscalía General del Estado - INEC,Denuncias,Paz,ODS 16
4006,06,Chimborazo,0000,Total Nacional,Ecuador,Seguridad interna,Seguridad ciudadana,Denuncias de violaciones,Total,Total,8,No Aplica,"Es el acceso carnal, con introducción total o parcial del miembro viril, por vía oral, anal o vaginal; o la introducción, por vía vaginal o anal, de objetos, dedos u órganos distintos al miembro viril, a una persona de cualquier sexo.",2014,2,Fiscalía General del Estado - INEC,Denuncias,Paz,ODS 16
4006,07,El Oro,0000,Total Nacional,Ecuador,Seguridad interna,Seguridad ciudadana,Denuncias de violaciones,Total,Total,24,No Aplica,"Es el acceso carnal, con introducción total o parcial del miembro viril, por vía oral, anal o vaginal; o la introducción, por vía vaginal o anal, de objetos, dedos u órganos distintos al miembro viril, a una persona de cualquier sexo.",2014,2,Fiscalía General del Estado - INEC,Denuncias,Paz,ODS 16
4006,08,Esmeraldas,0000,Total Nacional,Ecuador,Seguridad interna,Seguridad ciudadana,Denuncias de violaciones,Total,Total,19,No Aplica,"Es el acceso carnal, con introducción total o parcial del miembro viril, por vía oral, anal o vaginal; o la introducción, por vía vaginal o anal, de objetos, dedos u órganos distintos al miembro viril, a una persona de cualquier sexo.",2014,2,Fiscalía General del Estado - INEC,Denuncias,Paz,ODS 16
4006,09,Guayas,0000,Total Nacional,Ecuador,Seguridad interna,Seguridad ciudadana,Denuncias de violaciones,Total,Total,97,No Aplica,"Es el acceso carnal, con introducción total o parcial del miembro viril, por vía oral, anal o vaginal; o la introducción, por vía vaginal o anal, de objetos, dedos u órganos distintos al miembro viril, a una persona de cualquier sexo.",2014,2,Fiscalía General del Estado - INEC,Denuncias,Paz,ODS 16
4006,10,Imbabura,0000,Total Nacional,Ecuador,Seguridad interna,Seguridad ciudadana,Denuncias de violaciones,Total,Total,12,No Aplica,"Es el acceso carnal, con introducción total o parcial del miembro viril, por vía oral, anal o vaginal; o la introducción, por vía vaginal o anal, de objetos, dedos u órganos distintos al miembro viril, a una persona de cualquier sexo.",2014,2,Fiscalía General del Estado - INEC,Denuncias,Paz,ODS 16
4006,11,Loja,0000,Total Nacional,Ecuador,Seguridad interna,Seguridad ciudadana,Denuncias de violaciones,Total,Total,12,No Aplica,"Es el acceso carnal, con introducción total o parcial del miembro viril, por vía oral, anal o vaginal; o la introducción, por vía vaginal o anal, de objetos, dedos u órganos distintos al miembro viril, a una persona de cualquier sexo.",2014,2,Fiscalía General del Estado - INEC,Denuncias,Paz,ODS 16
4006,12,Los Ríos,0000,Total Nacional,Ecuador,Seguridad interna,Seguridad ciudadana,Denuncias de violaciones,Total,Total,27,No Aplica,"Es el acceso carnal, con introducción total o parcial del miembro viril, por vía oral, anal o vaginal; o la introducción, por vía vaginal o anal, de objetos, dedos u órganos distintos al miembro viril, a una persona de cualquier sexo.",2014,2,Fiscalía General del Estado - INEC,Denuncias,Paz,ODS 16
4006,13,Manabí,0000,Total Nacional,Ecuador,Seguridad interna,Seguridad ciudadana,Denuncias de violaciones,Total,Total,36,No Aplica,"Es el acceso carnal, con introducción total o parcial del miembro viril, por vía oral, anal o vaginal; o la introducción, por vía vaginal o anal, de objetos, dedos u órganos distintos al miembro viril, a una persona de cualquier sexo.",2014,2,Fiscalía General del Estado - INEC,Denuncias,Paz,ODS 16
4006,14,Morona Santiago,0000,Total Nacional,Ecuador,Seguridad interna,Seguridad ciudadana,Denuncias de violaciones,Total,Total,4,No Aplica,"Es el acceso carnal, con introducción total o parcial del miembro viril, por vía oral, anal o vaginal; o la introducción, por vía vaginal o anal, de objetos, dedos u órganos distintos al miembro viril, a una persona de cualquier sexo.",2014,2,Fiscalía General del Estado - INEC,Denuncias,Paz,ODS 16
4006,15,Napo,0000,Total Nacional,Ecuador,Seguridad interna,Seguridad ciudadana,Denuncias de violaciones,Total,Total,9,No Aplica,"Es el acceso carnal, con introducción total o parcial del miembro viril, por vía oral, anal o vaginal; o la introducción, por vía vaginal o anal, de objetos, dedos u órganos distintos al miembro viril, a una persona de cualquier sexo.",2014,2,Fiscalía General del Estado - INEC,Denuncias,Paz,ODS 16
4006,16,Pastaza,0000,Total Nacional,Ecuador,Seguridad interna,Seguridad ciudadana,Denuncias de violaciones,Total,Total,7,No Aplica,"Es el acceso carnal, con introducción total o parcial del miembro viril, por vía oral, anal o vaginal; o la introducción, por vía vaginal o anal, de objetos, dedos u órganos distintos al miembro viril, a una persona de cualquier sexo.",2014,2,Fiscalía General del Estado - INEC,Denuncias,Paz,ODS 16
4006,17,Pichincha,0000,Total Nacional,Ecuador,Seguridad interna,Seguridad ciudadana,Denuncias de violaciones,Total,Total,124,No Aplica,"Es el acceso carnal, con introducción total o parcial del miembro viril, por vía oral, anal o vaginal; o la introducción, por vía vaginal o anal, de objetos, dedos u órganos distintos al miembro viril, a una persona de cualquier sexo.",2014,2,Fiscalía General del Estado - INEC,Denuncias,Paz,ODS 16
4006,18,Tungurahua,0000,Total Nacional,Ecuador,Seguridad interna,Seguridad ciudadana,Denuncias de violaciones,Total,Total,6,No Aplica,"Es el acceso carnal, con introducción total o parcial del miembro viril, por vía oral, anal o vaginal; o la introducción, por vía vaginal o anal, de objetos, dedos u órganos distintos al miembro viril, a una persona de cualquier sexo.",2014,2,Fiscalía General del Estado - INEC,Denuncias,Paz,ODS 16
4006,19,Zamora Chinchipe,0000,Total Nacional,Ecuador,Seguridad interna,Seguridad ciudadana,Denuncias de violaciones,Total,Total,3,No Aplica,"Es el acceso carnal, con introducción total o parcial del miembro viril, por vía oral, anal o vaginal; o la introducción, por vía vaginal o anal, de objetos, dedos u órganos distintos al miembro viril, a una persona de cualquier sexo.",2014,2,Fiscalía General del Estado - INEC,Denuncias,Paz,ODS 16
4006,20,Galápagos,0000,Total Nacional,Ecuador,Seguridad interna,Seguridad ciudadana,Denuncias de violaciones,Total,Total,0,No Aplica,"Es el acceso carnal, con introducción total o parcial del miembro viril, por vía oral, anal o vaginal; o la introducción, por vía vaginal o anal, de objetos, dedos u órganos distintos al miembro viril, a una persona de cualquier sexo.",2014,2,Fiscalía General del Estado - INEC,Denuncias,Paz,ODS 16
4006,21,Sucumbios,0000,Total Nacional,Ecuador,Seguridad interna,Seguridad ciudadana,Denuncias de violaciones,Total,Total,6,No Aplica,"Es el acceso carnal, con introducción total o parcial del miembro viril, por vía oral, anal o vaginal; o la introducción, por vía vaginal o anal, de objetos, dedos u órganos distintos al miembro viril, a una persona de cualquier sexo.",2014,2,Fiscalía General del Estado - INEC,Denuncias,Paz,ODS 16
4006,22,Orellana,0000,Total Nacional,Ecuador,Seguridad interna,Seguridad ciudadana,Denuncias de violaciones,Total,Total,3,No Aplica,"Es el acceso carnal, con introducción total o parcial del miembro viril, por vía oral, anal o vaginal; o la introducción, por vía vaginal o anal, de objetos, dedos u órganos distintos al miembro viril, a una persona de cualquier sexo.",2014,2,Fiscalía General del Estado - INEC,Denuncias,Paz,ODS 16
4006,23,Santo Domingo de los Tsáchilas,0000,Total Nacional,Ecuador,Seguridad interna,Seguridad ciudadana,Denuncias de violaciones,Total,Total,20,No Aplica,"Es el acceso carnal, con introducción total o parcial del miembro viril, por vía oral, anal o vaginal; o la introducción, por vía vaginal o anal, de objetos, dedos u órganos distintos al miembro viril, a una persona de cualquier sexo.",2014,2,Fiscalía General del Estado - INEC,Denuncias,Paz,ODS 16
4006,24,Santa Elena,0000,Total Nacional,Ecuador,Seguridad interna,Seguridad ciudadana,Denuncias de violaciones,Total,Total,1,No Aplica,"Es el acceso carnal, con introducción total o parcial del miembro viril, por vía oral, anal o vaginal; o la introducción, por vía vaginal o anal, de objetos, dedos u órganos distintos al miembro viril, a una persona de cualquier sexo.",2014,2,Fiscalía General del Estado - INEC,Denuncias,Paz,ODS 16
4006,00,Total Nacional,0000,Total Nacional,Ecuador,Seguridad interna,Seguridad ciudadana,Denuncias de violaciones,Total,Total,460,No Aplica,"Es el acceso carnal, con introducción total o parcial del miembro viril, por vía oral, anal o vaginal; o la introducción, por vía vaginal o anal, de objetos, dedos u órganos distintos al miembro viril, a una persona de cualquier sexo.",2014,1,Fiscalía General del Estado - INEC,Denuncias,Paz,ODS 16
4006,01,Azuay,0000,Total Nacional,Ecuador,Seguridad interna,Seguridad ciudadana,Denuncias de violaciones,Total,Total,35,No Aplica,"Es el acceso carnal, con introducción total o parcial del miembro viril, por vía oral, anal o vaginal; o la introducción, por vía vaginal o anal, de objetos, dedos u órganos distintos al miembro viril, a una persona de cualquier sexo.",2014,1,Fiscalía General del Estado - INEC,Denuncias,Paz,ODS 16
4006,02,Bolívar,0000,Total Nacional,Ecuador,Seguridad interna,Seguridad ciudadana,Denuncias de violaciones,Total,Total,6,No Aplica,"Es el acceso carnal, con introducción total o parcial del miembro viril, por vía oral, anal o vaginal; o la introducción, por vía vaginal o anal, de objetos, dedos u órganos distintos al miembro viril, a una persona de cualquier sexo.",2014,1,Fiscalía General del Estado - INEC,Denuncias,Paz,ODS 16
4006,03,Cañar,0000,Total Nacional,Ecuador,Seguridad interna,Seguridad ciudadana,Denuncias de violaciones,Total,Total,6,No Aplica,"Es el acceso carnal, con introducción total o parcial del miembro viril, por vía oral, anal o vaginal; o la introducción, por vía vaginal o anal, de objetos, dedos u órganos distintos al miembro viril, a una persona de cualquier sexo.",2014,1,Fiscalía General del Estado - INEC,Denuncias,Paz,ODS 16
4006,04,Carchi,0000,Total Nacional,Ecuador,Seguridad interna,Seguridad ciudadana,Denuncias de violaciones,Total,Total,4,No Aplica,"Es el acceso carnal, con introducción total o parcial del miembro viril, por vía oral, anal o vaginal; o la introducción, por vía vaginal o anal, de objetos, dedos u órganos distintos al miembro viril, a una persona de cualquier sexo.",2014,1,Fiscalía General del Estado - INEC,Denuncias,Paz,ODS 16
4006,05,Cotopaxi,0000,Total Nacional,Ecuador,Seguridad interna,Seguridad ciudadana,Denuncias de violaciones,Total,Total,17,No Aplica,"Es el acceso carnal, con introducción total o parcial del miembro viril, por vía oral, anal o vaginal; o la introducción, por vía vaginal o anal, de objetos, dedos u órganos distintos al miembro viril, a una persona de cualquier sexo.",2014,1,Fiscalía General del Estado - INEC,Denuncias,Paz,ODS 16
4006,06,Chimborazo,0000,Total Nacional,Ecuador,Seguridad interna,Seguridad ciudadana,Denuncias de violaciones,Total,Total,8,No Aplica,"Es el acceso carnal, con introducción total o parcial del miembro viril, por vía oral, anal o vaginal; o la introducción, por vía vaginal o anal, de objetos, dedos u órganos distintos al miembro viril, a una persona de cualquier sexo.",2014,1,Fiscalía General del Estado - INEC,Denuncias,Paz,ODS 16
4006,07,El Oro,0000,Total Nacional,Ecuador,Seguridad interna,Seguridad ciudadana,Denuncias de violaciones,Total,Total,37,No Aplica,"Es el acceso carnal, con introducción total o parcial del miembro viril, por vía oral, anal o vaginal; o la introducción, por vía vaginal o anal, de objetos, dedos u órganos distintos al miembro viril, a una persona de cualquier sexo.",2014,1,Fiscalía General del Estado - INEC,Denuncias,Paz,ODS 16
4006,08,Esmeraldas,0000,Total Nacional,Ecuador,Seguridad interna,Seguridad ciudadana,Denuncias de violaciones,Total,Total,19,No Aplica,"Es el acceso carnal, con introducción total o parcial del miembro viril, por vía oral, anal o vaginal; o la introducción, por vía vaginal o anal, de objetos, dedos u órganos distintos al miembro viril, a una persona de cualquier sexo.",2014,1,Fiscalía General del Estado - INEC,Denuncias,Paz,ODS 16
4006,09,Guayas,0000,Total Nacional,Ecuador,Seguridad interna,Seguridad ciudadana,Denuncias de violaciones,Total,Total,120,No Aplica,"Es el acceso carnal, con introducción total o parcial del miembro viril, por vía oral, anal o vaginal; o la introducción, por vía vaginal o anal, de objetos, dedos u órganos distintos al miembro viril, a una persona de cualquier sexo.",2014,1,Fiscalía General del Estado - INEC,Denuncias,Paz,ODS 16
4006,10,Imbabura,0000,Total Nacional,Ecuador,Seguridad interna,Seguridad ciudadana,Denuncias de violaciones,Total,Total,11,No Aplica,"Es el acceso carnal, con introducción total o parcial del miembro viril, por vía oral, anal o vaginal; o la introducción, por vía vaginal o anal, de objetos, dedos u órganos distintos al miembro viril, a una persona de cualquier sexo.",2014,1,Fiscalía General del Estado - INEC,Denuncias,Paz,ODS 16
4006,11,Loja,0000,Total Nacional,Ecuador,Seguridad interna,Seguridad ciudadana,Denuncias de violaciones,Total,Total,13,No Aplica,"Es el acceso carnal, con introducción total o parcial del miembro viril, por vía oral, anal o vaginal; o la introducción, por vía vaginal o anal, de objetos, dedos u órganos distintos al miembro viril, a una persona de cualquier sexo.",2014,1,Fiscalía General del Estado - INEC,Denuncias,Paz,ODS 16
4006,12,Los Ríos,0000,Total Nacional,Ecuador,Seguridad interna,Seguridad ciudadana,Denuncias de violaciones,Total,Total,22,No Aplica,"Es el acceso carnal, con introducción total o parcial del miembro viril, por vía oral, anal o vaginal; o la introducción, por vía vaginal o anal, de objetos, dedos u órganos distintos al miembro viril, a una persona de cualquier sexo.",2014,1,Fiscalía General del Estado - INEC,Denuncias,Paz,ODS 16
4006,13,Manabí,0000,Total Nacional,Ecuador,Seguridad interna,Seguridad ciudadana,Denuncias de violaciones,Total,Total,28,No Aplica,"Es el acceso carnal, con introducción total o parcial del miembro viril, por vía oral, anal o vaginal; o la introducción, por vía vaginal o anal, de objetos, dedos u órganos distintos al miembro viril, a una persona de cualquier sexo.",2014,1,Fiscalía General del Estado - INEC,Denuncias,Paz,ODS 16
4006,14,Morona Santiago,0000,Total Nacional,Ecuador,Seguridad interna,Seguridad ciudadana,Denuncias de violaciones,Total,Total,8,No Aplica,"Es el acceso carnal, con introducción total o parcial del miembro viril, por vía oral, anal o vaginal; o la introducción, por vía vaginal o anal, de objetos, dedos u órganos distintos al miembro viril, a una persona de cualquier sexo.",2014,1,Fiscalía General del Estado - INEC,Denuncias,Paz,ODS 16
4006,15,Napo,0000,Total Nacional,Ecuador,Seguridad interna,Seguridad ciudadana,Denuncias de violaciones,Total,Total,9,No Aplica,"Es el acceso carnal, con introducción total o parcial del miembro viril, por vía oral, anal o vaginal; o la introducción, por vía vaginal o anal, de objetos, dedos u órganos distintos al miembro viril, a una persona de cualquier sexo.",2014,1,Fiscalía General del Estado - INEC,Denuncias,Paz,ODS 16
4006,16,Pastaza,0000,Total Nacional,Ecuador,Seguridad interna,Seguridad ciudadana,Denuncias de violaciones,Total,Total,4,No Aplica,"Es el acceso carnal, con introducción total o parcial del miembro viril, por vía oral, anal o vaginal; o la introducción, por vía vaginal o anal, de objetos, dedos u órganos distintos al miembro viril, a una persona de cualquier sexo.",2014,1,Fiscalía General del Estado - INEC,Denuncias,Paz,ODS 16
4006,17,Pichincha,0000,Total Nacional,Ecuador,Seguridad interna,Seguridad ciudadana,Denuncias de violaciones,Total,Total,58,No Aplica,"Es el acceso carnal, con introducción total o parcial del miembro viril, por vía oral, anal o vaginal; o la introducción, por vía vaginal o anal, de objetos, dedos u órganos distintos al miembro viril, a una persona de cualquier sexo.",2014,1,Fiscalía General del Estado - INEC,Denuncias,Paz,ODS 16
4006,18,Tungurahua,0000,Total Nacional,Ecuador,Seguridad interna,Seguridad ciudadana,Denuncias de violaciones,Total,Total,14,No Aplica,"Es el acceso carnal, con introducción total o parcial del miembro viril, por vía oral, anal o vaginal; o la introducción, por vía vaginal o anal, de objetos, dedos u órganos distintos al miembro viril, a una persona de cualquier sexo.",2014,1,Fiscalía General del Estado - INEC,Denuncias,Paz,ODS 16
4006,19,Zamora Chinchipe,0000,Total Nacional,Ecuador,Seguridad interna,Seguridad ciudadana,Denuncias de violaciones,Total,Total,2,No Aplica,"Es el acceso carnal, con introducción total o parcial del miembro viril, por vía oral, anal o vaginal; o la introducción, por vía vaginal o anal, de objetos, dedos u órganos distintos al miembro viril, a una persona de cualquier sexo.",2014,1,Fiscalía General del Estado - INEC,Denuncias,Paz,ODS 16
4006,20,Galápagos,0000,Total Nacional,Ecuador,Seguridad interna,Seguridad ciudadana,Denuncias de violaciones,Total,Total,0,No Aplica,"Es el acceso carnal, con introducción total o parcial del miembro viril, por vía oral, anal o vaginal; o la introducción, por vía vaginal o anal, de objetos, dedos u órganos distintos al miembro viril, a una persona de cualquier sexo.",2014,1,Fiscalía General del Estado - INEC,Denuncias,Paz,ODS 16
4006,21,Sucumbios,0000,Total Nacional,Ecuador,Seguridad interna,Seguridad ciudadana,Denuncias de violaciones,Total,Total,10,No Aplica,"Es el acceso carnal, con introducción total o parcial del miembro viril, por vía oral, anal o vaginal; o la introducción, por vía vaginal o anal, de objetos, dedos u órganos distintos al miembro viril, a una persona de cualquier sexo.",2014,1,Fiscalía General del Estado - INEC,Denuncias,Paz,ODS 16
4006,22,Orellana,0000,Total Nacional,Ecuador,Seguridad interna,Seguridad ciudadana,Denuncias de violaciones,Total,Total,7,No Aplica,"Es el acceso carnal, con introducción total o parcial del miembro viril, por vía oral, anal o vaginal; o la introducción, por vía vaginal o anal, de objetos, dedos u órganos distintos al miembro viril, a una persona de cualquier sexo.",2014,1,Fiscalía General del Estado - INEC,Denuncias,Paz,ODS 16
4006,23,Santo Domingo de los Tsáchilas,0000,Total Nacional,Ecuador,Seguridad interna,Seguridad ciudadana,Denuncias de violaciones,Total,Total,16,No Aplica,"Es el acceso carnal, con introducción total o parcial del miembro viril, por vía oral, anal o vaginal; o la introducción, por vía vaginal o anal, de objetos, dedos u órganos distintos al miembro viril, a una persona de cualquier sexo.",2014,1,Fiscalía General del Estado - INEC,Denuncias,Paz,ODS 16
4006,24,Santa Elena,0000,Total Nacional,Ecuador,Seguridad interna,Seguridad ciudadana,Denuncias de violaciones,Total,Total,6,No Aplica,"Es el acceso carnal, con introducción total o parcial del miembro viril, por vía oral, anal o vaginal; o la introducción, por vía vaginal o anal, de objetos, dedos u órganos distintos al miembro viril, a una persona de cualquier sexo.",2014,1,Fiscalía General del Estado - INEC,Denuncias,Paz,ODS 16
